   0.0273347940
   0.0285184279
   0.0215038063
   0.0309774218
   0.0090127581
   0.0087683783
   0.0113726009
   0.0096052930
   0.0247053029
   0.0139812746
   0.0288442863
   0.0184933495
   0.0114332504
  -0.0091839470
  -0.0214133098
  -0.0172952732
  -0.0332651579
  -0.0203020228
  -0.0322792092
  -0.0330144811
  -0.0047079699
  -0.0347244312
  -0.0183951763
  -0.0097167338
  -0.0256641296
  -0.0167013049
  -0.0126559514
   0.0041977749
   0.0055024152
   0.0188810349
   0.0027398859
   0.0097803783
  -0.0022321283
   0.0018937546
   0.0023948204
   0.0166437065
   0.0054704290
   0.0076445301
   0.0090808384
   0.0014495206
   0.0053176024
  -0.0014722766
  -0.0046613890
   0.0148572408
   0.0048479628
  -0.0024794442
   0.0074811538
  -0.0250901652
  -0.0290102846
  -0.0401754148
  -0.0339655553
  -0.0423474259
  -0.0465458102
  -0.0387336649
  -0.0414529503
  -0.0473491071
  -0.0462111262
  -0.0406149406
  -0.0457231049
  -0.0401097746
  -0.0229654531
  -0.0376231868
  -0.0325158745
  -0.0205703804
   0.0012240522
  -0.0005952329
   0.0132143206
   0.0008859292
   0.0032791752
   0.0197039715
   0.0037286996
   0.0056506368
   0.0165780084
  -0.0035316953
   0.0196860454
  -0.0007172246
   0.0095734644
  -0.0291402558
  -0.0378754749
  -0.0465871514
  -0.0368449059
  -0.0513776231
  -0.0537449669
  -0.0496261542
  -0.0448548594
  -0.0541954992
  -0.0553009949
  -0.0528318995
  -0.0399748054
  -0.0497710652
  -0.0525902722
  -0.0477120420
  -0.0345868598
  -0.0433966838
  -0.0304490279
  -0.0222173336
   0.0040266246
   0.0032652919
   0.0134251090
   0.0029449834
   0.0026491616
   0.0047247834
   0.0096170150
   0.0003669166
   0.0094642839
   0.0119608043
   0.0029812401
   0.0035207205
  -0.0022170270
  -0.0017354332
   0.0041915978
   0.0056129199
   0.0035828792
  -0.0378040989
   0.0028667885
  -0.0009014609
  -0.0029601867
   0.0296242650
   0.0353349840
   0.0315790634
   0.0303213532
   0.0496567753
   0.0366854912
   0.0320621754
   0.0300939261
   0.0375173929
   0.0307095998
   0.0375896071
   0.0222113782
   0.0028637973
   0.0274079073
   0.0205685734
   0.0096328999
  -0.0082833657
  -0.0026521022
   0.0233085992
   0.0175534363
   0.0120249767
   0.0179932287
   0.0246612098
   0.0200832693
   0.0183630994
   0.0222487096
   0.0150800486
   0.0072971830
   0.0165003914
   0.0226896226
   0.0258189481
   0.0198243402
   0.0069564181
  -0.0188772700
   0.0050111173
   0.0365475054
   0.0255946027
   0.0440322871
   0.0252039681
   0.0360205562
   0.0441866878
   0.0260263311
   0.0365762213
   0.0371493765
   0.0272772244
  -0.0097339340
   0.0021773174
   0.0103028497
   0.0048203744
  -0.0170430909
   0.0101932903
   0.0046869978
  -0.0190667174
   0.0012780016
   0.0056885117
   0.0055505191
   0.0024401168
  -0.0032552362
   0.0063518317
   0.0070999043
  -0.0148846362
   0.0022303330
   0.0083146125
   0.0081563185
  -0.0238096853
   0.0009634670
  -0.0248088989
  -0.0003498424
  -0.0258995570
  -0.0096744157
   0.0033994503
   0.0085994892
   0.0052320587
   0.0041501231
   0.0010706585
   0.0073398215
   0.0067009494
   0.0065093345
   0.0026681397
   0.0008669337
   0.0022264230
   0.0026498590
  -0.0041470849
   0.0009130596
   0.0031188976
   0.0033563677
  -0.0027093282
  -0.0187335993
  -0.0066476627
  -0.0378386399
   0.0043599039
  -0.0055913870
  -0.0330139867
   0.0022332736
   0.0034124544
  -0.0019493082
  -0.0188122055
   0.0009372276
   0.0018161761
   0.0026270986
  -0.0050471472
   0.0014896647
   0.0023006486
  -0.0211015073
  -0.0041571618
  -0.0228952956
  -0.0013823244
   0.0043586934
  -0.0265720973
  -0.0023857541
   0.0036612821
  -0.0068286808
   0.0224111985
   0.0246992057
   0.0320846419
   0.0233187841
   0.0177061746
   0.0238074489
   0.0252547972
   0.0086446742
   0.0075277755
   0.0108880608
   0.0074607737
   0.0188561462
   0.0102422016
   0.0334358295
   0.0141232163
   0.0220127713
   0.0134823162
   0.0090704302
  -0.0053912340
  -0.0132498075
  -0.0103119408
  -0.0210187937
  -0.0129029690
  -0.0233622470
  -0.0192895846
   0.0025358640
  -0.0240210493
  -0.0189626224
  -0.0151280308
  -0.0222777792
  -0.0114104722
  -0.0073070181
  -0.0162360011
  -0.0100526377
  -0.0075508825
   0.0026700126
   0.0028806832
   0.0107736339
   0.0006675733
   0.0056717918
  -0.0034321557
   0.0006647587
   0.0027903917
   0.0096234499
   0.0037431281
   0.0054841555
   0.0053876725
   0.0024502767
   0.0015856955
  -0.0019165724
  -0.0056834605
   0.0084748915
   0.0030233826
  -0.0034369611
   0.0035995047
  -0.0179499414
  -0.0196844755
  -0.0289560798
  -0.0245124960
  -0.0305492717
  -0.0349016956
  -0.0287058284
  -0.0287749070
  -0.0360923559
  -0.0363243419
  -0.0277169193
  -0.0356035803
  -0.0362430299
  -0.0279409888
  -0.0338268681
  -0.0295692697
  -0.0137068736
  -0.0262533983
  -0.0230376491
  -0.0140681815
   0.0009846426
  -0.0025907297
   0.0078057595
  -0.0011334001
   0.0005966463
   0.0110441350
   0.0030739533
   0.0012863915
   0.0093509577
  -0.0045490018
  -0.0022787942
  -0.0126996608
   0.0045788914
  -0.0215191008
  -0.0273004339
  -0.0347130883
  -0.0267991956
  -0.0385915127
  -0.0416479891
  -0.0371043074
  -0.0403623912
  -0.0442098319
  -0.0435755080
  -0.0378050418
  -0.0396078513
  -0.0437426073
  -0.0430670683
  -0.0368886089
  -0.0369613234
  -0.0400825040
  -0.0343637630
  -0.0246581006
  -0.0315354969
  -0.0208936033
  -0.0160677886
   0.0032925026
   0.0016506444
   0.0076694821
  -0.0002163419
   0.0024026496
   0.0024154612
   0.0072961797
   0.0080998290
   0.0074233441
   0.0085655269
   0.0063221331
   0.0002989364
   0.0015822725
  -0.0033245579
   0.0010332770
   0.0026736308
   0.0018954668
   0.0021744978
  -0.0036745488
   0.0256959751
   0.0288699964
   0.0267057271
   0.0257061151
   0.0376392127
   0.0302757795
   0.0274706561
   0.0258066909
   0.0381708372
   0.0309711915
   0.0273012320
   0.0255847239
   0.0399489197
   0.0313246104
   0.0264855493
   0.0306302683
   0.0198479667
   0.0105885066
  -0.0047152947
   0.0224642163
   0.0174616143
   0.0101345373
  -0.0007082245
  -0.0057646210
   0.0193818445
   0.0150886099
   0.0100436260
   0.0118760991
   0.0170080997
   0.0208528344
   0.0162852762
   0.0143569873
   0.0179842138
   0.0129626581
   0.0059801644
   0.0091809664
   0.0152291797
   0.0189531154
   0.0210346330
   0.0163789416
   0.0077039333
  -0.0077227166
   0.0196823925
   0.0105162912
  -0.0068080308
   0.0296198030
   0.0220912824
   0.0363653749
   0.0214492634
   0.0296243893
   0.0392170189
   0.0156672939
   0.0260020292
   0.0325103650
   0.0365102779
   0.0083604505
   0.0224790776
   0.0302875905
   0.0301177374
   0.0234503919
  -0.0012073043
   0.0059420988
  -0.0000559570
   0.0079226404
   0.0043544704
  -0.0055506706
   0.0057624394
  -0.0006666856
   0.0041389219
  -0.0029396951
   0.0029522347
   0.0035237277
   0.0016934559
  -0.0046164435
  -0.0001051319
   0.0045415604
   0.0043972953
  -0.0207930868
  -0.0051140101
   0.0030942261
   0.0058548125
   0.0049100837
  -0.0099097235
   0.0014028857
   0.0065007585
  -0.0300983452
  -0.0087520547
   0.0014566341
   0.0067463691
  -0.0126972757
  -0.0023561893
   0.0039270381
   0.0061586519
   0.0032413478
   0.0028253749
  -0.0006499154
   0.0021666567
   0.0050959501
   0.0041241933
   0.0039011075
   0.0002911482
  -0.0004857547
   0.0000150692
   0.0009585990
  -0.0022968375
  -0.0046795113
  -0.0001543129
  -0.0001089782
   0.0014066825
  -0.0009653888
  -0.0083716731
  -0.0203885774
   0.0016627482
  -0.0040139955
  -0.0164691146
   0.0012907531
  -0.0033930605
  -0.0148993413
  -0.0007269135
   0.0012651074
  -0.0006830499
  -0.0082176667
  -0.0224017741
  -0.0004990261
  -0.0003604351
   0.0008234651
  -0.0025720789
  -0.0052124892
   0.0003766840
   0.0000871458
  -0.0168181476
  -0.0076013504
  -0.0239091397
  -0.0059924060
   0.0003953476
  -0.0120106158
  -0.0016979053
   0.0022019090
  -0.0077386669
  -0.0005363952
  -0.0105983183
   0.0187865156
   0.0208999706
   0.0250752856
   0.0233418089
   0.0194545682
   0.0205733349
   0.0157594040
   0.0074073909
  -0.0112466374
   0.0201486067
   0.0223789560
   0.0212380317
   0.0080046754
   0.0069405635
   0.0100779615
   0.0064379494
   0.0151921833
   0.0083156718
   0.0257328923
   0.0101755104
   0.0209338174
   0.0066404525
   0.0287865446
   0.0176499287
   0.0107582579
   0.0078337517
  -0.0028588695
  -0.0081887438
  -0.0058289765
  -0.0078509748
  -0.0133955909
  -0.0078682176
  -0.0153277516
  -0.0125809640
  -0.0165451860
  -0.0073485489
  -0.0161230482
  -0.0121556460
  -0.0105992220
  -0.0143958550
  -0.0067547680
  -0.0050233910
  -0.0102699545
  -0.0056555680
  -0.0041770132
   0.0021155272
   0.0025407045
   0.0067371202
   0.0002574016
   0.0037838578
  -0.0029293832
   0.0005257950
   0.0029013302
   0.0061278589
   0.0035754589
   0.0047525417
   0.0038055742
   0.0030619969
   0.0000018316
  -0.0016121486
  -0.0053321754
   0.0025828147
  -0.0076878967
  -0.0033238760
   0.0019292236
  -0.0131183433
  -0.0132472623
  -0.0220151739
  -0.0185355758
  -0.0217579174
  -0.0271550561
  -0.0244429542
  -0.0193156365
  -0.0275831703
  -0.0290973355
  -0.0180796086
  -0.0270122601
  -0.0289186885
  -0.0236688297
  -0.0187195410
  -0.0259116023
  -0.0245793039
  -0.0194389920
  -0.0173433613
  -0.0097253090
   0.0003566566
   0.0047163913
  -0.0006411861
   0.0067456140
   0.0020993679
  -0.0007486378
   0.0054182215
  -0.0045835200
  -0.0027813704
  -0.0091741019
   0.0020308112
  -0.0163749433
  -0.0206346318
  -0.0274424667
  -0.0203141213
  -0.0267287064
  -0.0332817443
  -0.0326619067
  -0.0247658396
  -0.0286187168
  -0.0350442377
  -0.0362454285
  -0.0336781274
  -0.0345731668
  -0.0358027850
  -0.0330353684
  -0.0253625962
  -0.0319326363
  -0.0308736199
  -0.0187267282
  -0.0246507289
  -0.0120233357
   0.0023155861
   0.0011032179
   0.0048139380
  -0.0009454457
   0.0018604963
   0.0014971677
   0.0007504041
  -0.0056583241
   0.0054166993
  -0.0130274048
  -0.0008191157
   0.0042770781
   0.0059832565
   0.0053452662
   0.0057184209
   0.0040821865
  -0.0004612742
   0.0007745489
  -0.0034287971
  -0.0004925083
   0.0005254478
   0.0003124701
   0.0008490812
  -0.0005725063
  -0.0061093277
  -0.0204363517
   0.0000250001
  -0.0037445337
   0.0228650355
   0.0256365970
   0.0234880877
   0.0320386314
   0.0263534457
   0.0240476858
   0.0225683246
   0.0326629123
   0.0269323326
   0.0239703827
   0.0224742888
   0.0338739555
   0.0272151759
   0.0234772818
   0.0272161017
   0.0096774436
  -0.0028924628
   0.0201746536
   0.0153235635
   0.0089469183
  -0.0004062940
  -0.0093164355
   0.0169118898
   0.0122587142
   0.0072206646
   0.0092530427
   0.0146070182
   0.0187267326
   0.0136476785
   0.0116207091
   0.0153494312
   0.0100925625
   0.0031438226
   0.0065586576
   0.0127257058
   0.0166078103
   0.0186451446
   0.0142263979
   0.0069599481
  -0.0057529092
   0.0097021374
  -0.0041400098
   0.0256938512
   0.0183671145
   0.0319730415
   0.0078315880
   0.0191604636
   0.0258523899
   0.0346134770
   0.0145843067
   0.0226990779
   0.0282953186
   0.0320212401
   0.0094292803
   0.0199731980
   0.0263516082
   0.0260813648
   0.0195561429
  -0.0019787860
   0.0033510991
  -0.0031302923
   0.0052494026
   0.0013384853
  -0.0090926615
   0.0030846071
  -0.0039984874
  -0.0037399452
   0.0012970971
   0.0022154867
   0.0004481940
  -0.0062281258
  -0.0019297807
   0.0027355962
   0.0029208324
  -0.0129135807
  -0.0022886171
   0.0028381175
   0.0043480814
  -0.0205066013
  -0.0049426869
   0.0022804314
  -0.0179592774
  -0.0045844660
   0.0022878056
  -0.0176834001
  -0.0084303961
  -0.0007166753
   0.0034022475
   0.0047097689
   0.0018998455
   0.0015753131
  -0.0022735027
   0.0003177402
   0.0033724069
   0.0027498807
   0.0023047492
  -0.0010781037
  -0.0015365215
  -0.0011699430
  -0.0005299515
  -0.0038083211
  -0.0059360002
  -0.0011277791
   0.0000845607
  -0.0010108514
  -0.0056673971
  -0.0147463392
  -0.0024702084
  -0.0104196515
  -0.0273365523
   0.0005986292
  -0.0023039586
  -0.0094158113
  -0.0255199137
  -0.0001979235
  -0.0009158468
  -0.0054027409
  -0.0151846286
  -0.0014740793
  -0.0015008791
  -0.0006402500
  -0.0040325991
  -0.0063335939
  -0.0003238829
  -0.0011595622
  -0.0080522717
  -0.0089765900
  -0.0019983983
  -0.0153893171
  -0.0045413397
  -0.0001544566
  -0.0108707088
  -0.0028874000
  -0.0107726009
   0.0158493939
   0.0202716340
   0.0196360168
   0.0196865818
   0.0167261939
   0.0176663203
   0.0135331135
   0.0066565781
  -0.0076046635
   0.0180428666
   0.0140013245
   0.0175577752
   0.0192061737
   0.0244206052
   0.0180643223
   0.0072123478
   0.0101168104
   0.0063715025
   0.0091219959
   0.0057870457
   0.0126065214
   0.0071306003
   0.0205494713
   0.0080634337
   0.0164160688
   0.0077235648
   0.0229184314
   0.0106056440
   0.0145682773
   0.0057886149
   0.0090376149
   0.0069998738
  -0.0012359634
  -0.0050191189
  -0.0030110437
  -0.0052647123
  -0.0085688381
  -0.0045293503
  -0.0105875464
  -0.0065722938
  -0.0100192535
  -0.0105052481
  -0.0020858673
  -0.0103699938
  -0.0104612586
  -0.0015002699
  -0.0110319048
  -0.0058669062
  -0.0073282738
  -0.0093231141
  -0.0036762409
  -0.0032827804
  -0.0064485766
  -0.0028238142
  -0.0020032878
   0.0017981518
   0.0025920656
   0.0002350833
   0.0026984825
   0.0006533612
   0.0027157566
   0.0040418600
   0.0035513654
   0.0043383229
   0.0028812882
   0.0032530057
  -0.0006826747
  -0.0012147971
  -0.0047081358
   0.0024793121
  -0.0050829872
  -0.0029408242
   0.0011723883
  -0.0098141398
  -0.0093539260
  -0.0163203232
  -0.0140964507
  -0.0151137093
  -0.0203954012
  -0.0200094764
  -0.0125389820
  -0.0207438765
  -0.0230729832
  -0.0201871577
  -0.0195315649
  -0.0232753882
  -0.0228411546
  -0.0196106120
  -0.0225920567
  -0.0205971780
  -0.0114345946
  -0.0187230574
  -0.0194653218
  -0.0151370150
  -0.0137762531
  -0.0128137121
  -0.0068052100
  -0.0003168121
   0.0027447609
  -0.0013310366
   0.0043137769
   0.0011744918
  -0.0017365013
   0.0030416508
  -0.0043635419
  -0.0029225737
  -0.0070248444
   0.0006290767
  -0.0128626367
  -0.0159626684
  -0.0212215799
  -0.0157236621
  -0.0247956163
  -0.0266847111
  -0.0238608662
  -0.0265658383
  -0.0294502199
  -0.0288963656
  -0.0246438631
  -0.0281228750
  -0.0302081540
  -0.0296445214
  -0.0261977589
  -0.0257821371
  -0.0287531198
  -0.0280282349
  -0.0231950971
  -0.0234872994
  -0.0250729146
  -0.0213062371
  -0.0142914344
  -0.0186323099
   0.0013930448
   0.0007981567
   0.0031543716
   0.0012891228
   0.0009747920
   0.0002788031
  -0.0038896005
   0.0034289243
  -0.0070208721
   0.0004277685
   0.0035237874
   0.0043510811
   0.0008976700
   0.0036593303
   0.0044790068
   0.0039889786
   0.0035794828
   0.0026842171
  -0.0006110020
   0.0003295501
  -0.0033220946
  -0.0107344410
  -0.0049257023
  -0.0011724144
  -0.0005027386
  -0.0003548218
  -0.0009065951
  -0.0039912765
  -0.0118221703
  -0.0005177377
  -0.0008132878
  -0.0017822782
  -0.0063827898
  -0.0036634047
   0.0207438219
   0.0270235288
   0.0229929076
   0.0211967465
   0.0199513756
   0.0276376049
   0.0234693670
   0.0213874243
   0.0200261828
   0.0282139770
   0.0237788350
   0.0212318821
   0.0288487423
   0.0238986407
   0.0209639047
   0.0236943596
  -0.0029190860
   0.0152821339
   0.0093699636
   0.0009898039
   0.0172665637
   0.0131148339
   0.0078075772
   0.0008278694
  -0.0045507681
   0.0145556528
   0.0104400451
   0.0064580236
   0.0080612347
   0.0126373431
   0.0160991179
   0.0116777685
   0.0096275618
   0.0128771953
   0.0082808576
   0.0029215630
   0.0055086473
   0.0107261059
   0.0140208539
   0.0157149740
   0.0118117855
   0.0056710550
  -0.0039527162
   0.0146026522
   0.0086730805
  -0.0009503130
   0.0270074562
   0.0157492940
   0.0217448487
   0.0304002435
   0.0134794956
   0.0199229079
   0.0247606892
   0.0303550409
   0.0138791124
   0.0201753420
   0.0249096501
   0.0270637884
   0.0166211740
   0.0222541876
   0.0219609479
   0.0164079217
   0.0021526389
  -0.0030644834
   0.0031984642
  -0.0007860813
   0.0030998542
  -0.0010038310
   0.0017212374
  -0.0040965698
  -0.0034445370
   0.0002350892
   0.0013611685
  -0.0004062566
  -0.0054098245
  -0.0024671698
   0.0013651781
   0.0018693303
  -0.0107855954
  -0.0027835254
   0.0014874068
   0.0029072202
   0.0020796939
  -0.0102599007
  -0.0019833450
   0.0022181399
  -0.0128921562
  -0.0082912882
  -0.0013454060
   0.0025344062
  -0.0122501806
  -0.0067775846
  -0.0011458436
   0.0021555634
   0.0032176797
   0.0012072828
   0.0007564366
  -0.0021791815
  -0.0004215426
   0.0020815185
   0.0018484768
   0.0012573571
  -0.0019090378
  -0.0019361994
  -0.0017659148
  -0.0015287043
  -0.0040983944
  -0.0054053375
  -0.0018251840
  -0.0009611993
  -0.0018531492
  -0.0054740494
  -0.0118418958
  -0.0017740426
  -0.0059937216
  -0.0142629816
  -0.0067919485
  -0.0176342541
  -0.0005437779
  -0.0017590008
  -0.0055697977
  -0.0135985475
  -0.0011803516
  -0.0018205618
  -0.0053834306
  -0.0123381799
  -0.0018119972
  -0.0020003635
  -0.0016201746
  -0.0042604196
  -0.0055497506
  -0.0010712609
  -0.0018982798
  -0.0075233979
  -0.0087421444
  -0.0029627076
  -0.0164674780
  -0.0064229173
  -0.0019010065
  -0.0178138940
  -0.0069777858
  -0.0022090807
  -0.0107402284
  -0.0039044944
  -0.0098142755
