   3.9470849982   -0.4425723919    1.6467088574
   5.2815426520    1.4426729433   -0.1719444905
   4.6150209663    2.1950204004   -0.1719444905
   3.9470849982   -0.4425723919   -1.9905978385
   2.2402742258   -0.3760339797    1.9348243036
   1.7152742258    0.5332926943   -1.9838290444
   2.2402742258   -0.3760339797   -2.2651756964
   2.1866342479   -1.7005536034    1.8358730955
   3.2366342479   -1.7005536034    1.5545264435
   2.7116342479   -2.6098802774    1.5545264435
   3.2366342479   -1.7005536034   -2.0827802524
   2.7116342479   -2.6098802774   -2.0827802524
   2.1866342479   -1.7005536034   -2.3641269045
   0.9733271866   -2.1934884522    1.8713326631
   0.4483271866   -3.1028151262    1.5899860110
   1.4983271866   -3.1028151262    1.5899860110
   0.7145058295   -3.9936305313    0.8213326631
   1.7288230907   -3.8477937259    0.8213326631
   0.2286569238   -4.1570225618   -0.2286673369
   1.2264542151   -4.2781770878   -0.2286673369
   2.1662631547   -3.9217545706   -0.2286673369
   0.7145058295   -3.9936305313   -1.2786673369
   1.7288230907   -3.8477937259   -1.2786673369
  -0.0766728134   -2.1934884522   -2.0473206849
   0.4483271866   -3.1028151262   -2.0473206849
   1.4983271866   -3.1028151262   -2.0473206849
   0.9733271866   -2.1934884522   -2.3286673369
   0.1900444439   -1.1069356744    2.0029238306
   1.2400444439   -1.1069356744    1.7215771785
  -0.3349555561   -0.1976090004    1.7215771785
  -0.3349555561   -2.0162623483    1.7215771785
  -0.3349555561   -0.1976090004   -1.9157295173
  -0.3349555561   -2.0162623483   -1.9157295173
   0.1900444439   -1.1069356744   -2.1970761694
   0.9236320677    0.0337611843    2.0459170339
  -0.1263679323    0.0337611843    1.7645703819
   1.4486320677   -0.8755654897    1.7645703819
   1.4486320677    0.9430878582   -1.8727363140
  -0.1263679323    0.0337611843   -1.8727363140
   0.9236320677    0.0337611843   -2.1540829661
   0.3420753401    1.3357798769    2.1822355431
   1.3920753401    1.3357798769    1.9008888910
  -0.1829246599    2.2451065509    1.9008888910
  -0.1829246599    0.4264532030    1.9008888910
   1.3920753401    1.3357798769   -1.7364178048
  -0.1829246599    2.2451065509   -1.7364178048
   0.3420753401    1.3357798769   -2.0177644569
   0.9460831103    2.3739042151    2.0859251356
   1.9260831103    2.3739042151    1.8233349270
   1.4360831103    3.2226091109    1.8233349270
   0.4560831103    3.2226091109    1.8233349270
   2.3193164780    3.3716166576    1.1059251356
   1.4706115822    3.9882368581    1.1059251356
   0.4215546383    3.9882368581    1.1059251356
   2.6434929017    3.3539042151    0.1259251356
   1.9260831103    4.0713140066    0.1259251356
   0.9460831103    4.3339042151    0.1259251356
   2.3193164780    3.3716166576   -0.8540748644
   1.4706115822    3.9882368581   -0.8540748644
   0.4215546383    3.9882368581   -0.8540748644
   1.9260831103    2.3739042151   -1.5714846558
   1.4360831103    3.2226091109   -1.5714846558
   0.4560831103    3.2226091109   -1.5714846558
   0.9460831103    2.3739042151   -1.8340748644
  -1.0492529015    1.2704815315    2.2614830635
  -0.5242529015    2.1798082054    1.9801364114
  -0.5242529015    0.3611548575    1.9801364114
  -0.5242529015    2.1798082054   -1.6571702845
  -2.0992529015    1.2704815315   -1.6571702845
  -0.5242529015    0.3611548575   -1.6571702845
  -1.0492529015    1.2704815315   -1.9385169365
  -1.8232616891    0.1149657111    2.2197098916
  -0.7732616891    0.1149657111    1.9383632396
  -2.3482616891   -0.7943609629    1.9383632396
  -0.7732616891    0.1149657111   -1.6989434563
  -2.3482616891    1.0242923851   -1.6989434563
  -1.8232616891    0.1149657111   -1.9802901084
  -3.0178705289    0.1732716874    2.1572114925
  -3.5078705289    1.0219765831    1.8946212839
  -3.9978705289    0.1732716874    1.8946212839
  -3.5078705289   -0.6754332083    1.8946212839
  -4.3911038966    1.1709841299    1.1772114925
  -4.7152803203    0.1732716874    1.1772114925
  -4.3911038966   -0.8244407551    1.1772114925
  -3.9978705289    1.8706814788    0.1972114925
  -4.7152803203    1.1532716874    0.1972114925
  -4.9778705289    0.1732716874    0.1972114925
  -4.7152803203   -0.8067283126    0.1972114925
  -3.9978705289   -1.5241381040    0.1972114925
  -4.3911038966    1.1709841299   -0.7827885075
  -4.7152803203    0.1732716874   -0.7827885075
  -4.3911038966   -0.8244407551   -0.7827885075
  -3.5078705289    1.0219765831   -1.5001982989
  -3.9978705289    0.1732716874   -1.5001982989
  -3.5078705289   -0.6754332083   -1.5001982989
  -3.0178705289    0.1732716874   -1.7627885075
  -1.1763342779   -1.0877547106    2.0874031596
  -0.6513342779   -1.9970813846    1.8060565076
  -0.6513342779   -0.1784280366   -1.8312501883
  -0.6513342779   -1.9970813846   -1.8312501883
  -1.1763342779   -1.0877547106   -2.1125968404
  -0.9293342126   -2.3043263226    1.7619169501
  -2.2381555697   -4.1044684018    0.9932636022
  -4.0183120292   -2.8068892176   -0.0567363978
  -3.5512067838   -3.6968839049   -0.0567363978
  -2.7240044754   -4.2678604322   -0.0567363978
  -0.9293342126   -2.3043263226   -1.8753897458
  -1.4543342126   -3.2136529966   -1.8753897458
  -0.7508239123    2.5189165591    2.1221656424
  -1.2758239123    3.4282432331    2.1221656424
  -2.0596452694    4.3190586383    1.3535122944
  -2.5454941751    4.4824506688    0.3035122944
  -3.3726964835    3.9114741414    0.3035122944
  -3.8398017289    2.0163536641    0.3035122944
  -2.0596452694    4.3190586383   -0.7464877056
  -0.7508239123    2.5189165591   -1.5151410535
  -1.2758239123    3.4282432331   -1.5151410535
   5.2796521418   -0.1667988690    1.0850986847
   4.5973207797   -1.1059474195    1.0850986847
   5.8899478653   -0.1667988690    0.2450986847
   5.5161395377    0.8602310703    0.2450986847
   4.5696236259   -1.7403000247    0.2450986847
   5.5161395377   -1.1938288082    0.2450986847
   5.8899478653   -0.1667988690   -0.7931984164
   5.5161395377    0.8602310703   -0.7931984164
   5.5161395377   -1.1938288082   -0.7931984164
   5.2796521418   -0.1667988690   -1.6331984164
   4.5973207797   -1.1059474195   -1.6331984164
   4.6028024907    2.1884505280   -0.4789496486
   3.6562865788    2.7349217445   -0.4789496486
   4.9766108183    1.1614205888   -1.5172467497
   4.6028024907    2.1884505280   -1.5172467497
   3.6562865788    2.7349217445   -1.5172467497
   2.5799483972    2.5451342827   -1.5172467497
   1.8774185432    1.7078918053   -1.5172467497
   4.3663150948    1.1614205888   -2.3572467497
   3.6839837327    2.1005691393   -2.3572467497
   2.5799483972    1.7418463135   -2.3572467497
   2.5799483972    0.5809948640   -2.3572467497
   3.6839837327    0.2222720382   -2.3572467497
   3.3788358709    1.1614205888   -2.6780981991
   3.4854138235    1.0261359925    2.4300377475
   4.4728930474    1.0261359925    2.1091862980
   3.7905616853    1.9652845431    2.1091862980
   2.6865263498    1.6065617173    2.1091862980
   2.6865263498    0.4457102678    2.1091862980
   3.7905616853    0.0869874420    2.1091862980
   5.0831887709    1.0261359925    1.2691862980
   4.7093804433    2.0531659318    1.2691862980
   3.7628645314    2.5996371483    1.2691862980
   2.6865263498    2.4098496865    1.2691862980
   3.7628645314    2.5996371483    0.2308891969
   4.0592095151   -2.2960391612    0.9951610462
   3.3768781530   -3.2351877117    0.9951610462
   4.6695052386   -2.2960391612    0.1551610462
   3.3491809992   -3.8695403169    0.1551610462
   4.2956969111   -3.3230691004    0.1551610462
   4.6695052386   -2.2960391612   -0.8831360549
   3.3491809992   -3.8695403169   -0.8831360549
   4.2956969111   -3.3230691004   -0.8831360549
   4.0592095151   -2.2960391612   -1.7231360549
   3.3768781530   -3.2351877117   -1.7231360549
  -0.3204970427   -3.1406438502    1.1978470148
  -1.0028284048   -4.0797924008    1.1978470148
  -2.1068637402   -4.5243575442    0.3578470148
  -1.0305255586   -4.7141450060    0.3578470148
  -0.0840096468   -4.1676737895    0.3578470148
  -2.1068637402   -4.5243575442   -0.6804500863
  -1.0305255586   -4.7141450060   -0.6804500863
  -0.0840096468   -4.1676737895   -0.6804500863
  -1.0028284048   -4.0797924008   -1.5204500863
  -2.5542597865   -2.4022232619    2.5332295018
  -1.5667805626   -2.4022232619    2.2123780523
  -2.2491119247   -1.4630747113    2.2123780523
  -3.3531472601   -1.8217975371    2.2123780523
  -3.3531472601   -2.9826489866    2.2123780523
  -2.2491119247   -3.3413718124    2.2123780523
  -4.0556771142   -1.8557520454    1.3723780523
  -4.0556771142   -2.9486944784    1.3723780523
  -3.3531472601   -3.7859369558    1.3723780523
  -2.2768090785   -3.9757244176    1.3723780523
  -4.0556771142   -1.8557520454    0.3340809512
  -4.0556771142   -2.9486944784    0.3340809512
  -4.1616740829   -1.7223602391   -0.3762003117
  -4.1616740829   -2.8153026721   -0.3762003117
  -3.4591442288   -0.8851177617   -1.4144974128
  -4.1616740829   -1.7223602391   -1.4144974128
  -4.1616740829   -2.8153026721   -1.4144974128
  -3.4591442288   -3.6525451496   -1.4144974128
  -1.6727775313   -2.2688314556   -2.2544974128
  -2.3551088934   -1.3296829051   -2.2544974128
  -3.4591442288   -1.6884057309   -2.2544974128
  -3.4591442288   -2.8492571804   -2.2544974128
  -2.3551088934   -3.2079800062   -2.2544974128
  -2.6602567551   -2.2688314556   -2.5753488623
  -2.3746290614    2.5006376176    2.8989588357
  -1.3871498376    2.5006376176    2.5781073863
  -2.0694811997    3.4397861682    2.5781073863
  -3.1735165351    3.0810633423    2.5781073863
  -3.1735165351    1.9202118929    2.5781073863
  -2.0694811997    1.5614890671    2.5781073863
  -2.0971783535    4.0741387734    1.7381073863
  -3.1735165351    3.8843513116    1.7381073863
  -3.8760463892    3.0471088341    1.7381073863
  -3.8760463892    1.9541664011    1.7381073863
  -3.8760463892    3.0471088341    0.6998102852
  -3.8760463892    1.9541664011    0.6998102852
  -3.2801682202    4.0186969423   -0.0086578066
  -3.9826980743    3.1814544649   -0.0086578066
  -3.9826980743    2.0885120319   -0.0086578066
  -2.2038300386    4.2084844041   -1.0469549077
  -3.2801682202    4.0186969423   -1.0469549077
  -3.9826980743    3.1814544649   -1.0469549077
  -3.9826980743    2.0885120319   -1.0469549077
  -1.4938015227    2.6349832484   -1.8869549077
  -2.1761328848    3.5741317989   -1.8869549077
  -3.2801682202    3.2154089731   -1.8869549077
  -3.2801682202    2.0545575237   -1.8869549077
  -2.1761328848    1.6958346978   -1.8869549077
  -2.4812807465    2.6349832484   -2.2078063571
  -0.1058044277    3.3286769618    1.6818230348
  -0.7881357898    4.2678255124    1.6818230348
   0.1306829682    4.3557069010    0.8418230348
  -0.8158329436    4.9021781175    0.8418230348
  -1.8921711253    4.7123906558    0.8418230348
   0.1306829682    4.3557069010   -0.1964740663
  -0.8158329436    4.9021781175   -0.1964740663
  -1.8921711253    4.7123906558   -0.1964740663
  -0.7881357898    4.2678255124   -1.0364740663
   3.9427454851   -0.4350561348    1.9903807924
   5.2984805561    0.4667542820    1.3244310339
   4.2015678832   -1.2400751534    1.3244310339
   5.5301962717    1.4819671650    0.3621057510
   4.8809432641    2.2961046858    0.3621057510
   5.5301962717    1.4819671650   -0.7059947320
   3.9427454851   -0.4350561348   -2.3342697735
   2.2402742258   -0.3760339797    2.2348243036
   1.7196137389    0.5257764372   -2.3275009794
   2.2402742258   -0.3760339797   -2.5651756964
   2.1866342479   -1.7005536034    2.1358730955
   3.2279552218   -1.7005536034    1.8981983785
   2.7072947349   -2.6023640203    1.8981983785
   4.0630298059   -1.7005536034    1.2322486200
   2.9661171330   -3.4073830388    1.2322486200
   3.2279552218   -1.7005536034   -2.4264521874
   2.7072947349   -2.6023640203   -2.4264521874
   2.1866342479   -1.7005536034   -2.6641269045
   0.9733271866   -2.1934884522    2.1713326631
   0.4526666996   -3.0952988691    1.9336579461
   1.4939876735   -3.0952988691    1.9336579461
   0.7062882562   -4.0507850089    1.2677081875
   1.7528100716   -3.9003178876    1.2677081875
   0.4526666996   -4.4746510937    0.3053829046
   1.4939876735   -4.4746510937    0.3053829046
   2.4321854525   -4.0228388559    0.3053829046
   0.4526666996   -4.4746510937   -0.7627175784
   1.4939876735   -4.4746510937   -0.7627175784
  -0.2554505857   -3.6115735964   -1.7250428614
   0.7062882562   -4.0507850089   -1.7250428614
   1.7528100716   -3.9003178876   -1.7250428614
  -0.0679937873   -2.1934884522   -2.3909926199
   0.4526666996   -3.0952988691   -2.3909926199
   1.4939876735   -3.0952988691   -2.3909926199
   0.9733271866   -2.1934884522   -2.6286673369
   0.1900444439   -1.1069356744    2.3029238306
   1.2313654178   -1.1069356744    2.0652491136
  -0.3306160431   -0.2051252575    2.0652491136
  -0.3306160431   -2.0087460913    2.0652491136
  -0.3306160431   -0.2051252575   -2.2594014524
  -0.3306160431   -2.0087460913   -2.2594014524
   0.1900444439   -1.1069356744   -2.4970761694
   0.9236320677    0.0337611843    2.3459170339
  -0.1176889061    0.0337611843    2.1082423169
   1.4442925547   -0.8680492326    2.1082423169
   1.4442925547    0.9355716011   -2.2164082490
  -0.1176889061    0.0337611843   -2.2164082490
   0.9236320677    0.0337611843   -2.4540829661
   0.3420753401    1.3357798769    2.4822355431
   1.3833963140    1.3357798769    2.2445608261
  -0.1785851468    2.2375902938    2.2445608261
  -0.1785851468    0.4339694601    2.2445608261
   1.3833963140    1.3357798769   -2.0800897399
  -0.1785851468    2.2375902938   -2.0800897399
   0.3420753401    1.3357798769   -2.3177644569
   0.9460831103    2.3739042151    2.3659251356
   1.9179826859    2.3739042151    2.1440953997
   1.4320328981    3.2155939376    2.1440953997
   0.4601333225    3.2155939376    2.1440953997
   2.3629166118    3.4032940091    1.5225422918
   1.4872653515    4.0394918895    1.5225422918
   0.4049008691    4.0394918895    1.5225422918
   2.8797760898    3.3887845809    0.6243720277
   2.1866447879    4.1711680855    0.6243720277
   1.2093157561    4.5418200968    0.6243720277
   2.8797760898    3.3887845809   -0.3725217564
   2.1866447879    4.1711680855   -0.3725217564
   1.2093157561    4.5418200968   -0.3725217564
   2.3629166118    3.4032940091   -1.2706920205
   1.4872653515    4.0394918895   -1.2706920205
   0.4049008691    4.0394918895   -1.2706920205
   1.9179826859    2.3739042151   -1.8922451285
   1.4320328981    3.2155939376   -1.8922451285
   0.4601333225    3.2155939376   -1.8922451285
   0.9460831103    2.3739042151   -2.1140748644
  -1.0492529015    1.2704815315    2.5614830635
  -0.5285924145    2.1722919483    2.3238083464
  -0.5285924145    0.3686711146    2.3238083464
  -0.5285924145    2.1722919483   -2.0008422195
  -2.0905738754    1.2704815315   -2.0008422195
  -0.5285924145    0.3686711146   -2.0008422195
  -1.0492529015    1.2704815315   -2.2385169365
  -1.8232616891    0.1149657111    2.5197098916
  -0.7819407152    0.1149657111    2.2820351746
  -2.3439221761   -0.7868447058    2.2820351746
  -2.3439221761    1.0167761280   -2.0426153913
  -2.8645826630    0.1149657111   -2.0426153913
  -1.8232616891    0.1149657111   -2.2802901084
  -3.0178705289    0.1732716874    2.4372114925
  -3.5038203167    1.0149614098    2.2153817566
  -3.9897701046    0.1732716874    2.2153817566
  -3.5038203167   -0.6684180350    2.2153817566
  -4.4347040305    1.2026614814    1.5938286487
  -4.7691730497    0.1732716874    1.5938286487
  -4.4347040305   -0.8561181066    1.5938286487
  -4.6524971359    1.6214244941    0.6956583846
  -5.1382506737    0.6958984543    0.6956583846
  -5.1382506737   -0.3493550795    0.6956583846
  -4.6524971359   -1.2748811193    0.6956583846
  -4.6524971359    1.6214244941   -0.3012353996
  -5.1382506737    0.6958984543   -0.3012353996
  -5.1382506737   -0.3493550795   -0.3012353996
  -4.6524971359   -1.2748811193   -0.3012353996
  -4.4347040305    1.2026614814   -1.1994056637
  -4.7691730497    0.1732716874   -1.1994056637
  -4.4347040305   -0.8561181066   -1.1994056637
  -3.5038203167    1.0149614098   -1.8209587716
  -3.9897701046    0.1732716874   -1.8209587716
  -3.5038203167   -0.6684180350   -1.8209587716
  -3.0178705289    0.1732716874   -2.0427885075
  -1.1763342779   -1.0877547106    2.3874031596
  -0.6556737910   -1.9895651275    2.1497284426
  -0.6556737910   -0.1859442937   -2.1749221233
  -0.6556737910   -1.9895651275   -2.1749221233
  -1.1763342779   -1.0877547106   -2.4125968404
  -0.9380132387   -2.3043263226    2.1055888852
  -3.4381924785   -4.1336767263    0.4773138437
  -2.4999946995   -4.5854889641    0.4773138437
  -3.4381924785   -4.1336767263   -0.5907866393
  -2.4999946995   -4.5854889641   -0.5907866393
  -2.2463731430   -4.1616228793   -1.5531119223
  -0.9380132387   -2.3043263226   -2.2190616808
  -1.4586737256   -3.2061367395   -2.2190616808
  -0.7595029384    2.5189165591    2.4658375774
  -2.0678628427    4.3762131158    1.7998878189
  -2.3214843993    4.8000792006    0.8375625359
  -3.2596821782    4.3482669628    0.8375625359
  -2.3214843993    4.8000792006   -0.2305379471
  -1.2801634254    3.4207269760   -1.8588129885
   5.2521729179   -0.1667988690    1.3887189094
   4.7721729179   -0.9981832566    1.3887189094
   5.9549416932   -0.1667988690    0.6859501342
   5.6373811149    0.8105520951    0.6859501342
   4.8059967272   -1.7481859478    0.6859501342
   5.6373811149   -1.1441498331    0.6859501342
   6.2121729179   -0.1667988690   -0.2740498658
   5.9549416932    0.7932011310   -0.2740498658
   5.2521729179   -1.8295676442   -0.2740498658
   5.9549416932   -1.1267988690   -0.2740498658
   5.9549416932   -0.1667988690   -1.2340498658
   5.6373811149    0.8105520951   -1.2340498658
   4.8059967272   -1.7481859478   -1.2340498658
   5.6373811149   -1.1441498331   -1.2340498658
   5.2521729179   -0.1667988690   -1.9368186411
   4.7721729179   -0.9981832566   -1.9368186411
   5.0416046462    2.1214205888   -0.9980981991
   4.3388358709    2.8241893640   -0.9980981991
   3.3788358709    3.0814205888   -0.9980981991
   5.0416046462    1.1614205888   -1.9580981991
   4.7240440678    2.1387715528   -1.9580981991
   3.8926596802    2.7428076676   -1.9580981991
   2.8650120616    2.7428076676   -1.9580981991
   2.0336276740    2.1387715528   -1.9580981991
   4.3388358709    1.1614205888   -2.6608669744
   3.8588358709    1.9928049764   -2.6608669744
   2.8988358709    1.9928049764   -2.6608669744
   2.4188358709    1.1614205888   -2.6608669744
   2.8988358709    0.3300362011   -2.6608669744
   3.8588358709    0.3300362011   -2.6608669744
   3.3788358709    1.1614205888   -2.9180981991
   3.4854138235    1.0261359925    2.6700377475
   4.4454138235    1.0261359925    2.4128065227
   3.9654138235    1.8575203802    2.4128065227
   3.0054138235    1.8575203802    2.4128065227
   2.5254138235    1.0261359925    2.4128065227
   3.0054138235    0.1947516049    2.4128065227
   3.9654138235    0.1947516049    2.4128065227
   5.1481825988    1.0261359925    1.7100377475
   4.8306220204    2.0034869566    1.7100377475
   3.9992376328    2.6075230713    1.7100377475
   2.9715900142    2.6075230713    1.7100377475
   5.1481825988    1.9861359925    0.7500377475
   4.4454138235    2.6889047678    0.7500377475
   3.4854138235    2.9461359925    0.7500377475
   4.0317302913   -2.2960391612    1.2987812709
   3.5517302913   -3.1274235488    1.2987812709
   4.7344990665   -2.2960391612    0.5960124957
   3.5855541005   -3.8774262400    0.5960124957
   4.4169384882   -3.2733901253    0.5960124957
   4.9917302913   -2.2960391612   -0.3639875043
   3.0717302913   -4.2160391612   -0.3639875043
   4.0317302913   -3.9588079364   -0.3639875043
   4.7344990665   -3.2560391612   -0.3639875043
   4.7344990665   -2.2960391612   -1.3239875043
   2.5579064820   -3.8774262400   -1.3239875043
   3.5855541005   -3.8774262400   -1.3239875043
   4.4169384882   -3.2733901253   -1.3239875043
   4.0317302913   -2.2960391612   -2.0267562796
   3.5517302913   -3.1274235488   -2.0267562796
  -0.8279762665   -3.9720282378    1.5014672395
  -1.8218000758   -4.7220309290    0.7986984642
  -0.7941524573   -4.7220309290    0.7986984642
  -2.2679762665   -4.8034126255   -0.1613015358
  -1.3079762665   -5.0606438502   -0.1613015358
  -0.3479762665   -4.8034126255   -0.1613015358
  -1.8218000758   -4.7220309290   -1.1213015358
  -0.7941524573   -4.7220309290   -1.1213015358
  -1.7879762665   -3.9720282378   -1.8240703110
  -0.8279762665   -3.9720282378   -1.8240703110
  -2.5542597865   -2.4022232619    2.7732295018
  -1.5942597865   -2.4022232619    2.5159982771
  -2.0742597865   -1.5708388742    2.5159982771
  -3.0342597865   -1.5708388742    2.5159982771
  -3.5142597865   -2.4022232619    2.5159982771
  -3.0342597865   -3.2336076495    2.5159982771
  -2.0742597865   -3.2336076495    2.5159982771
  -3.8994679834   -1.4248722978    1.8132295018
  -4.2170285617   -2.4022232619    1.8132295018
  -3.8994679834   -3.3795742259    1.8132295018
  -3.0680835957   -3.9836103407    1.8132295018
  -2.0404359772   -3.9836103407    1.8132295018
  -4.4742597865   -2.4022232619    0.8532295018
  -4.2170285617   -3.3622232619    0.8532295018
  -3.5142597865   -4.0649920371    0.8532295018
  -4.3230255304   -1.3088314556   -0.8953488623
  -4.5802567551   -2.2688314556   -0.8953488623
  -4.3230255304   -3.2288314556   -0.8953488623
  -3.6202567551   -3.9316002309   -0.8953488623
  -4.0054649520   -1.2914804916   -1.8553488623
  -4.3230255304   -2.2688314556   -1.8553488623
  -4.0054649520   -3.2461824197   -1.8553488623
  -3.1740805644   -3.8502185345   -1.8553488623
  -1.7002567551   -2.2688314556   -2.5581176375
  -2.1802567551   -1.4374470680   -2.5581176375
  -3.1402567551   -1.4374470680   -2.5581176375
  -3.6202567551   -2.2688314556   -2.5581176375
  -3.1402567551   -3.1002158433   -2.5581176375
  -2.1802567551   -3.1002158433   -2.5581176375
  -2.6602567551   -2.2688314556   -2.8153488623
  -2.3746290614    2.5006376176    3.1389588357
  -1.4146290614    2.5006376176    2.8817276110
  -1.8946290614    3.3320220052    2.8817276110
  -2.8546290614    3.3320220052    2.8817276110
  -3.3346290614    2.5006376176    2.8817276110
  -2.8546290614    1.6692532300    2.8817276110
  -1.8946290614    1.6692532300    2.8817276110
  -1.8608052522    4.0820246964    2.1789588357
  -2.8884528707    4.0820246964    2.1789588357
  -3.7198372583    3.4779885817    2.1789588357
  -4.0373978367    2.5006376176    2.1789588357
  -3.7198372583    1.5232866535    2.1789588357
  -3.3346290614    4.1634063929    1.2189588357
  -4.0373978367    3.4606376176    1.2189588357
  -4.2946290614    2.5006376176    1.2189588357
  -3.4412807465    4.2977520237   -0.5278063571
  -4.1440495218    3.5949832484   -0.5278063571
  -4.4012807465    2.6349832484   -0.5278063571
  -1.9674569373    4.2163703272   -1.4878063571
  -2.9951045558    4.2163703272   -1.4878063571
  -3.8264889434    3.6123342125   -1.4878063571
  -4.1440495218    2.6349832484   -1.4878063571
  -3.8264889434    1.6576322843   -1.4878063571
  -1.5212807465    2.6349832484   -2.1905751324
  -2.0012807465    3.4663676360   -2.1905751324
  -2.9612807465    3.4663676360   -2.1905751324
  -3.4412807465    2.6349832484   -2.1905751324
  -2.9612807465    1.8035988608   -2.1905751324
  -2.0012807465    1.8035988608   -2.1905751324
  -2.4812807465    2.6349832484   -2.4478063571
  -0.1332836516    3.3286769618    1.9854432595
  -0.6132836516    4.1600613494    1.9854432595
   0.2519245453    4.3060279259    1.2826744842
  -0.5794598423    4.9100640406    1.2826744842
  -1.6071074608    4.9100640406    1.2826744842
  -0.1332836516    4.9914457371    0.3226744842
  -1.0932836516    5.2486769618    0.3226744842
  -2.0532836516    4.9914457371    0.3226744842
  -0.5794598423    4.9100640406   -0.6373255158
  -1.6071074608    4.9100640406   -0.6373255158
  -0.6132836516    4.1600613494   -1.3400942910
   3.9387076318   -0.4280623679    2.3225302473
   5.3312733074    0.4667542820    1.7372438187
   4.2151904844   -1.2699044892    1.7372438187
   5.0281964081   -0.5654308461    1.7372438187
   5.6695290787    1.5490663084    0.8613007769
   5.9165597359    1.4999995494   -0.1719444905
   5.3312733074    2.3759425912   -0.1719444905
   4.4553302655    2.9612290198   -0.1719444905
   3.4220849982    3.1667542820   -0.1719444905
   5.6695290787    1.5490663084   -1.2051897579
   5.3312733074    0.4667542820   -2.0811327997
   3.9387076318   -0.4280623679   -2.6664192283
   2.2402742258   -0.3760339797    2.5348243036
   1.7236515921    0.5187826702   -2.6596504342
   2.2402742258   -0.3760339797   -2.8651756964
   2.1866342479   -1.7005536034    2.4358730955
   3.2198795153   -1.7005536034    2.2303478333
   2.7032568816   -2.5953702533    2.2303478333
   4.0958225571   -1.7005536034    1.6450614047
   2.9797397342   -3.4372123746    1.6450614047
   3.7927456579   -2.7327387316    1.6450614047
   2.7417070963   -4.1324866515    0.7691183629
   4.0958225571   -1.7005536034   -2.1733152137
   3.2198795153   -1.7005536034   -2.7586016423
   2.7032568816   -2.5953702533   -2.7586016423
   2.1866342479   -1.7005536034   -2.9641269045
   0.9733271866   -2.1934884522    2.4713326631
   0.4567045529   -3.0883051021    2.2658074009
   1.4899498202   -3.0883051021    2.2658074009
  -0.2769252709   -3.6363567042    1.6805209723
   0.7016213611   -4.0832439772    1.6805209723
   1.7664326728   -3.9301472234    1.6805209723
   0.4182543382   -4.6254215003    0.8045779305
   1.5284000349   -4.6254215003    0.8045779305
   0.9733271866   -4.8934884522   -0.2286673369
   2.0065724539   -4.6879631900   -0.2286673369
   0.4182543382   -4.6254215003   -1.2619126043
   1.5284000349   -4.6254215003   -1.2619126043
  -0.2769252709   -3.6363567042   -2.1378556461
   0.7016213611   -4.0832439772   -2.1378556461
   1.7664326728   -3.9301472234   -2.1378556461
  -0.0599180808   -2.1934884522   -2.7231420747
   0.4567045529   -3.0883051021   -2.7231420747
   1.4899498202   -3.0883051021   -2.7231420747
   0.9733271866   -2.1934884522   -2.9286673369
   0.1900444439   -1.1069356744    2.6029238306
   1.2232897113   -1.1069356744    2.3973985684
  -0.3265781898   -0.2121190245    2.3973985684
  -0.3265781898   -2.0017523243    2.3973985684
  -0.3265781898   -0.2121190245   -2.5915509072
  -0.3265781898   -2.0017523243   -2.5915509072
   0.1900444439   -1.1069356744   -2.7970761694
   0.9236320677    0.0337611843    2.6459170339
  -0.1096131996    0.0337611843    2.4403917717
   1.4402547014   -0.8610554656    2.4403917717
   1.4402547014    0.9285778341   -2.5485577039
  -0.1096131996    0.0337611843   -2.5485577039
   0.9236320677    0.0337611843   -2.7540829661
   0.3420753401    1.3357798769    2.7822355431
   1.3753206075    1.3357798769    2.5767102809
  -0.1745472936    2.2305965268    2.5767102809
   1.3753206075    1.3357798769   -2.4122391947
   0.8586979738    2.2305965268   -2.4122391947
  -0.1745472936    2.2305965268   -2.4122391947
   0.3420753401    1.3357798769   -2.6177644569
   0.9460831103    2.3739042151    2.6459251356
   2.0394701329    2.3739042151    2.3963666827
   1.4927766216    3.3208051529    2.3963666827
   0.3993895990    3.3208051529    2.3963666827
   2.6035337220    3.4390830449    1.6971194363
   1.7645401396    4.1660751223    1.6971194363
   0.6656922334    4.3240655997    1.6971194363
   3.1595999475    3.4398777423    0.6866778892
   2.4778842895    4.2947221390    0.6866778892
   1.4927766216    4.7691249887    0.6866778892
   3.1595999475    3.4398777423   -0.4348276179
   2.4778842895    4.2947221390   -0.4348276179
   1.4927766216    4.7691249887   -0.4348276179
   0.3993895990    4.7691249887   -0.4348276179
   2.6035337220    3.4390830449   -1.4452691651
   1.7645401396    4.1660751223   -1.4452691651
   0.6656922334    4.3240655997   -1.4452691651
   1.4927766216    3.3208051529   -2.1445164115
   0.3993895990    3.3208051529   -2.1445164115
   0.9460831103    2.3739042151   -2.3940748644
  -1.0492529015    1.2704815315    2.8614830635
  -0.5326302678    0.3756648816    2.6559578013
  -2.0824981689    1.2704815315   -2.3329916743
  -0.5326302678    0.3756648816   -2.3329916743
  -1.0492529015    1.2704815315   -2.5385169365
  -1.8232616891    0.1149657111    2.8197098916
  -0.7900164217    0.1149657111    2.6141846294
  -2.3398843228   -0.7798509388    2.6141846294
  -2.3398843228    1.0097823610   -2.3747648461
  -2.8565069565    0.1149657111   -2.3747648461
  -1.8232616891    0.1149657111   -2.5802901084
  -3.0178705289    0.1732716874    2.7172114925
  -3.5645640402    1.1201726251    2.4676530396
  -4.1112575515    0.1732716874    2.4676530396
  -3.5645640402   -0.7736292503    2.4676530396
  -4.3080871898    1.6622610888    1.7684057932
  -4.9082783002    0.7283454915    1.7684057932
  -4.9082783002   -0.3818021167    1.7684057932
  -4.3080871898   -1.3157177140    1.7684057932
  -4.5496717081    2.0940896113    0.7579642461
  -5.2313873662    1.2392452145    0.7579642461
  -5.4746888676    0.1732716874    0.7579642461
  -5.2313873662   -0.8927018397    0.7579642461
  -5.2313873662    1.2392452145   -0.3635412611
  -5.4746888676    0.1732716874   -0.3635412611
  -5.2313873662   -0.8927018397   -0.3635412611
  -4.3080871898    1.6622610888   -1.3739828082
  -4.9082783002    0.7283454915   -1.3739828082
  -4.9082783002   -0.3818021167   -1.3739828082
  -3.5645640402    1.1201726251   -2.0732300546
  -4.1112575515    0.1732716874   -2.0732300546
  -3.0178705289    0.1732716874   -2.3227885075
  -1.1763342779   -1.0877547106    2.6874031596
  -0.6597116442   -1.9825713605    2.4818778974
  -0.6597116442   -0.1929380607   -2.5070715782
  -0.6597116442   -1.9825713605   -2.5070715782
  -1.1763342779   -1.0877547106   -2.7125968404
  -0.9460889452   -2.3043263226    2.4377383400
  -1.1862287263   -4.0409850938    1.8524519114
  -0.3732228026   -3.3365114508    1.8524519114
  -2.5344070610   -4.7362593707    0.9765088696
  -4.6793342126   -2.3043263226   -0.0567363978
  -4.4738089504   -3.3375715900   -0.0567363978
  -3.8885225218   -4.2135146318   -0.0567363978
  -3.0125794800   -4.7988010604   -0.0567363978
  -3.5346137726   -4.2545852048   -1.0899816652
  -2.5344070610   -4.7362593707   -1.0899816652
  -2.2510400380   -4.1940818476   -1.9659247070
  -0.9460889452   -2.3043263226   -2.5512111356
  -1.4627115789   -3.1991429725   -2.5512111356
  -0.7675786449    2.5189165591    2.7979870322
  -2.0725297378    4.4086720842    2.2127006036
  -2.3558967607    4.9508496072    1.3367575618
  -3.3561034723    4.4691754413    1.3367575618
  -2.8340691797    5.0133912969    0.3035122944
  -3.7100122215    4.4281048683    0.3035122944
  -4.2952986501    3.5521618265    0.3035122944
  -4.5008239123    2.5189165591    0.3035122944
  -2.3558967607    4.9508496072   -0.7297329730
  -1.2842012786    3.4137332090   -2.1909624434
   5.3721729179   -0.1667988690    1.5965650064
   4.8321729179   -1.1021063051    1.5965650064
   6.1627877901   -0.1667988690    0.8059501342
   5.0692544194   -1.8683700077    0.8059501342
   5.8658342877   -1.1781296226    0.8059501342
   6.4521729179   -0.1667988690   -0.2740498658
   6.2047579334    0.8370031826   -0.2740498658
   5.5191927709   -1.9444440193   -0.2740498658
   6.2047579334   -1.1706009206   -0.2740498658
   6.1627877901   -0.1667988690   -1.3540498658
   5.8658342877    0.8445318847   -1.3540498658
   5.0692544194   -1.8683700077   -1.3540498658
   5.8658342877   -1.1781296226   -1.3540498658
   5.3721729179   -0.1667988690   -2.1446647380
   4.8321729179   -1.1021063051   -2.1446647380
   4.6058557238    2.9390657391   -0.9980981991
   3.6391951003    3.3056717568   -0.9980981991
   5.2494507431    1.1614205888   -2.0780981991
   4.9524972407    2.1727513424   -2.0780981991
   4.1559173723    2.8629917275   -2.0780981991
   3.1126196179    3.0129952988   -2.0780981991
   2.1538436428    2.5751369822   -2.0780981991
   4.4588358709    1.1614205888   -2.8687130713
   3.9188358709    2.0967280249   -2.8687130713
   2.8388358709    2.0967280249   -2.8687130713
   2.2988358709    1.1614205888   -2.8687130713
   2.8388358709    0.2261131527   -2.8687130713
   3.9188358709    0.2261131527   -2.8687130713
   3.3788358709    1.1614205888   -3.1580981991
   3.4854138235    1.0261359925    2.9100377475
   4.5654138235    1.0261359925    2.6206526196
   4.0254138235    1.9614434286    2.6206526196
   2.9454138235    1.9614434286    2.6206526196
   2.4054138235    1.0261359925    2.6206526196
   2.9454138235    0.0908285564    2.6206526196
   4.0254138235    0.0908285564    2.6206526196
   5.3560286957    1.0261359925    1.8300377475
   5.0590751933    2.0374667462    1.8300377475
   4.2624953250    2.7277071313    1.8300377475
   3.2191975705    2.8777107025    1.8300377475
   4.7124336764    2.8037811429    0.7500377475
   3.7457730529    3.1703871606    0.7500377475
   4.1517302913   -2.2960391612    1.5066273678
   3.6117302913   -3.2313465973    1.5066273678
   4.9423451634   -2.2960391612    0.7160124957
   2.8055140383   -4.1476138712    0.7160124957
   3.8488117927   -3.9976102999    0.7160124957
   4.6453916610   -3.3073699148    0.7160124957
   5.2317302913   -2.2960391612   -0.3639875043
   3.3320895206   -4.4402903292   -0.3639875043
   4.2987501442   -4.0736843115   -0.3639875043
   4.9843153067   -3.2998412128   -0.3639875043
   4.9423451634   -2.2960391612   -1.4439875043
   2.8055140383   -4.1476138712   -1.4439875043
   3.8488117927   -3.9976102999   -1.4439875043
   4.6453916610   -3.3073699148   -1.4439875043
   4.1517302913   -2.2960391612   -2.2346023765
   3.6117302913   -3.2313465973   -2.2346023765
  -0.7679762665   -4.0759512863    1.7093133364
  -1.5741925196   -4.9922185602    0.9186984642
  -0.5308947651   -4.8422149889    0.9186984642
  -2.0739228226   -5.1602789344   -0.1613015358
  -1.0476170372   -5.2848950183   -0.1613015358
  -0.0809564136   -4.9182890005   -0.1613015358
  -1.5741925196   -4.9922185602   -1.2413015358
  -0.5308947651   -4.8422149889   -1.2413015358
  -0.7679762665   -4.0759512863   -2.0319164080
  -2.5542597865   -2.4022232619    3.0132295018
  -1.4742597865   -2.4022232619    2.7238443740
  -2.0142597865   -1.4669158258    2.7238443740
  -3.0942597865   -1.4669158258    2.7238443740
  -3.6342597865   -2.4022232619    2.7238443740
  -3.0942597865   -3.3375306979    2.7238443740
  -2.0142597865   -3.3375306979    2.7238443740
  -4.3491016126   -1.8752101511    1.9332295018
  -4.3491016126   -2.9292363727    1.9332295018
  -3.7792520146   -3.8159396553    1.9332295018
  -2.8204760395   -4.2537979718    1.9332295018
  -4.6514941121   -1.8853014270    0.8532295018
  -4.6514941121   -2.9191450967    0.8532295018
  -4.1710430025   -3.8345682037    0.8532295018
  -4.7574910808   -1.7519096208   -0.8953488623
  -4.7574910808   -2.7857532905   -0.8953488623
  -4.2770399712   -3.7011763974   -0.8953488623
  -3.8852489833   -0.8551150622   -1.9753488623
  -4.4550985813   -1.7418183448   -1.9753488623
  -4.4550985813   -2.7958445664   -1.9753488623
  -3.8852489833   -3.6825478491   -1.9753488623
  -2.9264730081   -4.1204061656   -1.9753488623
  -1.5802567551   -2.2688314556   -2.7659637345
  -2.1202567551   -1.3335240196   -2.7659637345
  -3.2002567551   -1.3335240196   -2.7659637345
  -3.7402567551   -2.2688314556   -2.7659637345
  -3.2002567551   -3.2041388917   -2.7659637345
  -2.1202567551   -3.2041388917   -2.7659637345
  -2.6602567551   -2.2688314556   -3.0553488623
  -2.3746290614    2.5006376176    3.3789588357
  -1.2946290614    2.5006376176    3.0895737079
  -1.8346290614    3.4359450537    3.0895737079
  -2.9146290614    3.4359450537    3.0895737079
  -3.4546290614    2.5006376176    3.0895737079
  -2.9146290614    1.5653301815    3.0895737079
  -1.8346290614    1.5653301815    3.0895737079
  -2.6408453144    4.3522123276    2.2989588357
  -3.5996212896    3.9143540110    2.2989588357
  -4.1694708876    3.0276507284    2.2989588357
  -4.1694708876    1.9736245068    2.2989588357
  -3.9914122775    3.9329825594    1.2189588357
  -4.4718633871    3.0175594525    1.2189588357
  -4.4718633871    1.9837157827    1.2189588357
  -3.2472273025    4.6546183326   -0.5278063571
  -4.0980639626    4.0673281902   -0.5278063571
  -4.5785150722    3.1519050832   -0.5278063571
  -4.5785150722    2.1180614135   -0.5278063571
  -2.7474969995    4.4865579584   -1.6078063571
  -3.7062729747    4.0486996418   -1.6078063571
  -4.2761225727    3.1619963592   -1.6078063571
  -4.2761225727    2.1079701376   -1.6078063571
  -1.4012807465    2.6349832484   -2.3984212293
  -1.9412807465    3.5702906845   -2.3984212293
  -3.0212807465    3.5702906845   -2.3984212293
  -3.5612807465    2.6349832484   -2.3984212293
  -3.0212807465    1.6996758123   -2.3984212293
  -1.9412807465    1.6996758123   -2.3984212293
  -2.4812807465    2.6349832484   -2.6878063571
  -0.5532836516    4.2639843979    2.1932893564
  -0.3162021501    5.0302481005    1.4026744842
  -1.3594999046    5.1802516718    1.4026744842
   0.1337362014    5.1063221121    0.3226744842
  -0.8329244222    5.4729281299    0.3226744842
  -1.8592302076    5.3483120460    0.3226744842
  -0.3162021501    5.0302481005   -0.7573255158
  -1.3594999046    5.1802516718   -0.7573255158
  -0.5532836516    4.2639843979   -1.5479403880
   3.9351152131   -0.4218401161    2.6471333718
   4.2231558679   -1.2873462459    2.1261888388
   5.0443270407   -0.5757973742    2.1261888388
   6.0201612095    0.4667542820    1.3280555095
   5.7955457196    1.5234870787    1.3280555095
   6.1770026411    1.5340150628    0.3490000425
   5.6054301318    2.4571363611    0.3490000425
   4.7389847639    3.1114455307    0.3490000425
   3.6946847854    3.4085744923    0.3490000425
   6.1770026411    1.5340150628   -0.6928890235
   5.6054301318    2.4571363611   -0.6928890235
   5.7955457196    1.5234870787   -1.6719444905
   5.3504478272    0.4667542820   -2.4700778199
   4.2231558679   -1.2873462459   -2.4700778199
   3.9351152131   -0.4218401161   -2.9910223529
   2.2402742258   -0.3760339797    2.8348243036
   2.7533044408   -1.2646283779    2.6539021659
   1.7272440108    0.5125604185   -2.9842535588
   2.2402742258   -0.3760339797   -3.1651756964
   2.1866342479   -1.7005536034    2.7358730955
   3.2126946779   -1.7005536034    2.5549509579
   2.6996644629   -2.5891480016    2.5549509579
   4.1149970770   -1.7005536034    2.0340064249
   2.9877051176   -3.4546541314    2.0340064249
   3.8088762905   -2.7431052597    2.0340064249
   2.9894839499   -4.1714709140    1.2358730955
   4.1149970770   -1.7005536034   -2.5622602338
   2.9877051176   -3.4546541314   -2.5622602338
   3.2126946779   -1.7005536034   -3.0832047668
   1.6736040329   -0.8119592052   -3.0832047668
   2.6996644629   -2.5891480016   -3.0832047668
   2.1866342479   -1.7005536034   -3.2641269045
   0.9733271866   -2.1934884522    2.7713326631
   0.4602969716   -3.0820828504    2.5904105254
   1.4863574015   -3.0820828504    2.5904105254
  -0.2894819110   -3.6508478395    2.0694659924
   0.6988925424   -4.1022233281    2.0694659924
   1.7743980563   -3.9475889802    2.0694659924
   0.7017542727   -4.7773321302    1.2713326631
   1.7761768885   -4.6644057628    1.2713326631
   0.1648108835   -5.0351285035    0.2922771961
   1.2459269738   -5.1353086625    0.2922771961
   2.2902269523   -4.8381797008    0.2922771961
   0.1648108835   -5.0351285035   -0.7496118699
   1.2459269738   -5.1353086625   -0.7496118699
   2.2902269523   -4.8381797008   -0.7496118699
   0.7017542727   -4.7773321302   -1.7286673369
   1.7761768885   -4.6644057628   -1.7286673369
  -0.2894819110   -3.6508478395   -2.5268006663
   0.6988925424   -4.1022233281   -2.5268006663
   1.7743980563   -3.9475889802   -2.5268006663
  -0.0527332434   -2.1934884522   -3.0477451993
   0.4602969716   -3.0820828504   -3.0477451993
   1.4863574015   -3.0820828504   -3.0477451993
   0.9733271866   -2.1934884522   -3.2286673369
   0.1900444439   -1.1069356744    2.9029238306
   1.2161048739   -1.1069356744    2.7220016930
  -0.3229857711   -1.9955300726    2.7220016930
  -0.3229857711   -0.2183412762   -2.9161540318
   0.1900444439   -1.1069356744   -3.0970761694
   0.9236320677    0.0337611843    2.9459170339
  -0.1024283622    0.0337611843    2.7649948963
   1.4366622827   -0.8548332139    2.7649948963
   1.4366622827    0.9223555824   -2.8731608284
  -0.1024283622    0.0337611843   -2.8731608284
   0.9236320677    0.0337611843   -3.0540829661
   0.3420753401    1.3357798769    3.0822355431
   1.3681357701    1.3357798769    2.9013134055
  -0.1709548749    2.2243742751    2.9013134055
   1.3681357701    1.3357798769   -2.7368423193
   0.8551055551    2.2243742751   -2.7368423193
  -0.1709548749    2.2243742751   -2.7368423193
   0.3420753401    1.3357798769   -2.9177644569
   0.9460831103    2.3739042151    2.9259251356
   2.0175967209    2.3739042151    2.7127878267
   1.4818399156    3.3018622224    2.7127878267
   0.4103263050    3.3018622224    2.7127878267
   2.6607259302    3.3638537088    2.1058241229
   1.9360326039    4.0885470351    2.1058241229
   0.9460831103    4.3538032025    2.1058241229
   3.3092997712    3.4260760622    1.1974387462
   2.6770321113    4.2963178382    1.1974387462
   1.7454676439    4.8341568342    1.1974387462
   0.6756823285    4.9465958017    1.1974387462
   3.0153080785    4.2602520174    0.1259251356
   2.1941505065    4.8803614309    0.1259251356
   1.2044345168    5.1619599088    0.1259251356
   2.6770321113    4.2963178382   -0.9455884750
   1.7454676439    4.8341568342   -0.9455884750
   0.6756823285    4.9465958017   -0.9455884750
   2.6607259302    3.3638537088   -1.8539738517
   1.9360326039    4.0885470351   -1.8539738517
   0.9460831103    4.3538032025   -1.8539738517
  -0.0438663834    4.0885470351   -1.8539738517
   1.4818399156    3.3018622224   -2.4609375554
   0.4103263050    3.3018622224   -2.4609375554
   0.9460831103    2.3739042151   -2.6740748644
  -1.0492529015    1.2704815315    3.1614830635
  -0.5362226865    0.3818871333    2.9805609258
  -2.0753133315    1.2704815315   -2.6575947989
  -0.5362226865    0.3818871333   -2.6575947989
  -1.0492529015    1.2704815315   -2.8385169365
  -1.8232616891    0.1149657111    3.1197098916
  -0.7972012591    0.1149657111    2.9387877540
  -2.3362919041   -0.7736286871    2.9387877540
  -2.3362919041    1.0035601093   -2.6993679707
  -2.8493221191    0.1149657111   -2.6993679707
  -1.8232616891    0.1149657111   -2.8802901084
  -3.0178705289    0.1732716874    2.9972114925
  -3.5536273342    1.1012296947    2.7840741835
  -4.0893841396    0.1732716874    2.7840741835
  -3.5536273342   -0.7546863199    2.7840741835
  -4.7325133489    1.1632211811    2.1771104798
  -4.9977695163    0.1732716874    2.1771104798
  -4.7325133489   -0.8166778062    2.1771104798
  -5.1106864081    1.6937914269    1.2687251031
  -5.5482040636    0.7111106834    1.2687251031
  -5.5482040636   -0.3645673086    1.2687251031
  -5.1106864081   -1.3472480521    1.2687251031
  -5.3984785090    1.6472817435    0.1972114925
  -5.7701952080    0.6877703373    0.1972114925
  -5.7701952080   -0.3412269625    0.1972114925
  -5.3984785090   -1.3007383686    0.1972114925
  -5.1106864081    1.6937914269   -0.8743021181
  -5.5482040636    0.7111106834   -0.8743021181
  -5.5482040636   -0.3645673086   -0.8743021181
  -5.1106864081   -1.3472480521   -0.8743021181
  -4.7325133489    1.1632211811   -1.7826874948
  -4.9977695163    0.1732716874   -1.7826874948
  -4.7325133489   -0.8166778062   -1.7826874948
  -3.5536273342    1.1012296947   -2.3896511985
  -4.0893841396    0.1732716874   -2.3896511985
  -1.1763342779   -1.0877547106    2.9874031596
  -0.6633040629   -1.9763491088    2.8064810220
  -0.6633040629   -0.1991603124   -2.8316747027
  -1.1763342779   -1.0877547106   -3.0125968404
  -0.9532737826   -2.3043263226    2.7623414645
  -1.1782633429   -4.0584268506    2.2413969315
  -0.3570921701   -3.3468779789    2.2413969315
  -2.2509071264   -4.8881700006    1.4432636022
  -4.8834528013   -2.8472001719    0.4642081352
  -4.4912354936   -3.8596297489    0.4642081352
  -3.7597719990   -4.6620069800    0.4642081352
  -2.7878505156   -5.1459663739    0.4642081352
  -4.4912354936   -3.8596297489   -0.5776809308
  -3.7597719990   -4.6620069800   -0.5776809308
  -2.7878505156   -5.1459663739   -0.5776809308
  -3.2783723183   -4.5543263226   -1.5567363978
  -2.2509071264   -4.8881700006   -1.5567363978
  -2.2537688567   -4.2130611985   -2.3548697272
  -0.9532737826   -2.3043263226   -2.8758142602
  -1.4663039976   -3.1929207208   -2.8758142602
  -0.7747634823    2.5189165591    3.1225901568
  -0.1785818698    3.5614682154    2.6016456238
  -0.9997530426    4.2730170871    2.6016456238
  -2.0723968261    5.1027602371    1.8035122944
  -3.0998620180    4.7689165591    1.8035122944
  -2.6093402153    5.3605566105    0.8244568274
  -3.5812616987    4.8765972165    0.8244568274
  -4.3127251933    4.0742199854    0.8244568274
  -4.7049425010    3.0617904084    0.8244568274
  -2.6093402153    5.3605566105   -0.2174322386
  -3.5812616987    4.8765972165   -0.2174322386
  -2.0723968261    5.1027602371   -1.1964877056
  -0.9997530426    4.2730170871   -1.9946210349
  -1.2877936973    3.4075109573   -2.5155655679
   6.1685684759   -0.1667988690    1.2223256586
   5.0716558030   -1.8736283044    1.2223256586
   5.8706973100   -1.1812548973    1.2223256586
   6.6319999072   -0.1667988690    0.2600003757
   6.4002841915    0.8484140140    0.2600003757
   5.7510311839   -1.9961492727    0.2600003757
   6.4002841915   -1.1820117520    0.2600003757
   6.6319999072   -0.1667988690   -0.8081001073
   6.4002841915    0.8484140140   -0.8081001073
   5.7510311839   -1.9961492727   -0.8081001073
   6.4002841915   -1.1820117520   -0.8081001073
   6.1685684759   -0.1667988690   -1.7704253903
   5.0716558030   -1.8736283044   -1.7704253903
   5.8706973100   -1.1812548973   -1.7704253903
   5.3334938918   -0.1667988690   -2.4363751488
   4.8128334049   -1.0686092859   -2.4363751488
   3.8994963578    3.4425832303   -0.4640479576
   5.4869471445    2.1766334718   -1.5321484406
   4.8376941368    2.9907709925   -1.5321484406
   3.8994963578    3.4425832303   -1.5321484406
   5.2552314288    1.1614205888   -2.4944737236
   4.9573602630    2.1758766171   -2.4944737236
   4.1583187560    2.8682500242   -2.4944737236
   3.1117969405    3.0187171455   -2.4944737236
   2.1500580987    2.5795057330   -2.4944737236
   4.4201568448    1.1614205888   -3.1604234821
   3.8994963578    2.0632310056   -3.1604234821
   2.8581753840    2.0632310056   -3.1604234821
   2.3375148970    1.1614205888   -3.1604234821
   2.8581753840    0.2596101719   -3.1604234821
   3.8994963578    0.2596101719   -3.1604234821
   3.3788358709    1.1614205888   -3.3980981991
   3.4854138235    1.0261359925    3.1500377475
   4.5267347974    1.0261359925    2.9123630304
   4.0060743104    1.9279464094    2.9123630304
   2.9647533366    1.9279464094    2.9123630304
   2.4440928496    1.0261359925    2.9123630304
   2.9647533366    0.1243255757    2.9123630304
   4.0060743104    0.1243255757    2.9123630304
   5.3618093814    1.0261359925    2.2464132719
   5.0639382156    2.0405920208    2.2464132719
   4.2648967086    2.7329654280    2.2464132719
   3.2183748931    2.8834325492    2.2464132719
   5.5935250971    2.0413488755    1.2840879889
   4.9442720894    2.8554863962    1.2840879889
   4.0060743104    3.3072986340    1.2840879889
   4.9481258492   -2.2960391612    1.1323880201
   3.8512131763   -4.0028685966    1.1323880201
   4.6502546833   -3.3104951895    1.1323880201
   5.4115572805   -2.2960391612    0.1700627372
   3.5923907782   -4.5772018027    0.1700627372
   4.5305885572   -4.1253895649    0.1700627372
   5.1798415648   -3.3112520442    0.1700627372
   5.4115572805   -2.2960391612   -0.8980377458
   3.5923907782   -4.5772018027   -0.8980377458
   4.5305885572   -4.1253895649   -0.8980377458
   5.1798415648   -3.3112520442   -0.8980377458
   4.9481258492   -2.2960391612   -1.8603630288
   3.8512131763   -4.0028685966   -1.8603630288
   4.6502546833   -3.3104951895   -1.8603630288
   4.1130512651   -2.2960391612   -2.5263127873
   3.5923907782   -3.1978495781   -2.5263127873
  -1.5750151969   -4.9979404069    1.3350739887
  -0.5284933815   -4.8474732856    1.3350739887
  -1.8286367535   -5.4218064917    0.3727487057
  -0.7873157796   -5.4218064917    0.3727487057
  -1.8286367535   -5.4218064917   -0.6953517773
  -0.7873157796   -5.4218064917   -0.6953517773
  -1.5750151969   -4.9979404069   -1.6576770602
  -0.5284933815   -4.8474732856   -1.6576770602
  -0.7873157796   -4.0424542671   -2.3236268187
  -2.5542597865   -2.4022232619    3.2532295018
  -1.5129388126   -2.4022232619    3.0155547848
  -2.0335992995   -1.5004128450    3.0155547848
  -3.0749202734   -1.5004128450    3.0155547848
  -3.5955807603   -2.4022232619    3.0155547848
  -3.0749202734   -3.3040336787    3.0155547848
  -2.0335992995   -3.3040336787    3.0155547848
  -4.3546481400   -1.8735815437    2.3496050263
  -4.3546481400   -2.9308649800    2.3496050263
  -3.7830375587   -3.8203084061    2.3496050263
  -2.8212987168   -4.2595198185    2.3496050263
  -1.7747769014   -4.1090526973    2.3496050263
  -4.8940867757   -2.4022232619    1.3872797433
  -4.6623710600   -3.4174361448    1.3872797433
  -4.0131180524   -4.2315736656    1.3872797433
  -5.0000837444   -2.2688314556   -0.3612986208
  -5.0000837444   -2.2688314556   -1.4293991038
  -4.7683680287   -3.2840443386   -1.4293991038
  -4.1191150210   -4.0981818594   -1.4293991038
  -3.8890345274   -0.8507463114   -2.3917243867
  -4.4606451087   -1.7401897375   -2.3917243867
  -4.4606451087   -2.7974731738   -2.3917243867
  -3.8890345274   -3.6869165999   -2.3917243867
  -2.9272956855   -4.1261280123   -2.3917243867
  -1.6189357812   -2.2688314556   -3.0576741452
  -2.1395962682   -1.3670210388   -3.0576741452
  -3.1809172421   -1.3670210388   -3.0576741452
  -3.7015777290   -2.2688314556   -3.0576741452
  -3.1809172421   -3.1706418725   -3.0576741452
  -2.1395962682   -3.1706418725   -3.0576741452
  -2.6602567551   -2.2688314556   -3.2953488623
  -2.3746290614    2.5006376176    3.6189588357
  -1.3333080876    2.5006376176    3.3812841187
  -1.8539685745    3.4024480345    3.3812841187
  -2.8952895484    3.4024480345    3.3812841187
  -3.4159500353    2.5006376176    3.3812841187
  -2.8952895484    1.5988272007    3.3812841187
  -1.8539685745    1.5988272007    3.3812841187
  -2.6416679918    4.3579341743    2.7153343602
  -3.6034068337    3.9187227618    2.7153343602
  -4.1750174150    3.0292793358    2.7153343602
  -4.1750174150    1.9719958994    2.7153343602
  -3.8334873273    4.3299880213    1.7530090772
  -4.4827403350    3.5158505006    1.7530090772
  -4.7144560507    2.5006376176    1.7530090772
  -4.5893920201    3.6501961314    0.0062438843
  -4.8211077358    2.6349832484    0.0062438843
  -3.0019412335    4.9161458899   -1.0618565986
  -3.9401390124    4.4643336521   -1.0618565986
  -4.5893920201    3.6501961314   -1.0618565986
  -4.8211077358    2.6349832484   -1.0618565986
  -2.7483196769    4.4922798051   -2.0241818816
  -3.7100585188    4.0530683926   -2.0241818816
  -4.2816691001    3.1636249666   -2.0241818816
  -4.2816691001    2.1063415302   -2.0241818816
  -1.4399597727    2.6349832484   -2.6901316401
  -1.9606202596    3.5367936653   -2.6901316401
  -3.0019412335    3.5367936653   -2.6901316401
  -3.5226017204    2.6349832484   -2.6901316401
  -3.0019412335    1.7331728315   -2.6901316401
  -1.9606202596    1.7331728315   -2.6901316401
  -2.4812807465    2.6349832484   -2.9278063571
  -0.5726231646    4.2304873787    2.4849997672
  -0.3138007665    5.0355063972    1.8190500087
  -1.3603225819    5.1859735185    1.8190500087
   0.3655746143    5.1580273655    0.8567247257
  -0.5726231646    5.6098396033    0.8567247257
  -1.6139441385    5.6098396033    0.8567247257
   0.3655746143    5.1580273655   -0.2113757573
  -0.5726231646    5.6098396033   -0.2113757573
  -1.6139441385    5.6098396033   -0.2113757573
  -0.3138007665    5.0355063972   -1.1737010402
  -1.3603225819    5.1859735185   -1.1737010402
  -0.5726231646    4.2304873787   -1.8396507987
