#! FIELDS phi metad.bias der_phi
#! SET min_phi -pi
#! SET max_phi pi
#! SET nbins_phi  238
#! SET periodic_phi true
   -3.141592654   76.630634681   44.901559755
   -3.115192715   77.799865255   42.740660345
   -3.088792777   78.901793810   40.375682336
   -3.062392839   79.943390352   38.059423168
   -3.035992901   80.924644171   35.884128217
   -3.009592962   81.850292860   34.106300568
   -2.983193024   82.738509996   32.472083764
   -2.956793086   83.579003297   30.934870175
   -2.930393147   84.378315855   29.531744076
   -2.903993209   85.141793632   27.621378018
   -2.877593271   85.845706795   25.353109688
   -2.851193333   86.486487721   22.839837918
   -2.824793394   87.051782764   19.813279500
   -2.798393456   87.538423101   16.794529574
   -2.771993518   87.948116745   14.075859017
   -2.745593580   88.282385977   11.399769287
   -2.719193641   88.565499425    9.429657082
   -2.692793703   88.792771909    7.853676394
   -2.666393765   88.987860894    6.687860896
   -2.639993827   89.157759723    6.022609718
   -2.613593888   89.307769977    5.470404884
   -2.587193950   89.441831560    4.731149418
   -2.560794012   89.550058756    3.539390073
   -2.534394073   89.631595733    2.283622394
   -2.507994135   89.674202643    0.933784801
   -2.481594197   89.675214876   -0.765018604
   -2.455194259   89.632470268   -2.475941037
   -2.428794320   89.551780222   -4.080469438
   -2.402394382   89.424871653   -5.376377054
   -2.375994444   89.266796531   -6.456959933
   -2.349594506   89.076683597   -7.578920765
   -2.323194567   88.864136508   -8.403963375
   -2.296794629   88.633469560   -9.078833189
   -2.270394691   88.392006105   -9.471388145
   -2.243994753   88.131504281   -9.622044114
   -2.217594814   87.885224404   -9.525005545
   -2.191194876   87.643303175   -8.813145596
   -2.164794938   87.413894900   -7.971508061
   -2.138395000   87.215561541   -7.074214052
   -2.111995061   87.041808915   -6.103576169
   -2.085595123   86.896286494   -5.218994551
   -2.059195185   86.766908029   -4.297444938
   -2.032795246   86.662640132   -3.891478092
   -2.006395308   86.566339137   -3.370363082
   -1.979995370   86.482495409   -2.943658666
   -1.953595432   86.414370732   -2.436043519
   -1.927195493   86.352479367   -1.769233411
   -1.900795555   86.318294082   -0.948146423
   -1.874395617   86.308271887    0.270576113
   -1.847995679   86.333528731    1.546929215
   -1.821595740   86.393896948    2.981661979
   -1.795195802   86.492389712    4.547249616
   -1.768795864   86.633183219    5.922755432
   -1.742395926   86.807422144    7.346022453
   -1.715995987   87.020056048    8.627919408
   -1.689596049   87.264833770    9.920129000
   -1.663196111   87.534844329   10.809706588
   -1.636796172   87.837312653   11.438038655
   -1.610396234   88.144937601   11.709936290
   -1.583996296   88.455100019   11.634566564
   -1.557596358   88.749204642   10.848096055
   -1.531196419   89.020140297    9.653699775
   -1.504796481   89.254297147    8.263649429
   -1.478396543   89.456374722    6.722156756
   -1.451996605   89.609294225    4.803493060
   -1.425596666   89.706144537    2.761728942
   -1.399196728   89.750071379    0.613571505
   -1.372796790   89.739478681   -1.601996238
   -1.346396852   89.669146821   -3.668176870
   -1.319996913   89.544293665   -5.846112406
   -1.293596975   89.358782453   -8.063191166
   -1.267197037   89.106262582  -10.264027361
   -1.240797098   88.804281390  -12.809514497
   -1.214397160   88.436180541  -15.195771400
   -1.187997222   88.003846519  -17.784495454
   -1.161597284   87.494924557  -20.470418662
   -1.135197345   86.915348502  -23.143484467
   -1.108797407   86.267489248  -25.668194291
   -1.082397469   85.552344432  -27.858510877
   -1.055997531   84.795462383  -29.529740441
   -1.029597592   83.989542684  -30.829253191
   -1.003197654   83.157721638  -31.861110276
   -0.976797716   82.311777630  -32.339529539
   -0.950397778   81.449601764  -32.555896907
   -0.923997839   80.586545248  -32.563770347
   -0.897597901   79.724000388  -32.710388380
   -0.871197963   78.848550330  -32.932355621
   -0.844798024   77.964711805  -33.530861564
   -0.818398086   77.068255892  -34.283476023
   -0.791998148   76.148219776  -35.141806810
   -0.765598210   75.200601817  -35.908653528
   -0.739198271   74.239186826  -36.785712434
   -0.712798333   73.262382408  -36.830400970
   -0.686398395   72.280928515  -36.605654190
   -0.659998457   71.312611504  -36.051479167
   -0.633598518   70.370806588  -35.297754070
   -0.607198580   69.446945456  -34.614651228
   -0.580798642   68.531391825  -34.315060436
   -0.554398704   67.612792543  -34.496048121
   -0.527998765   66.692927945  -35.208269308
   -0.501598827   65.751643944  -36.383378908
   -0.475198889   64.772018555  -37.586530182
   -0.448798951   63.759920008  -38.490134345
   -0.422399012   62.729879215  -38.716241105
   -0.395999074   61.707493221  -38.217405308
   -0.369599136   60.717440719  -36.418476354
   -0.343199197   59.789539936  -33.788733067
   -0.316799259   58.943130893  -30.198088903
   -0.290399321   58.189870088  -26.106680237
   -0.263999383   57.546743942  -21.810954249
   -0.237599444   57.031803468  -17.688932648
   -0.211199506   56.613607616  -13.830171478
   -0.184799568   56.291554137  -10.709708351
   -0.158399630   56.041814619   -8.372127669
   -0.131999691   55.843183379   -6.705548248
   -0.105599753   55.679203127   -5.739707184
   -0.079199815   55.534164196   -5.447129905
   -0.052799877   55.391798762   -5.043161621
   -0.026399938   55.267062368   -4.206798921
    0.000000000   55.176822455   -2.538318858
    0.026399938   55.138767179    0.179371633
    0.052799877   55.196263407    3.913767471
    0.079199815   55.366151986    8.768521625
    0.105599753   55.662710925   13.987490265
    0.131999691   56.102346162   19.167011968
    0.158399630   56.677481592   23.968350565
    0.184799568   57.368321642   27.940234962
    0.211199506   58.145884611   30.865296552
    0.237599444   58.990472164   32.692808974
    0.263999383   59.875117865   33.655196874
    0.290399321   60.772852451   34.120315240
    0.316799259   61.679891329   34.040466791
    0.343199197   62.577896665   33.731051269
    0.369599136   63.469335564   33.392261850
    0.395999074   64.346671012   33.417971729
    0.422399012   65.233088182   33.636467730
    0.448798951   66.135715032   34.324552102
    0.475198889   67.054448530   35.286750727
    0.501598827   68.005769159   36.536410348
    0.527998765   68.997597468   38.037799334
    0.554398704   70.026905404   39.616106882
    0.580798642   71.096494391   40.852641853
    0.607198580   72.187902420   41.346608069
    0.633598518   73.278447562   40.741022414
    0.659998457   74.338265348   38.952662717
    0.686398395   75.336869938   36.553004537
    0.712798333   76.264673319   33.501479059
    0.739198271   77.114684750   30.375619933
    0.765598210   77.881437489   27.621184416
    0.791998148   78.588094132   25.480705925
    0.818398086   79.235782284   23.933277280
    0.844798024   79.859345912   22.872004514
    0.871197963   80.454676043   21.768995782
    0.897597901   81.013450449   20.584347270
    0.923997839   81.538766083   18.724593574
    0.950397778   81.998734704   15.984533256
    0.976797716   82.378226816   12.671405575
    1.003197654   82.660618661    8.841838125
    1.029597592   82.839750893    4.645617986
    1.055997531   82.905150275    0.420263497
    1.082397469   82.868059641   -3.443545376
    1.108797407   82.727179558   -7.072257906
    1.135197345   82.484386704  -10.826825250
    1.161597284   82.157184899  -14.231709718
    1.187997222   81.730772037  -17.678815428
    1.214397160   81.214384258  -21.344534108
    1.240797098   80.590512209  -25.237140696
    1.267197037   79.869566271  -29.438951577
    1.293596975   79.032184707  -33.643472560
    1.319996913   78.085327172  -37.967514245
    1.346396852   77.022315694  -42.281668289
    1.372796790   75.848447217  -46.226456348
    1.399196728   74.569305695  -50.071462549
    1.425596666   73.197419842  -53.609294787
    1.451996605   71.738106669  -56.605035117
    1.478396543   70.199298070  -59.119620179
    1.504796481   68.598542295  -61.332500148
    1.531196419   66.949044635  -63.096636479
    1.557596358   65.255709745  -64.595956431
    1.583996296   63.526921048  -65.922714218
    1.610396234   61.767240218  -66.920882106
    1.636796172   59.983438237  -67.591822553
    1.663196111   58.186165411  -68.108655214
    1.689596049   56.378288700  -68.090733270
    1.715995987   54.573209178  -67.881338192
    1.742395926   52.779628318  -67.584665499
    1.768795864   50.993866655  -67.042933766
    1.795195802   49.229119293  -66.166583993
    1.821595740   47.485717166  -65.125150430
    1.847995679   45.776824953  -63.523214941
    1.874395617   44.123313000  -61.261566252
    1.900795555   42.537722267  -58.264693888
    1.927195493   41.039714895  -54.351735396
    1.953595432   39.660608356  -49.813178444
    1.979995370   38.408263509  -44.724417779
    2.006395308   37.288614425  -39.481773461
    2.032795246   36.309485920  -34.201683132
    2.059195185   35.471578194  -29.385153958
    2.085595123   34.756593608  -24.549901943
    2.111995061   34.165812856  -20.089596599
    2.138395000   33.689863583  -15.717902839
    2.164794938   33.332270584  -11.196870356
    2.191194876   33.103357264   -6.372308789
    2.217594814   33.005517916   -1.118386852
    2.243994753   33.049025148    4.451304348
    2.270394691   33.241709599   10.373838903
    2.296794629   33.594091260   16.474516079
    2.323194567   34.106731788   22.373355438
    2.349594506   34.782942383   28.139538721
    2.375994444   35.595259455   33.582255954
    2.402394382   36.552765402   38.272142477
    2.428794320   37.622208699   42.223376251
    2.455194259   38.777295954   45.210487713
    2.481594197   40.002384320   47.280683836
    2.507994135   41.277058451   48.513320495
    2.534394073   42.570190527   49.161967519
    2.560794012   43.880005254   49.480472484
    2.587193950   45.193729580   49.768570872
    2.613593888   46.525282895   50.466058283
    2.639993827   47.875204719   51.521228232
    2.666393765   49.260143422   53.245610561
    2.692793703   50.698586885   55.207851318
    2.719193641   52.195337362   57.622937090
    2.745593580   53.756996467   59.851787587
    2.771993518   55.373258782   61.716387467
    2.798393456   57.023378119   63.004943848
    2.824793394   58.704505298   63.631537270
    2.851193333   60.394492180   63.636416275
    2.877593271   62.079012087   63.130163510
    2.903993209   63.737870889   62.176995840
    2.930393147   65.365100732   60.642920249
    2.956793086   66.955309959   58.983517255
    2.983193024   68.499869976   57.179557758
    3.009592962   69.987419359   55.214806884
    3.035992901   71.426984397   53.214526303
    3.062392839   72.807221856   51.077250473
    3.088792777   74.137801234   49.057284234
    3.115192715   75.411826537   47.066780779
