#! FIELDS phi psi file.free der_phi der_psi
#! SET min_phi -pi
#! SET max_phi pi
#! SET nbins_phi  32
#! SET periodic_phi true
#! SET min_psi -pi
#! SET max_psi pi
#! SET nbins_psi  18
#! SET periodic_psi true
   -3.141592654   -3.141592654   18.451482160  -54.497103193   18.135214595
   -2.945243113   -3.141592654    9.570853954  -35.250941881   20.574225347
   -2.748893572   -3.141592654    4.754277293  -14.114627113   21.983333549
   -2.552544031   -3.141592654    3.779694255    3.057091378   22.599014199
   -2.356194490   -3.141592654    5.457650160   12.591155929   22.970593668
   -2.159844949   -3.141592654    8.217137279   14.395518314   23.771339071
   -1.963495408   -3.141592654   10.818946473   11.739754723   25.504300944
   -1.767145868   -3.141592654   12.859363209    9.498994328   28.222834309
   -1.570796327   -3.141592654   14.847032452   11.680401371   31.434377579
   -1.374446786   -3.141592654   17.833166495   19.613801120   34.263826579
   -1.178097245   -3.141592654   22.818737645   31.486485362   35.795159659
   -0.981747704   -3.141592654   30.214162996   43.417135034   35.398926023
   -0.785398163   -3.141592654   39.595424646   50.988169738   32.881021324
   -0.589048623   -3.141592654   49.753359439   50.906360894   28.434828900
   -0.392699082   -3.141592654   59.008844445   41.716087419   22.489610456
   -0.196349541   -3.141592654   65.604422300   24.165903289   15.574826438
    0.000000000   -3.141592654   68.150105860    1.139719777    8.245338539
    0.196349541   -3.141592654   66.028332052  -22.397604060    1.068389361
    0.392699082   -3.141592654   59.743501756  -40.208359414   -5.375192220
    0.589048623   -3.141592654   51.013041422  -46.478855644  -10.507159130
    0.785398163   -3.141592654   42.462048643  -38.271608888  -13.843381120
    0.981747704   -3.141592654   36.839364959  -17.393966036  -15.141820481
    1.178097245   -3.141592654   36.047413739    9.532056461  -14.532853256
    1.374446786   -3.141592654   40.384857244   33.295642601  -12.509357010
    1.570796327   -3.141592654   48.384248219   45.767361751   -9.719570216
    1.767145868   -3.141592654   57.341558708   42.800739969   -6.689949762
    1.963495408   -3.141592654   64.246005241   25.442916705   -3.631420315
    2.159844949   -3.141592654   66.728584025   -1.113001907   -0.467986593
    2.356194490   -3.141592654   63.683550773  -29.602614792    2.984176807
    2.552544031   -3.141592654   55.447892574  -52.911992285    6.804832471
    2.748893572   -3.141592654   43.592917930  -65.821944287   10.851836965
    2.945243113   -3.141592654   30.443450740  -66.020671371   14.775306864

   -3.141592654   -2.792526803   26.640250887  -49.769300280   26.312412392
   -2.945243113   -2.792526803   18.461185553  -32.861556827   28.610212607
   -2.748893572   -2.792526803   13.898291485  -13.828000230   29.539587805
   -2.552544031   -2.792526803   12.840741599    2.121205849   29.470042056
   -2.356194490   -2.792526803   14.321132138   11.749792176   29.081945504
   -2.159844949   -2.792526803   17.034917378   14.959036140   29.126111556
   -1.963495408   -2.792526803   19.953284060   14.451004269   30.103725204
   -1.767145868   -2.792526803   22.725896552   14.115636578   32.000265491
   -1.570796327   -2.792526803   25.710341343   16.940488325   34.226769050
   -1.374446786   -2.792526803   29.640704878   23.648116578   35.827185275
   -1.178097245   -2.792526803   35.144885162   32.480333348   35.852342372
   -0.981747704   -2.792526803   42.332987059   40.197528732   33.712470204
   -0.785398163   -2.792526803   50.640620959   43.320708559   29.340192729
   -0.589048623   -2.792526803   58.902965480   39.447960970   23.144147160
   -0.392699082   -2.792526803   65.639174175   27.780641434   15.818642784
   -0.196349541   -2.792526803   69.388912086    9.407460380    8.147684650
    0.000000000   -2.792526803   69.094971653  -12.751424539    0.850259445
    0.196349541   -2.792526803   64.452888103  -33.963166800   -5.481615288
    0.392699082   -2.792526803   56.214602016  -48.404615970  -10.399056391
    0.589048623   -2.792526803   46.252195582  -50.790830165  -13.590441472
    0.785398163   -2.792526803   37.234385453  -38.769724064  -14.913676409
    0.981747704   -2.792526803   31.837755868  -14.733984928  -14.452889706
    1.178097245   -2.792526803   31.789355929   14.254296760  -12.554528298
    1.374446786   -2.792526803   37.157019544   38.899593903   -9.752513106
    1.570796327   -2.792526803   46.269458552   51.416044166   -6.561344406
    1.767145868   -2.792526803   56.317508264   48.289208232   -3.268996307
    1.963495408   -2.792526803   64.308271966   31.108611934    0.155431004
    2.159844949   -2.792526803   67.963165823    5.236936051    3.936899640
    2.356194490   -2.792526803   66.255468931  -22.337436872    8.266338580
    2.552544031   -2.792526803   59.518041442  -45.015853272   13.096677743
    2.748893572   -2.792526803   49.216872894  -58.053532151   18.083498292
    2.945243113   -2.792526803   37.501374950  -59.353329379   22.677582051

   -3.141592654   -2.443460953   35.154067894  -45.231340279   23.005491685
   -2.945243113   -2.443460953   27.661016804  -30.412970751   24.800774150
   -2.748893572   -2.443460953   23.396724418  -13.136309917   25.511852221
   -2.552544031   -2.443460953   22.366275654    1.875131312   25.450786738
   -2.356194490   -2.443460953   23.792301851   11.616818332   25.108921073
   -2.159844949   -2.443460953   26.565480484   15.799863504   24.980101643
   -1.963495408   -2.443460953   29.769925150   16.493282020   25.342542120
   -1.767145868   -2.443460953   33.016314107   16.724971053   26.092775311
   -1.570796327   -2.443460953   36.461894080   18.769992333   26.732731071
   -1.374446786   -2.443460953   40.545208798   23.136118362   26.546432045
   -1.178097245   -2.443460953   45.616707377   28.460271909   24.887468349
   -0.981747704   -2.443460953   51.634637333   32.329358286   21.442569507
   -0.785398163   -2.443460953   58.060398206   32.197587794   16.342814963
   -0.589048623   -2.443460953   63.920680415   26.367476854   10.108923941
   -0.392699082   -2.443460953   68.027863421   14.370105121    3.465463245
   -0.196349541   -2.443460953   69.239835897   -2.794126704   -2.850560877
    0.000000000   -2.443460953   66.767325354  -22.585876975   -8.260157657
    0.196349541   -2.443460953   60.482258629  -40.799726073  -12.406228856
    0.392699082   -2.443460953   51.210480217  -52.099128431  -15.147793671
    0.589048623   -2.443460953   40.816098630  -51.547313829  -16.490788091
    0.785398163   -2.443460953   31.904386197  -37.009717987  -16.525481615
    0.981747704   -2.443460953   27.052145966  -11.048229684  -15.398019240
    1.178097245   -2.443460953   27.857332479   19.148120629  -13.328734521
    1.374446786   -2.443460953   34.245699641   44.312019553  -10.604171532
    1.570796327   -2.443460953   44.432095240   56.903348603   -7.498365007
    1.767145868   -2.443460953   55.559779885   53.832964917   -4.175417201
    1.963495408   -2.443460953   64.669241285   37.026337787   -0.631609609
    2.159844949   -2.443460953   69.554828829   11.896920591    3.226403704
    2.356194490   -2.443460953   69.238247676  -14.859448609    7.444084463
    2.552544031   -2.443460953   64.022795360  -37.100443079   11.891436514
    2.748893572   -2.443460953   55.259411377  -50.458695901   16.247118972
    2.945243113   -2.443460953   44.932338482  -52.951857506   20.082133197

   -3.141592654   -2.094395102   41.433977098  -41.424373794   13.223935018
   -2.945243113   -2.094395102   34.547604122  -28.048800195   14.286878301
   -2.748893572   -2.094395102   30.615182408  -12.074002085   14.856074185
   -2.552544031   -2.094395102   29.695954513    2.028711329   15.091068240
   -2.356194490   -2.094395102   31.105212804   11.375838508   15.147365428
   -2.159844949   -2.094395102   33.826150724   15.545591974   15.111153250
   -1.963495408   -2.094395102   36.981581669   16.201322871   14.936210169
   -1.767145868   -2.094395102   40.125277290   15.839546008   14.422691134
   -1.570796327   -2.094395102   43.264125500   16.367920632   13.267249901
   -1.374446786   -2.094395102   46.652379438   18.347535551   11.184425896
   -1.178097245   -2.094395102   50.514283517   20.940278053    8.041623556
   -0.981747704   -2.094395102   54.816351371   22.518133750    3.947958636
   -0.785398163   -2.094395102   59.179996043   21.245388559   -0.752387012
   -0.589048623   -2.094395102   62.897654853   15.747322327   -5.559436964
   -0.392699082   -2.094395102   65.064218471    5.424421605   -9.951770734
   -0.196349541   -2.094395102   64.757022189   -9.231910045  -13.501691882
    0.000000000   -2.094395102   61.288076825  -26.311384771  -15.990384330
    0.196349541   -2.094395102   54.512973287  -42.151638990  -17.432001564
    0.392699082   -2.094395102   45.158759798  -51.690759601  -18.025601982
    0.589048623   -2.094395102   34.967693445  -49.963487952  -18.017356438
    0.785398163   -2.094395102   26.450477469  -34.607121629  -17.558283751
    0.981747704   -2.094395102   22.137599920   -7.959661269  -16.638999417
    1.178097245   -2.094395102   23.612198428   22.874506022  -15.156087074
    1.374446786   -2.094395102   30.788758457   48.600803886  -13.037476430
    1.570796327   -2.094395102   41.863494525   61.641524118  -10.324469053
    1.767145868   -2.094395102   53.961041155   58.967195703   -7.166249278
    1.963495408   -2.094395102   64.119789881   42.581915537   -3.742498165
    2.159844949   -2.094395102   70.141652461   17.908535955   -0.225692826
    2.356194490   -2.094395102   71.044646827   -8.490514537    3.228968082
    2.552544031   -2.094395102   67.092653736  -30.674326373    6.454318610
    2.748893572   -2.094395102   59.559700540  -44.443505894    9.280229214
    2.945243113   -2.094395102   50.332244761  -47.849309441   11.561417433

   -3.141592654   -1.745329252   43.985693972  -39.019408817    4.585362948
   -2.945243113   -1.745329252   37.518208587  -26.214680142    5.071902308
   -2.748893572   -1.745329252   33.879651981  -10.938495164    5.442967293
   -2.552544031   -1.745329252   33.105310913    2.352666022    5.650978524
   -2.356194490   -1.745329252   34.492848650   10.818872788    5.540810907
   -2.159844949   -1.745329252   37.011476611   14.021482139    4.901573516
   -1.963495408   -1.745329252   39.759623500   13.541247687    3.531706225
   -1.767145868   -1.745329252   42.249339338   11.796877045    1.312424434
   -1.570796327   -1.745329252   44.441707022   10.754012621   -1.733452947
   -1.374446786   -1.745329252   46.575654534   11.227790224   -5.410958971
   -1.178097245   -1.745329252   48.925972628   12.779790506   -9.373711958
   -0.981747704   -1.745329252   51.590342111   14.166723763  -13.189544926
   -0.785398163   -1.745329252   54.381705170   13.766757523  -16.434193177
   -0.589048623   -1.745329252   56.799514321   10.129137539  -18.773164524
   -0.392699082   -1.745329252   58.101789202    2.314125767  -20.031208914
   -0.196349541   -1.745329252   57.441952484   -9.747621154  -20.218607840
    0.000000000   -1.745329252   54.089652911  -24.736227326  -19.561401487
    0.196349541   -1.745329252   47.753322180  -39.435153757  -18.453283526
    0.392699082   -1.745329252   38.957220335  -48.877148304  -17.346960840
    0.589048623   -1.745329252   29.265385119  -47.762167100  -16.571479183
    0.785398163   -1.745329252   21.107808331  -33.102398731  -16.172522209
    0.981747704   -1.745329252   17.058619024   -6.665198051  -15.879227057
    1.178097245   -1.745329252   18.824865498   24.661878573  -15.253230669
    1.374446786   -1.745329252   26.445307276   51.382049377  -13.928245467
    1.570796327   -1.745329252   38.173472232   65.480105374  -11.794870839
    1.767145868   -1.745329252   51.106034793   63.555295242   -9.032387912
    1.963495408   -1.745329252   62.201429415   47.443988711   -5.992254893
    2.159844949   -1.745329252   69.170282820   22.628407387   -3.054782117
    2.356194490   -1.745329252   70.963991026   -4.175475079   -0.506704555
    2.552544031   -1.745329252   67.811583115  -26.854569394    1.496710845
    2.748893572   -1.745329252   60.980775797  -41.108274338    2.942023315
    2.945243113   -1.745329252   52.363486179  -44.967383276    3.921318634

   -3.141592654   -1.396263402   42.274686270  -39.384167111    2.518400408
   -2.945243113   -1.396263402   35.775627274  -26.159456186    2.403746724
   -2.748893572   -1.396263402   32.185524266  -10.551773661    2.242493615
   -2.552544031   -1.396263402   31.484338131    2.602691973    1.912245980
   -2.356194490   -1.396263402   32.851833059   10.234934097    1.144208044
   -2.159844949   -1.396263402   35.114461050   11.889027164   -0.381084345
   -1.963495408   -1.396263402   37.249833517    9.386947850   -2.898997886
   -1.767145868   -1.396263402   38.719869289    5.610415246   -6.420784151
   -1.570796327   -1.396263402   39.540577095    3.113434485  -10.664715417
   -1.374446786   -1.396263402   40.118125271    3.230386287  -15.096850383
   -1.178097245   -1.396263402   40.974133363    5.786489956  -19.074488896
   -0.981747704   -1.396263402   42.469083693    9.429000877  -22.025635428
   -0.785398163   -1.396263402   44.621983931   12.084737850  -23.588857652
   -0.589048623   -1.396263402   47.027684088   11.652216724  -23.661299948
   -0.392699082   -1.396263402   48.907171511    6.539594563  -22.392210723
   -0.196349541   -1.396263402   49.260160564   -3.868415632  -20.128517070
    0.000000000   -1.396263402   47.114293908  -18.569164017  -17.377041846
    0.196349541   -1.396263402   41.901387160  -34.375424224  -14.704907344
    0.392699082   -1.396263402   33.900073684  -45.961859104  -12.601753566
    0.589048623   -1.396263402   24.538312166  -47.290401612  -11.313822686
    0.785398163   -1.396263402   16.277258791  -34.457785545  -10.744862663
    0.981747704   -1.396263402   11.887746727   -8.530822079  -10.496930769
    1.178097245   -1.396263402   13.359497393   23.740997677  -10.065627576
    1.374446786   -1.396263402   20.978293537   52.370274112   -9.072943173
    1.570796327   -1.396263402   33.105284584   68.486657213   -7.419566139
    1.767145868   -1.396263402   46.776191643   67.898706539   -5.286687583
    1.963495408   -1.396263402   58.767876318   52.030746084   -3.008674196
    2.159844949   -1.396263402   66.575735609   26.441117532   -0.930764968
    2.356194490   -1.396263402   68.988960383   -1.740475229    0.706353514
    2.552544031   -1.396263402   66.170628332  -25.854713678    1.796693986
    2.748893572   -1.396263402   59.424090905  -41.157026952    2.370503858
    2.945243113   -1.396263402   50.743483929  -45.454642145    2.553823661

   -3.141592654   -1.047197551   39.361381935  -42.062591389    4.522588803
   -2.945243113   -1.047197551   32.399617808  -28.143842704    3.450959181
   -2.748893572   -1.047197551   28.500142255  -11.747575433    2.185509183
   -2.552544031   -1.047197551   27.611062876    1.767635927    0.700508845
   -2.356194490   -1.047197551   28.784332928    8.932617859   -1.183758982
   -2.159844949   -1.047197551   30.670028466    9.219720248   -3.734023420
   -1.963495408   -1.047197551   32.100113195    4.842959597   -7.149553164
   -1.767145868   -1.047197551   32.506280999   -0.571660056  -11.370062888
   -1.570796327   -1.047197551   32.031618688   -3.672667291  -15.973662778
   -1.374446786   -1.047197551   31.339606931   -2.651856167  -20.244609481
   -1.178097245   -1.047197551   31.250711050    2.250491061  -23.400969564
   -0.981747704   -1.047197551   32.360125027    9.121348116  -24.864369283
   -0.785398163   -1.047197551   34.783914807   15.101642924  -24.438481072
   -0.589048623   -1.047197551   38.062129265   17.360663129  -22.325291282
   -0.392699082   -1.047197551   41.237191604   13.809989715  -19.031838469
   -0.196349541   -1.047197551   43.059081759    3.581448439  -15.207219583
    0.000000000   -1.047197551   42.281429303  -12.295401253  -11.495671354
    0.196349541   -1.047197551   38.096016261  -30.313265741   -8.381528160
    0.392699082   -1.047197551   30.635192530  -44.522993759   -6.088273398
    0.589048623   -1.047197551   21.324058255  -48.085694781   -4.558553236
    0.785398163   -1.047197551   12.773230595  -36.397834460   -3.536748315
    0.981747704   -1.047197551    8.004972178  -10.232773532   -2.709180533
    1.178097245   -1.047197551    9.264206861   23.411115239   -1.835693047
    1.374446786   -1.047197551   16.998070510   53.873556102   -0.800848955
    1.570796327   -1.047197551   29.580504728   71.503177973    0.397958821
    1.767145868   -1.047197551   43.923846490   71.553561412    1.693866246
    1.963495408   -1.047197551   56.610632371   55.283375000    2.986563440
    2.159844949   -1.047197551   64.947157259   28.464557092    4.154670383
    2.356194490   -1.047197551   67.599856211   -1.355451111    5.070881183
    2.552544031   -1.047197551   64.696856883  -27.056010730    5.612460735
    2.748893572   -1.047197551   57.590755324  -43.519483015    5.696690516
    2.945243113   -1.047197551   48.384818973  -48.321228169    5.310254699

   -3.141592654   -0.698131701   39.425680207  -45.452914055    4.269069972
   -2.945243113   -0.698131701   31.774900168  -31.714464658    1.828376209
   -2.748893572   -0.698131701   27.175421039  -15.295479635   -0.802770450
   -2.552544031   -0.698131701   25.584172613   -1.890146491   -3.474596897
   -2.356194490   -0.698131701   25.993767458    4.723660919   -6.233896162
   -2.159844949   -0.698131701   26.957180067    3.972519624   -9.284511197
   -1.963495408   -0.698131701   27.241399544   -1.544457450  -12.794009121
   -1.767145868   -0.698131701   26.324220412   -7.498425823  -16.641313505
   -1.570796327   -0.698131701   24.536895265   -9.864815102  -20.300286660
   -1.374446786   -0.698131701   22.825243371   -6.605986227  -22.973562089
   -1.178097245   -0.698131701   22.276251608    1.643959813  -23.931771016
   -0.981747704   -0.698131701   23.623814936   12.115698137  -22.850905588
   -0.785398163   -0.698131701   26.940630764   21.027663772  -19.954960066
   -0.589048623   -0.698131701   31.565648095   24.899190721  -15.896728234
   -0.392699082   -0.698131701   36.253543273   21.430436817  -11.496389380
   -0.196349541   -0.698131701   39.467472410    9.949448645   -7.456842531
    0.000000000   -0.698131701   39.746477700   -7.981066718   -4.178963735
    0.196349541   -0.698131701   36.193832725  -28.134678788   -1.689332710
    0.392699082   -0.698131701   28.995990876  -43.878205110    0.281872669
    0.589048623   -0.698131701   19.741756619  -47.981370762    2.096294592
    0.785398163   -0.698131701   11.238555976  -35.897105264    3.969868286
    0.981747704   -0.698131701    6.654999926   -8.825281472    5.848301974
    1.178097245   -0.698131701    8.283242998   25.712567120    7.473300557
    1.374446786   -0.698131701   16.528487039   56.695863285    8.594398807
    1.570796327   -0.698131701   29.677547251   74.372298257    9.143497861
    1.767145868   -0.698131701   44.556079371   74.078256637    9.262566731
    1.963495408   -0.698131701   57.682456138   57.196400349    9.181741795
    2.159844949   -0.698131701   66.319205233   29.583259046    9.059696943
    2.356194490   -0.698131701   69.100906061   -1.181829612    8.890669747
    2.552544031   -0.698131701   66.129325364  -27.936247610    8.510659695
    2.748893572   -0.698131701   58.744945646  -45.459906511    7.694274541
    2.945243113   -0.698131701   49.066223979  -51.153764204    6.280467043

   -3.141592654   -0.349065850   40.523249177  -50.711353297    3.218231414
   -2.945243113   -0.349065850   31.773982784  -37.525466628   -0.207967008
   -2.748893572   -0.349065850   26.030421950  -21.045418354   -3.687068736
   -2.552544031   -0.349065850   23.344309428   -7.278175561   -6.955043399
   -2.356194490   -0.349065850   22.722417365   -0.446462264   -9.974756429
   -2.159844949   -0.349065850   22.661971582   -1.336317545  -12.904659332
   -1.963495408   -0.349065850   21.879785096   -7.056308935  -15.878105613
   -1.767145868   -0.349065850   19.905236323  -12.586344901  -18.727994050
   -1.570796327   -0.349065850   17.261002595  -13.261371637  -20.889205680
   -1.374446786   -0.349065850   15.160880460   -6.975662098  -21.601205504
   -1.178097245   -0.349065850   14.898627213    4.959696733  -20.323597944
   -0.981747704   -0.349065850   17.230097890   18.650431559  -17.085441118
   -0.785398163   -0.349065850   22.032229534   29.326474335  -12.540215858
   -0.589048623   -0.349065850   28.307331997   33.101016487   -7.688678220
   -0.392699082   -0.349065850   34.462741341   27.968490335   -3.459027986
   -0.196349541   -0.349065850   38.726781254   14.056085484   -0.353051648
    0.000000000   -0.349065850   39.583972685   -6.088831562    1.697481278
    0.196349541   -0.349065850   36.265225290  -27.429116116    3.234904632
    0.392699082   -0.349065850   29.200201204  -43.016834022    4.973698977
    0.589048623   -0.349065850   20.219584986  -45.951967941    7.399748960
    0.785398163   -0.349065850   12.253777323  -32.509361319   10.471407477
    0.981747704   -0.349065850    8.421366735   -4.737996951   13.613782324
    1.178097245   -0.349065850   10.835561889   29.448442613   16.037985523
    1.374446786   -0.349065850   19.708272422   59.255421088   17.189049185
    1.570796327   -0.349065850   33.221299767   75.539308219   17.015210314
    1.767145868   -0.349065850   48.216594616   74.186944651   15.918403482
    1.963495408   -0.349065850   61.303914024   56.771044117   14.456601211
    2.159844949   -0.349065850   69.834057612   28.947408859   13.034599975
    2.356194490   -0.349065850   72.467187911   -2.102510317   11.740205639
    2.552544031   -0.349065850   69.254867001  -29.546560734   10.375279773
    2.748893572   -0.349065850   61.447358121  -48.224731925    8.620872991
    2.945243113   -0.349065850   51.092480149  -55.279313943    6.239138670

   -3.141592654    0.000000000   41.299573386  -57.101148194    1.160679512
   -2.945243113    0.000000000   31.248763214  -44.246261274   -2.342555697
   -2.748893572    0.000000000   24.212889828  -27.376356786   -5.662735559
   -2.552544031    0.000000000   20.357974888  -12.821633184   -8.552814923
   -2.356194490    0.000000000   18.722591276   -5.261674734  -10.999429876
   -2.159844949    0.000000000   17.766186194   -5.678057710  -13.168955443
   -1.963495408    0.000000000   16.176513797  -10.881756423  -15.175705562
   -1.767145868    0.000000000   13.550938930  -15.224764383  -16.831401125
   -1.570796327    0.000000000   10.596698636  -13.577485359  -17.602328360
   -1.374446786    0.000000000    8.745488769   -4.020378030  -16.864707445
   -1.178097245    0.000000000    9.398380403   11.236345874  -14.320996023
   -0.981747704    0.000000000   13.204378906   27.118545748  -10.280342334
   -0.785398163    0.000000000   19.729310590   38.059202504   -5.598776609
   -0.589048623    0.000000000   27.583647911   40.179935735   -1.301008754
   -0.392699082    0.000000000   34.865870720   32.271879611    1.882713618
   -0.196349541    0.000000000   39.701153660   15.688554993    3.816584132
    0.000000000    0.000000000   40.712063193   -5.879904032    4.986541341
    0.196349541    0.000000000   37.444472378  -26.807375949    6.246101289
    0.392699082    0.000000000   30.677084354  -40.419729799    8.393889218
    0.589048623    0.000000000   22.451796314  -40.899308838   11.739022292
    0.785398163    0.000000000   15.655552629  -25.915518115   15.880940561
    0.981747704    0.000000000   13.121938097    1.547889834   19.850395110
    1.178097245    0.000000000   16.588090400   33.630081001   22.580823996
    1.374446786    0.000000000   25.995581088   60.484288109   23.427768042
    1.570796327    0.000000000   39.480735871   74.179595131   22.424300142
    1.767145868    0.000000000   54.044551579   71.368553400   20.157051300
    1.963495408    0.000000000   66.532687991   53.648413726   17.385504975
    2.159844949    0.000000000   74.474394465   26.116637578   14.682106808
    2.356194490    0.000000000   76.576211019   -4.750995001   12.241653773
    2.552544031    0.000000000   72.815332484  -32.598917041    9.919216671
    2.748893572    0.000000000   64.315957538  -52.306393042    7.414063766
    2.945243113    0.000000000   53.033124506  -60.654214116    4.494856526

   -3.141592654    0.349065850   42.875093859  -61.910912439    0.601775083
   -2.945243113    0.349065850   31.853439383  -49.234694201   -1.734124856
   -2.748893572    0.349065850   23.855337245  -32.112194657   -3.784206479
   -2.552544031    0.349065850   19.119184527  -17.032151183   -5.481658937
   -2.356194490    0.349065850   16.710608026   -8.931275323   -6.900164204
   -2.159844949    0.349065850   15.081357229   -8.851700336   -8.178715267
   -1.963495408    0.349065850   12.932163787  -13.329917197   -9.346965073
   -1.767145868    0.349065850    9.947703463  -16.290771668  -10.185208329
   -1.570796327    0.349065850    6.988559494  -12.434989591  -10.265360742
   -1.374446786    0.349065850    5.619006577   -0.251655407   -9.198740583
   -1.178097245    0.349065850    7.238555125   17.150055887   -6.935405196
   -0.981747704    0.349065850   12.308158407   33.793203832   -3.890545362
   -0.785398163    0.349065850   20.076376761   43.776560441   -0.783399796
   -0.589048623    0.349065850   28.849992028   43.696662935    1.724964795
   -0.392699082    0.349065850   36.582232796   33.407000214    3.377845760
   -0.196349541    0.349065850   41.480395992   15.440221055    4.450482806
    0.000000000    0.349065850   42.448779379   -5.743373713    5.634317572
    0.196349541    0.349065850   39.396935850  -24.490659095    7.707440340
    0.392699082    0.349065850   33.389373094  -34.942005903   11.142968896
    0.589048623    0.349065850   26.529368649  -32.669370267   15.797830949
    0.785398163    0.349065850   21.482465516  -16.717111966   20.860025864
    0.981747704    0.349065850   20.651839661    9.285719595   25.123786830
    1.178097245    0.349065850   25.322653351   37.914392092   27.504730429
    1.374446786    0.349065850   35.160081467   60.586077922   27.503361241
    1.570796327    0.349065850   48.298909129   70.765842842   25.363592615
    1.767145868    0.349065850   61.968741752   65.962992098   21.862725287
    1.963495408    0.349065850   73.333057537   47.842959236   17.899519752
    2.159844949    0.349065850   80.186111101   20.940478407   14.149598783
    2.356194490    0.349065850   81.360431540   -9.039672887   10.900288422
    2.552544031    0.349065850   76.818278410  -36.360206534    8.105844932
    2.748893572    0.349065850   67.583997085  -56.129138676    5.556976710
    2.945243113    0.349065850   55.507378706  -64.958364763    3.068644410

   -3.141592654    0.698131701   44.685928483  -63.993095466    0.462761585
   -2.945243113    0.698131701   33.243259548  -51.428231317    0.067730470
   -2.748893572    0.698131701   24.802089392  -34.415701638   -0.075341851
   -2.552544031    0.698131701   19.605809929  -19.398770081   -0.173267618
   -2.356194490    0.698131701   16.730723463  -11.291810100   -0.411866183
   -2.159844949    0.698131701   14.650479422  -11.039507595   -0.883546917
   -1.963495408    0.698131701   12.114545164  -15.009463588   -1.526386856
   -1.767145868    0.698131701    8.887337023  -17.005346984   -2.128917297
   -1.570796327    0.698131701    5.913829290  -11.831677294   -2.426040558
   -1.374446786    0.698131701    4.793231729    1.630173466   -2.251697726
   -1.178097245    0.698131701    6.865801709   19.749846815   -1.641248442
   -0.981747704    0.698131701   12.444411249   36.224075836   -0.802929711
   -0.785398163    0.698131701   20.607915138   45.282369104    0.041102516
   -0.589048623    0.698131701   29.566353718   44.113348069    0.838550629
   -0.392699082    0.698131701   37.317683660   33.346205120    1.806768584
   -0.196349541    0.698131701   42.254221981   16.124477833    3.367951180
    0.000000000    0.698131701   43.542277620   -2.967843248    5.984314212
    0.196349541    0.698131701   41.318427064  -18.758188955    9.917282418
    0.392699082    0.698131701   36.725407680  -26.392083535   15.021159780
    0.589048623    0.698131701   31.721377674  -22.627454100   20.644045633
    0.785398163    0.698131701   28.617788050   -7.366139480   25.737877033
    0.981747704    0.698131701   29.368365065   15.710302248   29.180893300
    1.178097245    0.698131701   34.888959425   40.015652563   30.204425283
    1.374446786    0.698131701   44.698613481   58.309526491   28.687057044
    1.570796327    0.698131701   57.047305599   65.265143275   25.155955555
    1.767145868    0.698131701   69.461699652   58.974291905   20.511588037
    1.963495408    0.698131701   79.443806127   40.982558361   15.652699624
    2.159844949    0.698131701   85.051297317   15.218379698   11.229129641
    2.356194490    0.698131701   85.244200457  -13.318193581    7.562558105
    2.552544031    0.698131701   79.987145450  -39.432871029    4.728004853
    2.748893572    0.698131701   70.229253040  -58.476316229    2.668911173
    2.945243113    0.698131701   57.724500665  -67.032880514    1.284657885

   -3.141592654    1.047197551   43.363399324  -64.381534070   -4.477146198
   -2.945243113    1.047197551   31.939296085  -50.890981796   -3.241854829
   -2.748893572    1.047197551   23.661506796  -33.354997029   -1.698905113
   -2.552544031    1.047197551   18.687572226  -18.262159880   -0.278648634
   -2.356194490    1.047197551   16.010930389  -10.450760465    0.742279388
   -2.159844949    1.047197551   14.049954944  -10.674092336    1.291390608
   -1.963495408    1.047197551   11.540505085  -15.084062662    1.452140017
   -1.767145868    1.047197551    8.268504296  -17.357602485    1.351932533
   -1.570796327    1.047197551    5.210575404  -12.328538844    1.068734931
   -1.374446786    1.047197551    3.979840583    0.990932454    0.614037573
   -1.178097245    1.047197551    5.906931973   18.890715785    0.010314523
   -0.981747704    1.047197551   11.296811014   35.184889923   -0.602651805
   -0.785398163    1.047197551   19.264993697   44.420268637   -0.910607268
   -0.589048623    1.047197551   28.129261231   44.164073511   -0.482192221
   -0.392699082    1.047197551   36.056818706   35.242663784    1.102769134
   -0.196349541    1.047197551   41.615691893   20.669859333    4.088725800
    0.000000000    1.047197551   44.084608576    4.501706129    8.446823553
    0.196349541    1.047197551   43.577961782   -8.899479388   13.814572644
    0.392699082    1.047197551   41.046410083  -15.553696929   19.506709568
    0.589048623    1.047197551   38.104125306  -12.824702107   24.600108154
    0.785398163    1.047197551   36.653292516   -0.636784185   28.133968220
    0.981747704    1.047197551   38.304560322   18.019813937   29.386826584
    1.178097245    1.047197551   43.820405932   37.732276090   28.129399630
    1.374446786    1.047197551   52.803094473   52.403386188   24.697890214
    1.570796327    1.047197551   63.766130800   57.342496328   19.833401337
    1.767145868    1.047197551   74.558522442   50.599090670   14.387465481
    1.963495408    1.047197551   82.945266837   33.234872118    9.053832492
    2.159844949    1.047197551   87.138451609    8.600574013    4.286070429
    2.356194490    1.047197551   86.155242328  -18.676780935    0.345817527
    2.552544031    1.047197551   79.969578135  -43.533445681   -2.584912843
    2.748893572    1.047197551   69.530166336  -61.312489029   -4.369228261
    2.945243113    1.047197551   56.592709637  -68.600501597   -4.959423972

   -3.141592654    1.396263402   38.169737968  -62.173479622  -10.123706727
   -2.945243113    1.396263402   27.379019043  -46.800360066   -8.462759999
   -2.748893572    1.396263402   19.999255962  -28.487262149   -6.387392180
   -2.552544031    1.396263402   15.968836765  -13.669551435   -4.319981874
   -2.356194490    1.396263402   14.106729347   -6.823057206   -2.511242869
   -2.159844949    1.396263402   12.738989367   -8.274058413   -1.025579248
   -1.963495408    1.396263402   10.578349300  -13.927285726    0.161805085
   -1.767145868    1.396263402    7.413366208  -17.428557869    1.038514804
   -1.570796327    1.396263402    4.220102908  -13.639616489    1.511561026
   -1.374446786    1.396263402    2.619314569   -1.425884310    1.491321663
   -1.178097245    1.396263402    4.004060617   15.904298058    1.050488053
   -0.981747704    1.396263402    8.834166683   32.669139134    0.523927317
   -0.785398163    1.396263402   16.463121818   43.694204569    0.463807140
   -0.589048623    1.396263402   25.459342433   46.387391114    1.439326191
   -0.392699082    1.396263402   34.163898684   40.951923390    3.814665043
   -0.196349541    1.396263402   41.167422237   29.550736646    7.584366226
    0.000000000    1.396263402   45.602392084   15.395862209   12.358249827
    0.196349541    1.396263402   47.290806569    2.237899443   17.426207594
    0.392699082    1.396263402   46.805379591   -6.182066183   21.904354015
    0.589048623    1.396263402   45.380530622   -6.984951148   24.922788445
    0.785398163    1.396263402   44.636812097    0.641798154   25.849225604
    0.981747704    1.396263402   46.084451937   14.766894143   24.480137593
    1.178097245    1.396263402   50.594937288   30.978420105   21.111253658
    1.374446786    1.396263402   58.034506282   43.700059651   16.417912710
    1.570796327    1.396263402   67.218718995   48.121599004   11.184330973
    1.767145868    1.396263402   76.225737174   41.714035013    6.040792790
    1.963495408    1.396263402   82.927120718   24.963088318    1.331120668
    2.159844949    1.396263402   85.559210966    0.980624971   -2.808971318
    2.356194490    1.396263402   83.158933656  -25.420877501   -6.292397117
    2.552544031    1.396263402   75.779293452  -48.827530373   -8.947572063
    2.748893572    1.396263402   64.503429947  -64.414402008  -10.543771428
    2.945243113    1.396263402   51.216432991  -69.005450822  -10.918515372

   -3.141592654    1.745329252   31.720588811  -60.029879126  -16.185648511
   -2.945243113    1.745329252   21.533441830  -42.929466546  -14.591338819
   -2.748893572    1.745329252   15.010484851  -23.786528527  -12.382378860
   -2.552544031    1.745329252   11.914509403   -8.974830320   -9.890811188
   -2.356194490    1.745329252   10.925145708   -2.698791028   -7.308345724
   -2.159844949    1.745329252   10.285365470   -5.020821260   -4.690319250
   -1.963495408    1.745329252    8.662278863  -11.738827327   -2.068966579
   -1.767145868    1.745329252    5.807381544  -16.491504747    0.419708835
   -1.570796327    1.745329252    2.667008793  -14.036722750    2.522145640
   -1.374446786    1.745329252    0.876941524   -2.872343262    4.002246303
   -1.178097245    1.745329252    1.939871553   14.248397468    4.842230370
   -0.981747704    1.745329252    6.529098581   32.097372521    5.343780358
   -0.785398163    1.745329252   14.261252923   45.494579938    6.040605171
   -0.589048623    1.745329252   23.912239524   51.307789402    7.442331562
   -0.392699082    1.745329252   33.883904143   48.821458979    9.785038617
   -0.196349541    1.745329252   42.638198124   39.265046521   12.888058863
    0.000000000    1.745329252   49.019595574   25.180259587   16.203025687
    0.196349541    1.745329252   52.473278124   10.113912322   18.961095145
    0.392699082    1.745329252   53.206056762   -1.874512981   20.400776988
    0.589048623    1.745329252   52.197001429   -7.112589669   19.999444180
    0.785398163    1.745329252   51.000081101   -3.717004325   17.658412535
    0.981747704    1.745329252   51.267284636    7.364287808   13.752008736
    1.178097245    1.745329252   54.163362995   22.223222165    8.996680313
    1.374446786    1.745329252   59.880120542   35.101943901    4.173042774
    1.570796327    1.745329252   67.465532964   40.494278193   -0.169900137
    1.767145868    1.745329252   75.076797111   35.069688919   -3.855142261
    1.963495408    1.745329252   80.536274724   18.878992330   -7.020529701
    2.159844949    1.745329252   81.998415540   -4.872268787   -9.888015361
    2.356194490    1.745329252   78.479001347  -30.887190916  -12.537882104
    2.552544031    1.745329252   70.113788798  -53.259036492  -14.797185922
    2.748893572    1.745329252   58.136278141  -66.994709328  -16.328925438
    2.945243113    1.745329252   44.571146803  -69.200633902  -16.823158296

   -3.141592654    2.094395102   24.988955319  -58.713275026  -19.086575326
   -2.945243113    2.094395102   15.202810390  -40.238497289  -17.883352239
   -2.748893572    2.094395102    9.304965444  -20.196560623  -15.879309676
   -2.552544031    2.094395102    6.968829404   -4.880902533  -13.250875368
   -2.356194490    2.094395102    6.815361411    1.696649505  -10.127253489
   -2.159844949    2.094395102    7.061009147   -0.418878637   -6.591426271
   -1.963495408    2.094395102    6.348203870   -7.119866085   -2.756450515
   -1.767145868    2.094395102    4.372667921  -12.233108712    1.148192740
   -1.570796327    2.094395102    1.997475166  -10.565469796    4.781620742
   -1.374446786    2.094395102    0.795779317   -0.342267438    7.815456436
   -1.178097245    2.094395102    2.288891550   16.195796106   10.106721779
   -0.981747704    2.094395102    7.267600653   34.262952143   11.778312782
   -0.785398163    2.094395102   15.516975407   48.702418615   13.137982216
   -0.589048623    2.094395102   25.935943705   55.920978012   14.463249217
   -0.392699082    2.094395102   36.925729562   54.439266821   15.810785266
   -0.196349541    2.094395102   46.796141538   44.788622453   16.931646714
    0.000000000    2.094395102   54.132784216   29.134407174   17.354372888
    0.196349541    2.094395102   58.094129895   11.137145183   16.549026027
    0.392699082    2.094395102   58.670578796   -4.549713671   14.154355393
    0.589048623    2.094395102   56.777168950  -13.332545586   10.176162759
    0.785398163    2.094395102   54.093998946  -12.381506271    5.077969425
    0.981747704    2.094395102   52.556043109   -2.053758597   -0.322428036
    1.178097245    2.094395102   53.668266182   13.711976328   -5.137690591
    1.374446786    2.094395102   57.894030218   28.516281886   -8.756440581
    1.570796327    2.094395102   64.391723971   35.943195083  -11.064378904
    1.767145868    2.094395102   71.259502517   31.899820669  -12.412991556
    1.963495408    2.094395102   76.156052279   16.174926579  -13.383654006
    2.159844949    2.094395102   77.075004160   -7.760250485  -14.473187413
    2.356194490    2.094395102   72.959666959  -34.017376025  -15.872784812
    2.552544031    2.094395102   63.992880987  -56.135610800  -17.416305085
    2.748893572    2.094395102   51.534733782  -68.885654434  -18.713866342
    2.945243113    2.094395102   37.742936216  -69.549675051  -19.354097814

   -3.141592654    2.443460953   18.580255881  -58.193855842  -12.864611734
   -2.945243113    2.443460953    9.023871871  -38.438564606  -11.503561643
   -2.748893572    2.443460953    3.598907554  -17.212234507   -9.582612112
   -2.552544031    2.443460953    1.956860960   -0.814276587   -7.163903999
   -2.356194490    2.443460953    2.704981621    6.803315602   -4.251628567
   -2.159844949    2.443460953    4.052620589    5.678069740   -0.806341848
   -1.963495408    2.443460953    4.619326894   -0.241944482    3.163214690
   -1.767145868    2.443460953    4.036469347   -5.022421336    7.482200801
   -1.570796327    2.443460953    3.060956406   -3.624967904   11.777441422
   -1.374446786    2.443460953    3.151035973    5.804607664   15.579928987
   -1.178097245    2.443460953    5.751466340   21.311372462   18.512401873
   -0.981747704    2.443460953   11.637751680   38.415147241   20.420564853
   -0.785398163    2.443460953   20.621783235   52.044845688   21.357402337
   -0.589048623    2.443460953   31.617532980   58.413976989   21.432350475
   -0.392699082    2.443460953   42.983785332   55.673954074   20.665152549
   -0.196349541    2.443460953   52.916095312   44.049936220   18.924388760
    0.000000000    2.443460953   59.849607705   25.652077966   16.008573662
    0.196349541    2.443460953   62.818248186    4.483387470   11.790131397
    0.392699082    2.443460953   61.792697948  -14.095820468    6.383609332
    0.589048623    2.443460953   57.827836103  -24.624246979    0.256188212
    0.785398163    2.443460953   52.900842475  -23.610422383   -5.802317157
    0.981747704    2.443460953   49.321462439  -11.328791205  -10.890849625
    1.178097245    2.443460953   48.915949554    7.663064194  -14.317916071
    1.374446786    2.443460953   52.295791110   25.887122445  -15.875554802
    1.570796327    2.443460953   58.550370646   35.891957540  -15.896954884
    1.767145868    2.443460953   65.546090203   33.011332569  -15.066750334
    1.963495408    2.443460953   70.660231740   17.096604923  -14.106944569
    2.159844949    2.443460953   71.669059553   -7.833893454  -13.506032212
    2.356194490    2.443460953   67.428426146  -35.167775561  -13.398899235
    2.552544031    2.443460953   58.167381115  -57.862124610  -13.606549685
    2.748893572    2.443460953   45.375014440  -70.429768675  -13.788964724
    2.945243113    2.443460953   31.354359810  -70.246481012  -13.610410619

   -3.141592654    2.792526803   15.389944065  -57.207678880    1.746304538
   -2.945243113    2.792526803    6.090937111  -36.794797268    3.830800147
   -2.748893572    2.792526803    1.066502758  -14.761154237    5.671672587
   -2.552544031    2.792526803    0.000000000    2.625210901    7.314160167
   -2.356194490    2.792526803    1.537492873   11.429671978    9.023524241
   -2.159844949    2.792526803    3.921532217   11.610608363   11.192258666
   -1.963495408    2.792526803    5.774506637    6.877726428   14.132889030
   -1.767145868    2.792526803    6.671737070    2.827177025   17.847370943
   -1.570796327    2.792526803    7.249321233    4.204804949   21.932168663
   -1.374446786    2.792526803    8.806574597   12.788768248   25.694812011
   -1.178097245    2.792526803   12.638623486   26.781326746   28.424045994
   -0.981747704    2.792526803   19.414674764   41.956476145   29.638423053
   -0.785398163    2.792526803   28.883114999   53.394803615   29.174803313
   -0.589048623    2.792526803   39.907622246   57.304995126   27.104373375
   -0.392699082    2.792526803   50.788134964   51.774656271   23.594765823
   -0.196349541    2.792526803   59.658232290   37.104221787   18.820985873
    0.000000000    2.792526803   64.930342786   15.729194522   12.980786877
    0.196349541    2.792526803   65.705580258   -7.772272631    6.370488263
    0.392699082    2.792526803   62.147691055  -27.361828943   -0.531353855
    0.589048623    2.792526803   55.625983151  -37.071278068   -7.038421567
    0.785398163    2.792526803   48.491119432  -33.363631442  -12.359368271
    0.981747704    2.792526803   43.374891111  -17.080649931  -15.827672004
    1.178097245    2.792526803   42.263111762    6.175580025  -17.161537699
    1.374446786    2.792526803   45.707726593   27.825928041  -16.596477447
    1.570796327    2.792526803   52.556288307   39.730118437  -14.769943570
    1.767145868    2.792526803   60.359277940   37.168741961  -12.430491210
    1.963495408    2.792526803   66.223777521   20.461385812  -10.135201134
    2.159844949    2.792526803   67.773788535   -5.697338923   -8.112269665
    2.356194490    2.792526803   63.839183022  -34.123525376   -6.301887428
    2.552544031    2.792526803   54.711042643  -57.465910016   -4.509776906
    2.748893572    2.792526803   41.974199561  -70.182817672   -2.571043983
    2.945243113    2.792526803   28.021222780  -69.756552515   -0.449137567
