#! FIELDS phi psi file.free der_phi der_psi
#! SET min_phi -pi
#! SET max_phi pi
#! SET nbins_phi  32
#! SET periodic_phi true
#! SET min_psi -pi
#! SET max_psi pi
#! SET nbins_psi  18
#! SET periodic_psi true
   -3.141592654   -3.141592654   18.347464828  -54.383959759   18.179482455
   -2.945243113   -3.141592654    9.488117064  -35.149862401   20.562442726
   -2.748893572   -3.141592654    4.689558073  -14.033119420   21.913491926
   -2.552544031   -3.141592654    3.729222111    3.121492594   22.484302506
   -2.356194490   -3.141592654    5.418765970   12.645717503   22.832838029
   -2.159844949   -3.141592654    8.188480705   14.445553545   23.632845288
   -1.963495408   -3.141592654   10.799755951   11.784772711   25.382023125
   -1.767145868   -3.141592654   12.848591275    9.538749291   28.126520488
   -1.570796327   -3.141592654   14.843824375   11.718563408   31.369062281
   -1.374446786   -3.141592654   17.837784391   19.656012599   34.232575026
   -1.178097245   -3.141592654   22.832580286   31.538509960   35.801420491
   -0.981747704   -3.141592654   30.239612600   43.483015199   35.446343951
   -0.785398163   -3.141592654   39.635640204   51.073253990   32.970805469
   -0.589048623   -3.141592654   49.812582263   51.015018249   28.562335941
   -0.392699082   -3.141592654   59.091519231   41.843483415   22.642334366
   -0.196349541   -3.141592654   65.712230497   24.288449155   15.734079159
    0.000000000   -3.141592654   68.278283344    1.216934119    8.391521369
    0.196349541   -3.141592654   66.164105084  -22.402481665    1.186801684
    0.392699082   -3.141592654   59.869111491  -40.306065225   -5.291032130
    0.589048623   -3.141592654   51.112277653  -46.642894861  -10.457001374
    0.785398163   -3.141592654   42.526506928  -38.454079323  -13.824433430
    0.981747704   -3.141592654   36.869737826  -17.554782547  -15.152468806
    1.178097245   -3.141592654   36.049358764    9.400832089  -14.572754711
    1.374446786   -3.141592654   40.362301524   33.171927191  -12.576049124
    1.570796327   -3.141592654   48.335810525   45.623941981   -9.804067526
    1.767145868   -3.141592654   57.262502678   42.634061080   -6.775273844
    1.963495408   -3.141592654   64.134113392   25.281273943   -3.695635095
    2.159844949   -3.141592654   66.588868073   -1.228879981   -0.491584723
    2.356194490   -3.141592654   63.527978031  -29.645970610    3.010204147
    2.552544031   -3.141592654   55.291136051  -52.883063422    6.873985122
    2.748893572   -3.141592654   43.447460266  -65.740148356   10.942568239
    2.945243113   -3.141592654   30.317173961  -65.911562471   14.857342368

   -3.141592654   -2.792526803   26.555461908  -49.747017264   26.389512259
   -2.945243113   -2.792526803   18.377828926  -32.866990739   28.619451792
   -2.748893572   -2.792526803   13.812853271  -13.840194829   29.482298370
   -2.552544031   -2.792526803   12.754281468    2.126212095   29.364391357
   -2.356194490   -2.792526803   14.238712238   11.786806013   28.954835939
   -2.159844949   -2.792526803   16.962994882   15.027549252   29.003797553
   -1.963495408   -2.792526803   19.896982487   14.537733363   30.005163331
   -1.767145868   -2.792526803   22.687486268   14.208818597   31.934666724
   -1.570796327   -2.792526803   25.690509552   17.036720464   34.195518267
   -1.374446786   -2.792526803   29.640373465   23.751091926   35.827005513
   -1.178097245   -2.792526803   35.165910599   32.594928837   35.879225744
   -0.981747704   -2.792526803   42.377770749   40.323489534   33.763860916
   -0.785398163   -2.792526803   50.710951300   43.453523332   29.414440151
   -0.589048623   -2.792526803   58.999380367   39.578715396   23.238021549
   -0.392699082   -2.792526803   65.760005992   27.894795293   15.924986379
   -0.196349541   -2.792526803   69.528787146    9.482532240    8.256144926
    0.000000000   -2.792526803   69.243659734  -12.741251287    0.951294510
    0.196349541   -2.792526803   64.595905017  -34.032268279   -5.392379724
    0.392699082   -2.792526803   56.336766989  -48.544732827  -10.319361785
    0.589048623   -2.792526803   46.342459547  -50.969051914  -13.514870996
    0.785398163   -2.792526803   37.289284311  -38.946344048  -14.839263272
    0.981747704   -2.792526803   31.860415140  -14.884448274  -14.382913114
    1.178097245   -2.792526803   31.785016328   14.126133881  -12.497181737
    1.374446786   -2.792526803   37.127946325   38.771594305   -9.715011544
    1.570796327   -2.792526803   46.213789337   51.272083912   -6.542979101
    1.767145868   -2.792526803   56.232681690   48.140228395   -3.258059138
    1.963495408   -2.792526803   64.196572511   30.990306816    0.178867611
    2.159844949   -2.792526803   67.834297813    5.184078384    3.992665010
    2.356194490   -2.792526803   66.123615054  -22.316512669    8.364439883
    2.552544031   -2.792526803   59.395776606  -44.945573091   13.230756429
    2.748893572   -2.792526803   49.110073276  -57.973185755   18.230560638
    2.945243113   -2.792526803   37.408570713  -59.295415994   22.805008838

   -3.141592654   -2.443460953   35.095805723  -45.339364908   23.103090191
   -2.945243113   -2.443460953   27.577698938  -30.551779945   24.828393505
   -2.748893572   -2.443460953   23.287587591  -13.252282188   25.474469456
   -2.552544031   -2.443460953   22.240358428    1.825011763   25.367413834
   -2.356194490   -2.443460953   23.664642000   11.648920894   25.004594221
   -2.159844949   -2.443460953   26.451373032   15.901677104   24.877867682
   -1.963495408   -2.443460953   29.680289335   16.633580862   25.258171709
   -1.767145868   -2.443460953   32.955661301   16.875260284   26.032735037
   -1.570796327   -2.443460953   36.430321951   18.914615325   26.695220710
   -1.374446786   -2.443460953   40.541291454   23.273515938   26.523990383
   -1.178097245   -2.443460953   45.639572489   28.596469230   24.871531930
   -0.981747704   -2.443460953   51.684623144   32.468856586   21.427656569
   -0.785398163   -2.443460953   58.138166950   32.340061576   16.328199555
   -0.589048623   -2.443460953   64.026134555   26.504529275   10.096989211
   -0.392699082   -2.443460953   68.158513148   14.485605338    3.458299927
   -0.196349541   -2.443460953   69.389312953   -2.722091426   -2.852654556
    0.000000000   -2.443460953   66.925063606  -22.577058034   -8.256953646
    0.196349541   -2.443460953   60.634947208  -40.859745478  -12.394588807
    0.392699082   -2.443460953   51.345576338  -52.215181110  -15.120730822
    0.589048623   -2.443460953   40.925180098  -51.691425491  -16.440919264
    0.785398163   -2.443460953   31.984700935  -37.155918544  -16.450463141
    0.981747704   -2.443460953   27.104604892  -11.186262283  -15.303983039
    1.178097245   -2.443460953   27.882955095   19.009614770  -13.228249111
    1.374446786   -2.443460953   34.243027159   44.160981658  -10.509368011
    1.570796327   -2.443460953   44.398720309   56.744310238   -7.413159468
    1.767145868   -2.443460953   55.496777406   53.696902932   -4.092200146
    1.963495408   -2.443460953   64.585343983   36.955600940   -0.534460198
    2.159844949   -2.443460953   69.465613421   11.913491539    3.352937103
    2.356194490   -2.443460953   69.159593585  -14.775419478    7.605385738
    2.552544031   -2.443460953   63.962858208  -37.005195047   12.077364326
    2.748893572   -2.443460953   55.214243144  -50.412403554   16.433150583
    2.945243113   -2.443460953   44.888500272  -52.987010033   20.237222179

   -3.141592654   -2.094395102   41.407493148  -41.639210583   13.306741654
   -2.945243113   -2.094395102   34.474546806  -28.295295874   14.317096366
   -2.748893572   -2.094395102   30.497118698  -12.274388001   14.839549235
   -2.552544031   -2.094395102   29.547988844    1.930261815   15.042349522
   -2.356194490   -2.094395102   30.949615639   11.395257393   15.083331668
   -2.159844949   -2.094395102   33.684354950   15.660469603   15.045862779
   -1.963495408   -2.094395102   36.868210887   16.366264618   14.878115356
   -1.767145868   -2.094395102   40.045660403   16.011648202   14.373605998
   -1.570796327   -2.094395102   43.216561086   16.519304066   13.222606095
   -1.374446786   -2.094395102   46.631775144   18.470905873   11.135078366
   -1.178097245   -2.094395102   50.515836896   21.044872146    7.978386223
   -0.981747704   -2.094395102   54.837991834   22.619984950    3.866739738
   -0.785398163   -2.094395102   59.222613144   21.358328863   -0.847798703
   -0.589048623   -2.094395102   62.963827097   15.872710678   -5.659042008
   -0.392699082   -2.094395102   65.155326401    5.548848305  -10.044121991
   -0.196349541   -2.094395102   64.870580725   -9.132335107  -13.577562995
    0.000000000   -2.094395102   61.416975096  -26.258325040  -16.042999391
    0.196349541   -2.094395102   54.647050566  -42.151904240  -17.455004967
    0.392699082   -2.094395102   45.288274095  -51.734943925  -18.012103837
    0.589048623   -2.094395102   35.085819048  -50.032628985  -17.962584682
    0.785398163   -2.094395102   26.553721071  -34.689414694  -17.463947267
    0.981747704   -2.094395102   22.223315837   -8.057971207  -16.515709570
    1.178097245   -2.094395102   23.676053137   22.747393037  -15.020668902
    1.374446786   -2.094395102   30.824423068   48.442007201  -12.906033280
    1.570796327   -2.094395102   41.866557342   61.474149964  -10.204955834
    1.767145868   -2.094395102   53.934343708   58.840413856   -7.055407155
    1.963495408   -2.094395102   64.076436930   42.544933265   -3.628711293
    2.159844949   -2.094395102   70.101375754   17.973954239   -0.096674832
    2.356194490   -2.094395102   71.024294029   -8.364154626    3.378005110
    2.552544031   -2.094395102   67.096672670  -30.567501270    6.616130403
    2.748893572   -2.094395102   59.576372102  -44.431714456    9.436689858
    2.945243113   -2.094395102   50.338892925  -47.964000643   11.690077950

   -3.141592654   -1.745329252   43.969689956  -39.282334165    4.674216596
   -2.945243113   -1.745329252   37.446176818  -26.507005222    5.129145921
   -2.748893572   -1.745329252   33.754740496  -11.172119442    5.472644025
   -2.552544031   -1.745329252   32.945488313    2.236197021    5.659140770
   -2.356194490   -1.745329252   34.323096427   10.832023572    5.532518868
   -2.159844949   -1.745329252   36.854970076   14.135922263    4.879966928
   -1.963495408   -1.745329252   39.631490088   13.704951308    3.498257802
   -1.767145868   -1.745329252   42.154007838   11.959176187    1.266830660
   -1.570796327   -1.745329252   44.375014045   10.879213536   -1.794254601
   -1.374446786   -1.745329252   46.528871750   11.305846643   -5.492954299
   -1.178097245   -1.745329252   48.891042093   12.826884996   -9.482911418
   -0.981747704   -1.745329252   51.564323948   14.215474079  -13.327468564
   -0.785398163   -1.745329252   54.368227456   13.849460708  -16.594586046
   -0.589048623   -1.745329252   56.806872496   10.257670286  -18.942813208
   -0.392699082   -1.745329252   58.137958821    2.473846678  -20.194257704
   -0.196349541   -1.745329252   57.509941655   -9.589543083  -20.360835055
    0.000000000   -1.745329252   54.185996910  -24.610340223  -19.671813485
    0.196349541   -1.745329252   47.870049275  -39.354140590  -18.523325630
    0.392699082   -1.745329252   39.085749965  -48.837217654  -17.369805434
    0.589048623   -1.745329252   29.398585161  -47.753966323  -16.543601417
    0.785398163   -1.745329252   21.239548586  -33.127707545  -16.096468876
    0.981747704   -1.745329252   17.181005407   -6.738497972  -15.764919714
    1.178097245   -1.745329252   18.926853762   24.525339326  -15.115537090
    1.374446786   -1.745329252   26.514612067   51.189469403  -13.781733883
    1.570796327   -1.745329252   38.202664022   65.273161416  -11.648534086
    1.767145868   -1.745329252   51.098716472   63.401792040   -8.887850179
    1.963495408   -1.745329252   62.174364878   47.402813290   -5.846003575
    2.159844949   -1.745329252   69.147509937   22.708792813   -2.903116085
    2.356194490   -1.745329252   70.964888637   -4.028765120   -0.350165388
    2.552544031   -1.745329252   67.839978934  -26.738872258    1.651692497
    2.748893572   -1.745329252   61.021449840  -41.110190835    3.084745264
    2.945243113   -1.745329252   52.389141641  -45.118293439    4.040735040

   -3.141592654   -1.396263402   42.278906163  -39.682982398    2.611701766
   -2.945243113   -1.396263402   35.717411445  -26.480992654    2.492820324
   -2.748893572   -1.396263402   32.069212696  -10.809944476    2.326543333
   -2.552544031   -1.396263402   31.328350230    2.461373224    1.986972271
   -2.356194490   -1.396263402   32.680681661   10.219308006    1.202387108
   -2.159844949   -1.396263402   34.950485415   11.970681826   -0.346729505
   -1.963495408   -1.396263402   37.107537005    9.515578239   -2.892957748
   -1.767145868   -1.396263402   38.603239126    5.734839682   -6.444000876
   -1.570796327   -1.396263402   39.444580473    3.194063131  -10.716443797
   -1.374446786   -1.396263402   40.032366633    3.254500555  -15.176680822
   -1.178097245   -1.396263402   40.888953807    5.774158090  -19.181834041
   -0.981747704   -1.396263402   42.381595837    9.425499598  -22.157361813
   -0.785398163   -1.396263402   44.538824934   12.138505712  -23.737110836
   -0.589048623   -1.396263402   46.962957554   11.786165973  -23.814122460
   -0.392699082   -1.396263402   48.875847687    6.740012879  -22.536665432
   -0.196349541   -1.396263402   49.271505870   -3.642147309  -20.253788743
    0.000000000   -1.396263402   47.169220343  -18.358177532  -17.475398788
    0.196349541   -1.396263402   41.994258797  -34.202098098  -14.770744529
    0.392699082   -1.396263402   34.022900750  -45.830836233  -12.630628009
    0.589048623   -1.396263402   24.682858808  -47.201236765  -11.303034930
    0.785398163   -1.396263402   16.434521385  -34.421067830  -10.695143326
    0.981747704   -1.396263402   12.045494313   -8.566229728  -10.413459562
    1.178097245   -1.396263402   13.501994499   23.620014698   -9.957094593
    1.374446786   -1.396263402   21.089671105   52.179921149   -8.949231789
    1.570796327   -1.396263402   33.176630213   68.279727731   -7.289188859
    1.767145868   -1.396263402   46.811450566   67.749806726   -5.155498702
    1.963495408   -1.396263402   58.784687364   51.997252947   -2.879953315
    2.159844949   -1.396263402   66.598039612   26.524597160   -0.806263313
    2.356194490   -1.396263402   69.034427162   -1.603044548    0.825435679
    2.552544031   -1.396263402   66.240280092  -25.763355255    1.909303209
    2.748893572   -1.396263402   59.500020329  -41.194651002    2.476048873
    2.945243113   -1.396263402   50.796879078  -45.645059853    2.652630722

   -3.141592654   -1.047197551   39.383077822  -42.345411017    4.631314949
   -2.945243113   -1.047197551   32.362352023  -28.447700472    3.576920799
   -2.748893572   -1.047197551   28.407505394  -11.997549034    2.321278585
   -2.552544031   -1.047197551   27.478598695    1.615410188    0.833474165
   -2.356194490   -1.047197551   28.632376924    8.884111061   -1.068041272
   -2.159844949   -1.047197551   30.516993884    9.251611345   -3.647104351
   -1.963495408   -1.047197551   31.958099520    4.914574868   -7.096627164
   -1.767145868   -1.047197551   32.378707902   -0.503603011  -11.349559921
   -1.570796327   -1.047197551   31.914005895   -3.644336082  -15.980278101
   -1.374446786   -1.047197551   31.222446069   -2.674949366  -20.272870341
   -1.178097245   -1.047197551   31.125525888    2.198505378  -23.446893304
   -0.981747704   -1.047197551   32.226061299    9.091779729  -24.924985273
   -0.785398163   -1.047197551   34.650992758   15.149909811  -24.510208444
   -0.589048623   -1.047197551   37.948899249   17.512924597  -22.403288714
   -0.392699082   -1.047197551   41.163074820   14.049303574  -19.110549044
   -0.196349541   -1.047197551   43.036637037    3.859079618  -15.281312162
    0.000000000   -1.047197551   42.313144588  -12.029334701  -11.560156817
    0.196349541   -1.047197551   38.176300803  -30.087647564   -8.431195645
    0.392699082   -1.047197551   30.755144925  -44.345662725   -6.117473879
    0.589048623   -1.047197551   21.474141377  -47.957248493   -4.561924767
    0.785398163   -1.047197551   12.943083056  -36.328509655   -3.510886267
    0.981747704   -1.047197551    8.181133205  -10.241274950   -2.654082497
    1.178097245   -1.047197551    9.429889790   23.311839861   -1.755296227
    1.374446786   -1.047197551   17.136352416   53.699085632   -0.702651324
    1.570796327   -1.047197551   29.681162569   71.304334165    0.504236137
    1.767145868   -1.047197551   43.989079784   71.402944953    1.798344373
    1.963495408   -1.047197551   56.656064054   55.237987306    3.081693318
    2.159844949   -1.047197551   64.994931185   28.528628905    4.237463367
    2.356194490   -1.047197551   67.666683807   -1.239405920    5.143841337
    2.552544031   -1.047197551   64.784031481  -26.981212776    5.682556806
    2.748893572   -1.047197551   57.681898511  -43.563325589    5.772929314
    2.945243113   -1.047197551   48.453432217  -48.505430108    5.400609775

   -3.141592654   -0.698131701   39.480467053  -45.692227737    4.354102854
   -2.945243113   -0.698131701   31.778181440  -31.988275986    1.957214916
   -2.748893572   -0.698131701   27.126875556  -15.540941283   -0.641636782
   -2.552544031   -0.698131701   25.493691106   -2.068428223   -3.300709883
   -2.356194490   -0.698131701   25.875953940    4.622990806   -6.068558461
   -2.159844949   -0.698131701   26.826476237    3.938898754   -9.144121663
   -1.963495408   -0.698131701   27.108855749   -1.535550356  -12.685927449
   -1.767145868   -0.698131701   26.195164812   -7.477795637  -16.563486138
   -1.570796327   -0.698131701   24.410487397   -9.863539605  -20.244827871
   -1.374446786   -0.698131701   22.695819673   -6.638188139  -22.931192741
   -1.178097245   -0.698131701   22.138222774    1.593894548  -23.895678796
   -0.981747704   -0.698131701   23.477748595   12.091694633  -22.818830389
   -0.785398163   -0.698131701   26.796658172   21.079184003  -19.929148570
   -0.589048623   -0.698131701   31.441448851   25.048618333  -15.882564874
   -0.392699082   -0.698131701   36.167134485   21.659105175  -11.499819279
   -0.196349541   -0.698131701   39.429937710   10.209762428   -7.481583705
    0.000000000   -0.698131701   39.759381829   -7.734535221   -4.224054670
    0.196349541   -0.698131701   36.251822306  -27.923771349   -1.747952949
    0.392699082   -0.698131701   29.091887599  -43.702845518    0.221392611
    0.589048623   -0.698131701   19.869145554  -47.836445696    2.047902930
    0.785398163   -0.698131701   11.390932343  -35.791395439    3.946006065
    0.981747704   -0.698131701    6.822476765   -8.781850053    5.856549821
    1.178097245   -0.698131701    8.451170134   25.670611208    7.514136545
    1.374446786   -0.698131701   16.679703106   56.570646482    8.660465648
    1.570796327   -0.698131701   29.799009846   74.202759075    9.220850910
    1.767145868   -0.698131701   44.645434448   73.932002215    9.334285755
    1.963495408   -0.698131701   57.750733381   57.135320580    9.233257689
    2.159844949   -0.698131701   66.385801138   29.624744682    9.084455902
    2.356194490   -0.698131701   69.182737733   -1.079695444    8.893377559
    2.552544031   -0.698131701   66.230593837  -27.855613823    8.506287241
    2.748893572   -0.698131701   58.853508219  -45.476163200    7.703235822
    2.945243113   -0.698131701   49.159283494  -51.295864358    6.321794293

   -3.141592654   -0.349065850   40.589513631  -50.846106387    3.286985257
   -2.945243113   -0.349065850   31.808121870  -37.710286554   -0.094105300
   -2.748893572   -0.349065850   26.027049596  -21.236456192   -3.536317658
   -2.552544031   -0.349065850   23.305541911   -7.444427683   -6.784911815
   -2.356194490   -0.349065850   22.654827557   -0.572399246   -9.804983304
   -2.159844949   -0.349065850   22.574047111   -1.417413412  -12.750249804
   -1.963495408   -0.349065850   21.780060221   -7.098162051  -15.745196404
   -1.767145868   -0.349065850   19.800064832  -12.604119240  -18.613264923
   -1.570796327   -0.349065850   17.152938741  -13.277511061  -20.783337298
   -1.374446786   -0.349065850   15.048470176   -7.004797307  -21.493471942
   -1.178097245   -0.349065850   14.779577304    4.924552291  -20.207371412
   -0.981747704   -0.349065850   17.106008497   18.639576881  -16.962301148
   -0.785398163   -0.349065850   21.911461760   29.375193112  -12.420755654
   -0.589048623   -0.349065850   28.203396160   33.222518158   -7.589680588
   -0.392699082   -0.349065850   34.388515895   28.143642148   -3.397394798
   -0.196349541   -0.349065850   38.689113292   14.246807365   -0.339558191
    0.000000000   -0.349065850   39.582811537   -5.911398766    1.662313624
    0.196349541   -0.349065850   36.297132132  -27.268815943    3.161561602
    0.392699082   -0.349065850   29.263049201  -42.860200737    4.881035310
    0.589048623   -0.349065850   20.313765885  -45.790200423    7.310847243
    0.785398163   -0.349065850   12.379265785  -32.358124544   10.408507875
    0.981747704   -0.349065850    8.572495448   -4.635814175   13.593688181
    1.178097245   -0.349065850   10.998370779   29.458736063   16.068246482
    1.374446786   -0.349065850   19.862444897   59.157538056   17.265718362
    1.570796327   -0.349065850   33.347641264   75.361166001   17.122988898
    1.767145868   -0.349065850   48.305602360   73.997486509   16.034324945
    1.963495408   -0.349065850   61.361109518   56.647430785   14.556702646
    2.159844949   -0.349065850   69.877382332   28.931822625   13.102204227
    2.356194490   -0.349065850   72.517158162   -2.027248605   11.772210376
    2.552544031   -0.349065850   69.323320188  -29.447433699   10.383402829
    2.748893572   -0.349065850   61.531333203  -48.176932510    8.627222336
    2.945243113   -0.349065850   51.176959516  -55.325772979    6.267939237

   -3.141592654    0.000000000   41.380918711  -57.161947394    1.188165333
   -2.945243113    0.000000000   31.312554118  -44.360306504   -2.265614811
   -2.748893572    0.000000000   24.251175467  -27.518221394   -5.539799019
   -2.552544031    0.000000000   20.367599457  -12.968792241   -8.398851168
   -2.356194490    0.000000000   18.704338196   -5.395664427  -10.833643292
   -2.159844949    0.000000000   17.724246275   -5.782850352  -13.007446546
   -1.963495408    0.000000000   16.117789126  -10.947963985  -15.026840515
   -1.767145868    0.000000000   13.483037091  -15.254677995  -16.694399645
   -1.570796327    0.000000000   10.525383765  -13.586277929  -17.469987280
   -1.374446786    0.000000000    8.673051407   -4.025337149  -16.727646462
   -1.178097245    0.000000000    9.324704130   11.228996548  -14.174122081
   -0.981747704    0.000000000   13.129871003   27.119327987  -10.128195082
   -0.785398163    0.000000000   19.657275264   38.085263799   -5.456855697
   -0.589048623    0.000000000   27.519923759   40.237544273   -1.191794469
   -0.392699082    0.000000000   34.815808921   32.350075437    1.938070736
   -0.196349541    0.000000000   39.666989253   15.769801844    3.806368837
    0.000000000    0.000000000   40.693685507   -5.799975607    4.912716828
    0.196349541    0.000000000   37.442944043  -26.712066918    6.123841458
    0.392699082    0.000000000   30.697990516  -40.283456737    8.247437609
    0.589048623    0.000000000   22.504638971  -40.711501808   11.596877751
    0.785398163    0.000000000   15.748824713  -25.699358365   15.770781051
    0.981747704    0.000000000   13.256199131    1.738341516   19.794325435
    1.178097245    0.000000000   16.751984760   33.731290946   22.590629481
    1.374446786    0.000000000   26.167140719   60.458106626   23.501257977
    1.570796327    0.000000000   39.635162080   74.036716770   22.544280157
    1.767145868    0.000000000   54.164293896   71.170807434   20.294874735
    1.963495408    0.000000000   66.615156502   53.479819445   17.508884586
    2.159844949    0.000000000   74.532093025   26.039112811   14.765617662
    2.356194490    0.000000000   76.628834492   -4.728900353   12.275522546
    2.552544031    0.000000000   72.878757558  -32.522017823    9.912497748
    2.748893572    0.000000000   64.394534002  -52.239664940    7.390739789
    2.945243113    0.000000000   53.119674412  -60.645653557    4.484631279

   -3.141592654    0.349065850   42.959799186  -61.905791369    0.602876142
   -2.945243113    0.349065850   31.934872196  -49.273192603   -1.682921666
   -2.748893572    0.349065850   23.925258476  -32.190003539   -3.681356690
   -2.552544031    0.349065850   19.170785173  -17.139050172   -5.337828847
   -2.356194490    0.349065850   16.739704275   -9.049987048   -6.732534716
   -2.159844949    0.349065850   15.087885563   -8.958563383   -8.004530473
   -1.963495408    0.349065850   12.920746049  -13.403448433   -9.178528317
   -1.767145868    0.349065850    9.926134951  -16.321922641  -10.027082044
   -1.570796327    0.349065850    6.964573143  -12.431766646  -10.115185587
   -1.374446786    0.349065850    5.597429203   -0.234032093   -9.050086980
   -1.178097245    0.349065850    7.220160234   17.161884273   -6.783889259
   -0.981747704    0.349065850   12.290630761   33.788399348   -3.739482738
   -0.785398163    0.349065850   20.056155420   43.753229759   -0.645675319
   -0.589048623    0.349065850   28.823487627   43.655760483    1.830582015
   -0.392699082    0.349065850   36.546133341   33.350438490    3.434590093
   -0.196349541    0.349065850   41.432313412   15.377233471    4.450744888
    0.000000000    0.349065850   42.389689143   -5.787303205    5.582221095
    0.196349541    0.349065850   39.334403009  -24.475101798    7.616835886
    0.392699082    0.349065850   33.339120057  -34.827981381   11.033056437
    0.589048623    0.349065850   26.512601566  -32.443925138   15.689910422
    0.785398163    0.349065850   21.518867233  -16.410810409   20.775198497
    0.981747704    0.349065850   20.750772361    9.601877131   25.080553480
    1.178097245    0.349065850   25.477404564   38.151946222   27.514971587
    1.374446786    0.349065850   35.347927189   60.677706188   27.567822670
    1.570796327    0.349065850   48.488705953   70.696150536   25.469210376
    1.767145868    0.349065850   62.132482139   65.778932201   21.984717896
    1.963495408    0.349065850   73.456448722   47.631480202   18.008193628
    2.159844949    0.349065850   80.272347762   20.784300552   14.220288518
    2.356194490    0.349065850   81.425178074   -9.100613235   10.922035318
    2.552544031    0.349065850   76.879657905  -36.340336913    8.085222605
    2.748893572    0.349065850   67.653552802  -56.074693592    5.515565423
    2.945243113    0.349065850   55.587158234  -64.915934166    3.035324964

   -3.141592654    0.698131701   44.766301497  -63.925455747    0.438702758
   -2.945243113    0.698131701   33.334415229  -51.389375668    0.094427847
   -2.748893572    0.698131701   24.896838002  -34.419795304    0.005243773
   -2.552544031    0.698131701   19.695189334  -19.448954975   -0.047206856
   -2.356194490    0.698131701   16.806509856  -11.376717031   -0.255655214
   -2.159844949    0.698131701   14.708145274  -11.134110837   -0.714012458
   -1.963495408    0.698131701   12.155059641  -15.085464172   -1.357502401
   -1.767145868    0.698131701    8.916530340  -17.044667269   -1.969104855
   -1.570796327    0.698131701    5.939137893  -11.834097651   -2.278145793
   -1.374446786    0.698131701    4.820280961    1.646219213   -2.114674791
   -1.178097245    0.698131701    6.895627754   19.757195139   -1.514728060
   -0.981747704    0.698131701   12.472920486   36.199293645   -0.691346699
   -0.785398163    0.698131701   20.627358630   45.213028869    0.127676618
   -0.589048623    0.698131701   29.567789746   44.000139951    0.888241118
   -0.392699082    0.698131701   37.293637039   33.202920361    1.812410794
   -0.196349541    0.698131701   42.201266901   15.978900356    3.331504401
    0.000000000    0.698131701   43.463853114   -3.074190237    5.916078489
    0.196349541    0.698131701   41.227056787  -18.776241500    9.831374405
    0.392699082    0.698131701   36.642738295  -26.280851651   14.930715375
    0.589048623    0.698131701   31.674579653  -22.375153115   20.559804820
    0.785398163    0.698131701   28.632141148   -7.005951839   25.669293589
    0.981747704    0.698131701   29.458015612   16.101050220   29.137171807
    1.178097245    0.698131701   35.050117701   40.335704263   30.192831498
    1.374446786    0.698131701   44.908302499   58.472401171   28.709149365
    1.570796327    0.698131701   57.270145828   65.235502938   25.204150605
    1.767145868    0.698131701   69.662123965   58.786193743   20.569380716
    1.963495408    0.698131701   79.598721337   40.724043341   15.698935050
    2.159844949    0.698131701   85.156813122   14.988134809   11.245459023
    2.356194490    0.698131701   85.313063829  -13.455023246    7.540532528
    2.552544031    0.698131701   80.039672860  -39.465513638    4.672994575
    2.748893572    0.698131701   70.283385033  -58.434590437    2.599129400
    2.945243113    0.698131701   57.790615669  -66.960517413    1.225535054

   -3.141592654    1.047197551   43.418648886  -64.248406688   -4.525559969
   -2.945243113    1.047197551   32.020534968  -50.766007475   -3.242336802
   -2.748893572    1.047197551   23.763645116  -33.272108862   -1.646909889
   -2.552544031    1.047197551   18.800128384  -18.240489275   -0.179718663
   -2.356194490    1.047197551   16.121752323  -10.487461619    0.875705714
   -2.159844949    1.047197551   14.149648376  -10.745413830    1.443813488
   -1.963495408    1.047197551   11.625418827  -15.158207775    1.608274077
   -1.767145868    1.047197551    8.340825912  -17.410860071    1.499130530
   -1.570796327    1.047197551    5.275214251  -12.354713178    1.198186449
   -1.374446786    1.047197551    4.040859160    0.976262163    0.720863823
   -1.178097245    1.047197551    5.963966682   18.859352963    0.091665230
   -0.981747704    1.047197551   11.343902443   35.110483821   -0.549303010
   -0.785398163    1.047197551   19.292177218   44.290752473   -0.887222217
   -0.589048623    1.047197551   28.126158736   43.988013683   -0.487433300
   -0.392699082    1.047197551   36.016744985   35.047727404    1.076500230
   -0.196349541    1.047197551   41.538754411   20.496319586    4.054881825
    0.000000000    1.047197551   43.979376951    4.394291864    8.419727883
    0.196349541    1.047197551   43.461681194   -8.898969819   13.802894952
    0.392699082    1.047197551   40.943415872  -15.416144508   19.509773185
    0.589048623    1.047197551   38.042174288  -12.546808776   24.609997918
    0.785398163    1.047197551   36.657270662   -0.253149853   28.141530022
    0.981747704    1.047197551   38.388450056   18.434588661   29.387323579
    1.178097245    1.047197551   43.980708287   38.078005570   28.123952646
    1.374446786    1.047197551   53.016800476   52.588893741   24.690587024
    1.570796327    1.047197551   63.996359592   57.322949582   19.826354028
    1.767145868    1.047197551   74.766264400   50.398899689   14.377674766
    1.963495408    1.047197551   83.102588838   32.938514464    9.033340152
    2.159844949    1.047197551   87.236840010    8.312789331    4.245791758
    2.356194490    1.047197551   86.204942829  -18.875537655    0.280806322
    2.552544031    1.047197551   79.991988967  -43.612300645   -2.671100721
    2.748893572    1.047197551   69.548158560  -61.283519372   -4.463244819
    2.945243113    1.047197551   56.624237789  -68.499215513   -5.041079521

   -3.141592654    1.396263402   38.204395317  -62.001473662  -10.196991295
   -2.945243113    1.396263402   27.450005104  -46.611324124   -8.510742016
   -2.748893572    1.396263402   20.104882603  -28.331386705   -6.402794970
   -2.552544031    1.396263402   16.098729846  -13.582111382   -4.301669991
   -2.356194490    1.396263402   14.246098897   -6.812800522   -2.462550987
   -2.159844949    1.396263402   12.874062100   -8.323363712   -0.952760307
   -1.963495408    1.396263402   10.700349927  -14.005954702    0.250439869
   -1.767145868    1.396263402    7.519417332  -17.510880934    1.133260651
   -1.570796327    1.396263402    4.310712980  -13.714692692    1.602561490
   -1.374446786    1.396263402    2.695222869   -1.503550052    1.570036020
   -1.178097245    1.396263402    4.062759462   15.802292586    1.110657375
   -0.981747704    1.396263402    8.868954013   32.524663548    0.562490056
   -0.785398163    1.396263402   16.465237587   43.507093182    0.482183264
   -0.589048623    1.396263402   25.422281125   46.180868267    1.444980036
   -0.392699082    1.396263402   34.087569938   40.765307015    3.821035231
   -0.196349541    1.396263402   41.059836400   29.424772651    7.607112617
    0.000000000    1.396263402   45.478581007   15.360240931   12.408189574
    0.196349541    1.396263402   47.170369165    2.309047164   17.502707958
    0.392699082    1.396263402   46.709944474   -5.998888245   21.993638634
    0.589048623    1.396263402   45.331618650   -6.697152198   25.003089099
    0.785398163    1.396263402   44.652660136    1.006010759   25.900281585
    0.981747704    1.396263402   46.174926582   15.150566075   24.491755448
    1.178097245    1.396263402   50.756122299   31.299742069   21.086390346
    1.374446786    1.396263402   58.245853512   43.877530706   16.369548931
    1.570796327    1.396263402   67.446531603   48.108275558   11.128126477
    1.767145868    1.396263402   76.432808799   41.522964147    5.987870033
    1.963495408    1.396263402   83.084726171   24.665151220    1.283850729
    2.159844949    1.396263402   85.655764678    0.672139541   -2.856270429
    2.356194490    1.396263402   83.200931897  -25.657338807   -6.348684776
    2.552544031    1.396263402   75.785948890  -48.947689015   -9.018610717
    2.748893572    1.396263402   64.498752763  -64.411351303  -10.627375802
    2.945243113    1.396263402   51.223028537  -68.899436696  -11.004269394

   -3.141592654    1.745329252   31.717083862  -59.830545820  -16.268804450
   -2.945243113    1.745329252   21.573197651  -42.698327716  -14.666992205
   -2.748893572    1.745329252   15.093939229  -23.582068498  -12.443726033
   -2.552544031    1.745329252   12.031716316   -8.840560531   -9.933668232
   -2.356194490    1.745329252   11.060366633   -2.649199124   -7.330213142
   -2.159844949    1.745329252   10.422963754   -5.042036038   -4.690670661
   -1.963495408    1.745329252    8.790979939  -11.803565375   -2.050350964
   -1.767145868    1.745329252    5.921303321  -16.575895315    0.451093619
   -1.570796327    1.745329252    2.763485781  -14.129819374    2.557902606
   -1.374446786    1.745329252    0.953835303   -2.980991222    4.034394847
   -1.178097245    1.745329252    1.992726528   14.109195166    4.866017070
   -0.981747704    1.745329252    6.550957810   31.919937154    5.359705554
   -0.785398163    1.745329252   14.245449999   45.291881593    6.055180475
   -0.589048623    1.745329252   23.856912375   51.114899685    7.467617297
   -0.392699082    1.745329252   33.795285308   48.681721849    9.835892898
   -0.196349541    1.745329252   42.530129994   39.209659832   12.976770478
    0.000000000    1.745329252   48.909667094   25.215751475   16.332547893
    0.196349541    1.745329252   52.378388305   10.228257803   19.120375331
    0.392699082    1.745329252   53.140034379   -1.697473185   20.565716298
    0.589048623    1.745329252   52.170959180   -6.884184155   20.140264035
    0.785398163    1.745329252   51.023026728   -3.450076012   17.750589000
    0.981747704    1.745329252   51.344263315    7.640481868   13.785336492
    1.178097245    1.745329252   54.291316089   22.455133680    8.977985955
    1.374446786    1.745329252   60.044057685   35.226196610    4.121792792
    1.570796327    1.745329252   67.639426227   40.467152882   -0.230844028
    1.767145868    1.745329252   75.230348668   34.893833115   -3.908846640
    1.963495408    1.745329252   80.644776647   18.607591163   -7.061571912
    2.159844949    1.745329252   82.050766710   -5.159698452   -9.922129096
    2.356194490    1.745329252   78.479598690  -31.116603275  -12.576491080
    2.552544031    1.745329252   70.079204630  -53.383101330  -14.850012642
    2.748893572    1.745329252   58.089424650  -66.995036525  -16.398566761
    2.945243113    1.745329252   44.535979443  -69.085254135  -16.904405537

   -3.141592654    2.094395102   24.949722367  -58.505005962  -19.177741169
   -2.945243113    2.094395102   15.209247603  -39.992299988  -17.984126181
   -2.748893572    2.094395102    9.358475560  -19.973021731  -15.985412194
   -2.552544031    2.094395102    7.060223788   -4.723507794  -13.355778718
   -2.356194490    2.094395102    6.929727103    1.773303858  -10.223289887
   -2.159844949    2.094395102    7.183241117   -0.412095068   -6.672218277
   -1.963495408    2.094395102    6.466656922   -7.161666886   -2.819229207
   -1.767145868    2.094395102    4.479871578  -12.304903804    1.101739242
   -1.570796327    2.094395102    2.088569116  -10.657193249    4.747432477
   -1.374446786    2.094395102    0.866876543   -0.455183481    7.790184570
   -1.178097245    2.094395102    2.335394340   16.057123605   10.090737218
   -0.981747704    2.094395102    7.284639234   34.102380847   11.777191662
   -0.785398163    2.094395102   15.502047560   48.542103735   13.161750483
   -0.589048623    2.094395102   25.892630051   55.799012270   14.523962407
   -0.392699082    2.094395102   36.865439014   54.392768435   15.918307863
   -0.196349541    2.094395102   46.735573842   44.831462334   17.088568895
    0.000000000    2.094395102   54.088028061   29.246923508   17.551657344
    0.196349541    2.094395102   58.075216036   11.280611905   16.764672611
    0.392699082    2.094395102   58.680082397   -4.407633280   14.357014857
    0.589048623    2.094395102   56.813589703  -13.199820590   10.333082646
    0.785398163    2.094395102   54.156417492  -12.247812523    5.164746229
    0.981747704    2.094395102   52.645432634   -1.914135810   -0.314597286
    1.178097245    2.094395102   53.784158280   13.835446415   -5.200225066
    1.374446786    2.094395102   58.028911809   28.577118929   -8.867419047
    1.570796327    2.094395102   64.528537453   35.896111663  -11.196488762
    1.767145868    2.094395102   71.375109616   31.731802227  -12.542031048
    1.963495408    2.094395102   76.229224120   15.919071243  -13.494629979
    2.159844949    2.094395102   77.094532525   -8.039374780  -14.562447191
    2.356194490    2.094395102   72.927894144  -34.250293402  -15.945918458
    2.552544031    2.094395102   63.924428121  -56.269904199  -17.483414979
    2.748893572    2.094395102   51.452064383  -68.894114555  -18.784471209
    2.945243113    2.094395102   37.671098892  -69.434090469  -19.434139670

   -3.141592654    2.443460953   18.504732076  -58.011649999  -12.935527932
   -2.945243113    2.443460953    8.988564121  -38.220586724  -11.592775305
   -2.748893572    2.443460953    3.605600559  -17.010817159   -9.691320530
   -2.552544031    2.443460953    1.998331635   -0.665427502   -7.286214834
   -2.356194490    2.443460953    2.769432904    6.888602145   -4.377326862
   -2.159844949    2.443460953    4.128180085    5.708316144   -0.925333466
   -1.963495408    2.443460953    4.696630798   -0.252525784    3.057478552
   -1.767145868    2.443460953    4.108813615   -5.062074159    7.391872190
   -1.570796327    2.443460953    3.123308988   -3.686407670   11.703031540
   -1.374446786    2.443460953    3.199385971    5.723339265   15.523454915
   -1.178097245    2.443460953    5.782147866   21.212887265   18.479618332
   -0.981747704    2.443460953   11.648264195   38.309850725   20.420674940
   -0.785398163    2.443460953   20.612902879   51.957292933   21.400228073
   -0.589048623    2.443460953   31.595956717   58.377682656   21.524574928
   -0.392699082    2.443460953   42.962407333   55.714088884   20.806651189
   -0.196349541    2.443460953   52.910122016   44.162576597   19.106032777
    0.000000000    2.443460953   59.869904211   25.798174136   16.212223642
    0.196349541    2.443460953   62.866165367    4.609711807   11.990928278
    0.392699082    2.443460953   61.860257225  -14.025513356    6.554464161
    0.589048623    2.443460953   57.903567127  -24.607854340    0.373140925
    0.785398163    2.443460953   52.977066594  -23.615819096   -5.755035072
    0.981747704    2.443460953   49.397345285  -11.323799939  -10.917765193
    1.178097245    2.443460953   48.994398632    7.680698749  -14.411964558
    1.374446786    2.443460953   52.376577477   25.885640628  -16.020298259
    1.570796327    2.443460953   58.625415595   35.828445374  -16.070446270
    1.767145868    2.443460953   65.600569332   32.864140565  -15.246087078
    1.963495408    2.443460953   70.678777255   16.883183754  -14.272438567
    2.159844949    2.443460953   71.642969504   -8.066450932  -13.644697387
    2.356194490    2.443460953   67.359357194  -35.364359420  -13.506318830
    2.552544031    2.443460953   58.067050128  -57.978201313  -13.686843528
    2.748893572    2.443460953   45.262128051  -70.439212934  -13.852723054
    2.945243113    2.443460953   31.250497540  -70.147333803  -13.671359939

   -3.141592654    2.792526803   15.303207983  -57.061630687    1.716391861
   -2.945243113    2.792526803    6.035174270  -36.632036459    3.770639522
   -2.748893572    2.792526803    1.041505907  -14.615945421    5.576752739
   -2.552544031    2.792526803    0.000000000    2.732627352    7.191695611
   -2.356194490    2.792526803    1.554510900   11.496011224    8.887687551
   -2.159844949    2.792526803    3.948093571   11.643014094   11.057801262
   -1.963495408    2.792526803    5.804830475    6.884119501   14.010637669
   -1.767145868    2.792526803    6.701463228    2.814707422   17.743129652
   -1.570796327    2.792526803    7.275324626    4.180428824   21.849519204
   -1.374446786    2.792526803    8.827108064   12.758002307   25.637998549
   -1.178097245    2.792526803   12.653031188   26.750248454   28.399786216
   -0.981747704    2.792526803   19.423759281   41.934340018   29.655083061
   -0.785398163    2.792526803   28.890112535   53.398663560   29.239069589
   -0.589048623    2.792526803   39.919639265   57.355202432   27.217222424
   -0.392699082    2.792526803   50.815579967   51.880719435   23.748486939
   -0.196349541    2.792526803   59.710837897   37.248376301   18.999167387
    0.000000000    2.792526803   65.011328214   15.864485260   13.161683370
    0.196349541    2.792526803   65.807875885   -7.698652137    6.531987630
    0.392699082    2.792526803   62.255781626  -27.377975984   -0.407176172
    0.589048623    2.792526803   55.723044037  -37.161502993   -6.963453461
    0.785398163    2.792526803   48.567010485  -33.480603263  -12.339801090
    0.981747704    2.792526803   43.429218151  -17.178209661  -15.865286820
    1.178097245    2.792526803   42.301693845    6.110791179  -17.254049659
    1.374446786    2.792526803   45.735101177   27.770017093  -16.736624289
    1.570796327    2.792526803   52.570405228   39.645016455  -14.944083505
    1.767145868    2.792526803   60.351960321   37.034269550  -12.618710585
    1.963495408    2.792526803   66.186154310   20.291515066  -10.313872472
    2.159844949    2.792526803   67.702364235   -5.865152038   -8.259635924
    2.356194490    2.792526803   63.738343661  -34.249577122   -6.404538130
    2.552544031    2.792526803   54.591888548  -57.523535859   -4.567369847
    2.748893572    2.792526803   41.851477865  -70.161238283   -2.596784197
    2.945243113    2.792526803   27.910215824  -69.661411170   -0.465290037
