#! FIELDS phi psi file.free der_phi der_psi
#! SET min_phi -pi
#! SET max_phi pi
#! SET nbins_phi  32
#! SET periodic_phi true
#! SET min_psi -pi
#! SET max_psi pi
#! SET nbins_psi  18
#! SET periodic_psi true
   -3.141592654   -3.141592654   18.761791528  -55.556228920   14.341075651
   -2.945243113   -3.141592654    9.602260292  -36.797560058   16.987261640
   -2.748893572   -3.141592654    4.535041153  -14.902547534   18.991679323
   -2.552544031   -3.141592654    3.547925720    3.799526858   20.418603610
   -2.356194490   -3.141592654    5.518320294   14.757157706   21.604872538
   -2.159844949   -3.141592654    8.774727323   17.124133877   23.023826143
   -1.963495408   -3.141592654   11.873347139   13.908021812   25.021972761
   -1.767145868   -3.141592654   14.206627218   10.212550940   27.559079900
   -1.570796327   -3.141592654   16.152719047   10.529444472   30.130563342
   -1.374446786   -3.141592654   18.727813823   16.622994320   31.945859970
   -1.178097245   -3.141592654   22.966090289   26.949716063   32.275473395
   -0.981747704   -3.141592654   29.350583969   37.757213247   30.753967491
   -0.785398163   -3.141592654   37.555138264   44.796101441   27.478236477
   -0.589048623   -3.141592654   46.511740902   45.048141292   22.884001813
   -0.392699082   -3.141592654   54.742856470   37.366785676   17.513014273
   -0.196349541   -3.141592654   60.738386000   22.624656574   11.815275203
    0.000000000   -3.141592654   63.341558226    3.398073978    6.066242143
    0.196349541   -3.141592654   62.060001343  -16.129773868    0.421800238
    0.392699082   -3.141592654   57.334782322  -30.807666352   -4.938676175
    0.589048623   -3.141592654   50.608522900  -35.829353476   -9.670281356
    0.785398163   -3.141592654   44.072096914  -28.794149962  -13.255187666
    0.981747704   -3.141592654   40.005955015  -11.310185216  -15.175308262
    1.178097245   -3.141592654   39.959127960   10.955153444  -15.185887385
    1.374446786   -3.141592654   44.117335316   30.216943761  -13.493229417
    1.570796327   -3.141592654   51.185979221   39.732727595  -10.676706779
    1.767145868   -3.141592654   58.856775676   36.156444893   -7.417513210
    1.963495408   -3.141592654   64.584508079   20.425045839   -4.196747199
    2.159844949   -3.141592654   66.354706478   -3.250530463   -1.171691227
    2.356194490   -3.141592654   63.171556508  -29.002029050    1.759703748
    2.552544031   -3.141592654   55.220453353  -50.884306319    4.776151488
    2.748893572   -3.141592654   43.762479388  -64.052540629    7.965175651
    2.945243113   -3.141592654   30.832095933  -65.647743783   11.235851055

   -3.141592654   -2.792526803   25.632044151  -50.100085865   22.224878951
   -2.945243113   -2.792526803   17.385560735  -33.029217726   25.041543115
   -2.748893572   -2.792526803   12.880531277  -12.915895143   26.737068106
   -2.552544031   -2.792526803   12.145474564    4.515036029   27.470977688
   -2.356194490   -2.792526803   14.210667210   15.194206560   27.729695642
   -2.159844949   -2.792526803   17.614506675   18.341537251   28.123978329
   -1.963495408   -2.792526803   21.082162612   16.478670643   29.078017646
   -1.767145868   -2.792526803   24.035945037   13.833397515   30.563703358
   -1.570796327   -2.792526803   26.706423862   14.043365452   32.051489855
   -1.374446786   -2.792526803   29.833688231   18.480950956   32.726166552
   -1.178097245   -2.792526803   34.162211089   25.853373479   31.857769486
   -0.981747704   -2.792526803   39.987801146   33.145979556   29.112854449
   -0.785398163   -2.792526803   46.959134266   36.963930156   24.651762760
   -0.589048623   -2.792526803   54.132115698   34.905020952   19.001430489
   -0.392699082   -2.792526803   60.237993914   26.064520665   12.804574660
   -0.196349541   -2.792526803   63.988478982   11.222741357    6.607121436
    0.000000000   -2.792526803   64.410749080   -7.298389647    0.752351831
    0.196349541   -2.792526803   61.145733008  -25.551040660   -4.570723224
    0.392699082   -2.792526803   54.735193189  -38.465795918   -9.194928542
    0.589048623   -2.792526803   46.720399392  -41.201927535  -12.847609341
    0.785398163   -2.792526803   39.394642417  -31.385655848  -15.150805321
    0.981747704   -2.792526803   35.111998521  -10.917668980  -15.774668517
    1.178097245   -2.792526803   35.411094411   13.990455265  -14.661221592
    1.374446786   -2.792526803   40.356848020   35.044028948  -12.133771671
    1.570796327   -2.792526803   48.464577606   45.335710944   -8.771570922
    1.767145868   -2.792526803   57.248566722   41.820603478   -5.139894634
    1.963495408   -2.792526803   64.074584079   25.963231791   -1.535694477
    2.159844949   -2.792526803   66.937908821    2.405875283    2.055214889
    2.356194490   -2.792526803   64.906172854  -22.890125406    5.820209129
    2.552544031   -2.792526803   58.211829574  -44.212041126    9.897429048
    2.748893572   -2.792526803   48.098803450  -57.111369437   14.219367208
    2.945243113   -2.792526803   36.508229976  -59.072448331   18.478504365

   -3.141592654   -2.443460953   33.165379989  -44.656237940   20.914921393
   -2.945243113   -2.443460953   25.822029977  -29.333082521   23.230386939
   -2.748893572   -2.443460953   21.866141099  -10.979143582   24.505863033
   -2.552544031   -2.443460953   21.377351656    5.213948232   24.891282618
   -2.356194490   -2.443460953   23.528150193   15.521176888   24.775776533
   -2.159844949   -2.443460953   27.027330408   19.085176842   24.621077650
   -1.963495408   -2.443460953   30.708230027   17.885340826   24.727129064
   -1.767145868   -2.443460953   33.966102866   15.375616255   25.047035026
   -1.570796327   -2.443460953   36.862688894   14.591082647   25.173253325
   -1.374446786   -2.443460953   39.897180270   16.813671516   24.517468134
   -1.178097245   -2.443460953   43.612691276   21.220770843   22.593447222
   -0.981747704   -2.443460953   48.233478676   25.587936307   19.241219291
   -0.785398163   -2.443460953   53.491866216   27.257625956   14.682712580
   -0.589048623   -2.443460953   58.641403517   24.211553913    9.408403315
   -0.392699082   -2.443460953   62.644872316   15.523887892    3.968094279
   -0.196349541   -2.443460953   64.409288374    1.638053363   -1.195839199
    0.000000000   -2.443460953   63.078316834  -15.532607899   -5.839723156
    0.196349541   -2.443460953   58.339091621  -32.319560190   -9.869919712
    0.392699082   -2.443460953   50.749857412  -43.668875229  -13.222944694
    0.589048623   -2.443460953   41.887621315  -44.561894412  -15.737450172
    0.785398163   -2.443460953   34.116715247  -32.483535890  -17.129113557
    0.981747704   -2.443460953   29.864423538   -9.486693923  -17.107189801
    1.178097245   -2.443460953   30.680279774   17.751190176  -15.581396389
    1.374446786   -2.443460953   36.538171855   40.435361059  -12.788514895
    1.570796327   -2.443460953   45.789441361   51.447868514   -9.217857995
    1.767145868   -2.443460953   55.786361868   47.993037775   -5.384570621
    1.963495408   -2.443460953   63.812070465   32.021989205   -1.589876059
    2.159844949   -2.443460953   67.871634888    8.585988833    2.136031174
    2.356194490   -2.443460953   67.092265637  -16.281303717    5.923845029
    2.552544031   -2.443460953   61.745710210  -37.120264915    9.865508014
    2.748893572   -2.443460953   53.047802637  -49.884103697   13.879928992
    2.945243113   -2.443460953   42.837455304  -52.373014635   17.688994572

   -3.141592654   -2.094395102   39.377896129  -40.195338091   13.976653517
   -2.945243113   -2.094395102   32.772809667  -26.327843546   15.330114347
   -2.748893572   -2.094395102   29.254967737   -9.509028895   16.030203841
   -2.552544031   -2.094395102   28.923828841    5.422808533   16.189815087
   -2.356194490   -2.094395102   31.033452012   14.986845135   15.997344193
   -2.159844949   -2.094395102   34.395748764   18.283848652   15.623397238
   -1.963495408   -2.094395102   37.906776500   16.934165665   15.118833097
   -1.767145868   -2.094395102   40.934929585   13.884709696   14.366589852
   -1.570796327   -2.094395102   43.426652940   11.829091016   13.130238675
   -1.374446786   -2.094395102   45.736974408   12.125676188   11.181765838
   -1.178097245   -2.094395102   48.323908811   14.449418119    8.439269125
   -0.981747704   -2.094395102   51.447043456   17.247517858    5.029467138
   -0.785398163   -2.094395102   54.993727623   18.360426925    1.247991713
   -0.589048623   -2.094395102   58.432123428   15.850638646   -2.548664590
   -0.392699082   -2.094395102   60.913724336    8.484529168   -6.067765519
   -0.196349541   -2.094395102   61.450490765   -3.823812934   -9.142522985
    0.000000000   -2.094395102   59.188093678  -19.614051219  -11.760044189
    0.196349541   -2.094395102   53.750181893  -35.415011791  -13.995514537
    0.392699082   -2.094395102   45.626456800  -46.027516975  -15.908143546
    0.589048623   -2.094395102   36.379712170  -46.061341190  -17.419379174
    0.785398163   -2.094395102   28.434652979  -32.660409855  -18.268196951
    0.981747704   -2.094395102   24.318740368   -7.852556586  -18.103447646
    1.178097245   -2.094395102   25.647768406   21.326487740  -16.692292063
    1.374446786   -2.094395102   32.370281445   45.567091328  -14.095317115
    1.570796327   -2.094395102   42.724036711   57.413110210  -10.673327274
    1.767145868   -2.094395102   53.918482836   54.136313687   -6.916482508
    1.963495408   -2.094395102   63.139536737   38.032420386   -3.209642739
    2.159844949   -2.094395102   68.368739074   14.513956765    0.273771361
    2.356194490   -2.094395102   68.760786406  -10.259223972    3.536106194
    2.552544031   -2.094395102   64.612198899  -30.957910320    6.613354080
    2.748893572   -2.094395102   57.122082981  -43.809340829    9.472632696
    2.945243113   -2.094395102   48.060152571  -46.842932329   11.983084067

   -3.141592654   -1.745329252   42.782070739  -37.788480232    6.950028915
   -2.945243113   -1.745329252   36.564719650  -24.824435314    7.443321541
   -2.748893572   -1.745329252   33.243947296   -9.016481691    7.542893335
   -2.552544031   -1.745329252   32.911067636    4.926437914    7.263727897
   -2.356194490   -1.745329252   34.836012266   13.625939079    6.599427776
   -2.159844949   -1.745329252   37.855720202   16.165859511    5.510775398
   -1.963495408   -1.745329252   40.876802516   14.048065039    3.930454947
   -1.767145868   -1.745329252   43.252546986   10.100689510    1.803501014
   -1.570796327   -1.745329252   44.903006982    7.038734997   -0.850271169
   -1.374446786   -1.745329252   46.179280575    6.427693933   -3.885282125
   -1.178097245   -1.745329252   47.588296898    8.244921137   -7.027637664
   -0.981747704   -1.745329252   49.493998035   11.170743175   -9.940393925
   -0.785398163   -1.745329252   51.915284996   13.081120423  -12.323183337
   -0.589048623   -1.745329252   54.436489486   11.842227545  -14.002245492
   -0.392699082   -1.745329252   56.270257920    5.897861505  -14.981969501
   -0.196349541   -1.745329252   56.423163996   -5.207469236  -15.422241204
    0.000000000   -1.745329252   53.969409727  -20.271844239  -15.601245298
    0.196349541   -1.745329252   48.428008476  -35.891930363  -15.810871350
    0.392699082   -1.745329252   40.197430835  -46.659811831  -16.239949238
    0.589048623   -1.745329252   30.815529972  -46.744491240  -16.852769131
    0.785398163   -1.745329252   22.775091914  -32.824856080  -17.348559198
    0.981747704   -1.745329252   18.739384648   -6.757116272  -17.264572621
    1.178097245   -1.745329252   20.449823637   24.151190093  -16.206491056
    1.374446786   -1.745329252   27.893779347   50.021679319  -14.066477881
    1.570796327   -1.745329252   39.235270326   62.882889744  -11.087159061
    1.767145868   -1.745329252   51.540186199   59.854343571   -7.728605540
    1.963495408   -1.745329252   61.859508869   43.428958757   -4.437578340
    2.159844949   -1.745329252   68.097133728   19.376775061   -1.496518474
    2.356194490   -1.745329252   69.394301377   -5.891884741    1.005029426
    2.552544031   -1.745329252   66.064037679  -26.980712112    3.079704869
    2.748893572   -1.745329252   59.319044233  -40.208982074    4.760819518
    2.945243113   -1.745329252   50.918657847  -43.735780699    6.054023137

   -3.141592654   -1.396263402   42.264154595  -38.272459499    5.037023663
   -2.945243113   -1.396263402   35.943126702  -25.390591442    4.789946036
   -2.748893572   -1.396263402   32.504736911   -9.670249878    4.127969475
   -2.552544031   -1.396263402   32.019270663    3.971587413    3.061381295
   -2.356194490   -1.396263402   33.698113088   12.003465908    1.543293620
   -2.159844949   -1.396263402   36.299625783   13.465981220   -0.519260110
   -1.963495408   -1.396263402   38.660833388   10.004804894   -3.205119671
   -1.767145868   -1.396263402   40.112506569    4.777962750   -6.476352752
   -1.570796327   -1.396263402   40.630069025    0.943278633  -10.103134682
   -1.374446786   -1.396263402   40.704015551    0.448232406  -13.671722416
   -1.178097245   -1.396263402   41.035017208    3.411225959  -16.687913358
   -0.981747704   -1.396263402   42.175882707    8.323388748  -18.735520634
   -0.785398163   -1.396263402   44.268129105   12.594047198  -19.606454642
   -0.589048623   -1.396263402   46.913680558   13.513988136  -19.347113670
   -0.392699082   -1.396263402   49.234468665    9.045558805  -18.232238497
   -0.196349541   -1.396263402   50.071569574   -1.562384336  -16.666041621
    0.000000000   -1.396263402   48.299140643  -17.135683063  -15.094510693
    0.196349541   -1.396263402   43.256452259  -34.046732004  -13.880601448
    0.392699082   -1.396263402   35.231941035  -46.404379455  -13.200141577
    0.589048623   -1.396263402   25.767165469  -47.731715497  -12.967611061
    0.785398163   -1.396263402   17.484464383  -34.119580314  -12.853888123
    0.981747704   -1.396263402   13.260911341   -7.196897823  -12.420024133
    1.178097245   -1.396263402   15.045234998   25.434393847  -11.327660739
    1.374446786   -1.396263402   22.932410438   53.210286395   -9.497092346
    1.570796327   -1.396263402   35.048845207   67.443754064   -7.127221249
    1.767145868   -1.396263402   48.309600280   64.859097486   -4.566804397
    1.963495408   -1.396263402   59.579661447   47.972378873   -2.131301248
    2.159844949   -1.396263402   66.613766747   22.881283429   -0.004102498
    2.356194490   -1.396263402   68.478912696   -3.619540259    1.765143463
    2.552544031   -1.396263402   65.481314097  -25.829989768    3.174923225
    2.748893572   -1.396263402   58.873530171  -39.910153153    4.214011684
    2.945243113   -1.396263402   50.474467298  -43.967942503    4.844898937

   -3.141592654   -1.047197551   40.638960619  -41.127094194    5.662494506
   -2.945243113   -1.047197551   33.753124505  -28.231183561    4.629561926
   -2.748893572   -1.047197551   29.782760477  -12.228386124    2.966427371
   -2.552544031   -1.047197551   28.820852876    1.632389645    0.782555774
   -2.356194490   -1.047197551   30.030812884    9.477302615   -1.858375739
   -2.159844949   -1.047197551   32.071716551   10.193932183   -4.968395434
   -1.963495408   -1.047197551   33.685347619    5.642028603   -8.567289343
   -1.767145868   -1.047197551   34.183312055   -0.487943145  -12.536560937
   -1.570796327   -1.047197551   33.639527862   -4.425360084  -16.517240785
   -1.374446786   -1.047197551   32.743368776   -3.861977815  -19.945753707
   -1.178097245   -1.047197551   32.422325891    1.225884482  -22.233705992
   -0.981747704   -1.047197551   33.393473573    8.816598249  -22.995752111
   -0.785398163   -1.047197551   35.839487889   15.626455429  -22.193400135
   -0.589048623   -1.047197551   39.273150702   18.342037611  -20.130919634
   -0.392699082   -1.047197551   42.631231188   14.590387201  -17.344989629
   -0.196349541   -1.047197551   44.534102329    3.565853617  -14.423314665
    0.000000000   -1.047197551   43.651240076  -13.325757403  -11.852283895
    0.196349541   -1.047197551   39.185478213  -32.011906398   -9.881785543
    0.392699082   -1.047197551   31.391499965  -46.022325815   -8.482660772
    0.589048623   -1.047197551   21.891289044  -48.329038309   -7.406635600
    0.785398163   -1.047197551   13.476122300  -34.705660855   -6.337463917
    0.981747704   -1.047197551    9.217585208   -6.850851967   -5.057782225
    1.178097245   -1.047197551   11.206771244   27.200105845   -3.545334847
    1.374446786   -1.047197551   19.576454168   56.287090745   -1.938548838
    1.570796327   -1.047197551   32.380739846   71.242600055   -0.422805795
    1.767145868   -1.047197551   46.395756496   68.612787704    0.891834201
    1.963495408   -1.047197551   58.342965482   51.019803041    2.019800217
    2.159844949   -1.047197551   65.871310167   24.823544192    3.050641282
    2.356194490   -1.047197551   67.995184094   -2.936820221    4.056610461
    2.552544031   -1.047197551   65.008761995  -26.383590298    5.000852445
    2.748893572   -1.047197551   58.182117315  -41.549849860    5.724476552
    2.945243113   -1.047197551   49.376339997  -46.412845371    6.005776347

   -3.141592654   -0.698131701   41.232815271  -43.858778678    4.465224996
   -2.945243113   -0.698131701   33.708541985  -31.953289416    2.285405165
   -2.748893572   -0.698131701   28.935879620  -16.621568858   -0.549933768
   -2.552544031   -0.698131701   27.066971501   -3.188339441   -3.780706397
   -2.356194490   -0.698131701   27.292278297    4.257116631   -7.226004299
   -2.159844949   -0.698131701   28.259762508    4.465180748  -10.840803485
   -1.963495408   -0.698131701   28.700153485   -0.538563940  -14.612477346
   -1.767145868   -0.698131701   27.977254760   -6.613034603  -18.359209187
   -1.570796327   -0.698131701   26.313790743   -9.514070856  -21.618006849
   -1.374446786   -0.698131701   24.613034945   -6.794105864  -23.746144391
   -1.178097245   -0.698131701   23.995046282    1.208042219  -24.205112502
   -0.981747704   -0.698131701   25.257610897   11.742363276  -22.839780435
   -0.785398163   -0.698131701   28.512697760   20.774078791  -19.973294915
   -0.589048623   -0.698131701   33.078937402   24.510559209  -16.267173317
   -0.392699082   -0.698131701   37.642962322   20.508361250  -12.465262220
   -0.196349541   -0.698131701   40.599267319    8.250114771   -9.130208350
    0.000000000   -0.698131701   40.475267317  -10.301730481   -6.492925789
    0.196349541   -0.698131701   36.453244238  -30.431239509   -4.420359414
    0.392699082   -0.698131701   28.884825797  -45.160286166   -2.539925526
    0.589048623   -0.698131701   19.556863467  -47.305541457   -0.482429953
    0.785398163   -0.698131701   11.413426835  -32.908445781    1.868504874
    0.981747704   -0.698131701    7.596189135   -4.198599076    4.277476814
    1.178097245   -0.698131701   10.160874103   30.307982277    6.284984738
    1.374446786   -0.698131701   19.137817618   59.264867451    7.493504938
    1.570796327   -0.698131701   32.476200691   73.653604246    7.799915596
    1.767145868   -0.698131701   46.897345783   70.343686713    7.443241730
    1.963495408   -0.698131701   59.129256922   52.222910394    6.852870609
    2.159844949   -0.698131701   66.860545514   25.717749647    6.417162713
    2.356194490   -0.698131701   69.137191720   -2.282143364    6.304237951
    2.552544031   -0.698131701   66.243619102  -26.138614073    6.397422977
    2.748893572   -0.698131701   59.397651405  -42.053287900    6.363555414
    2.945243113   -0.698131701   50.392677513  -47.979487834    5.810890527

   -3.141592654   -0.349065850   42.385982994  -47.921058343    2.696734137
   -2.945243113   -0.349065850   33.923351036  -37.354028084   -0.133864497
   -2.748893572   -0.349065850   28.008124135  -22.737905531   -3.499493140
   -2.552544031   -0.349065850   24.917767949   -9.434346598   -7.056472417
   -2.356194490   -0.349065850   23.928612145   -1.849488052  -10.567150519
   -2.159844949   -0.349065850   23.711430572   -1.499376962  -13.963019579
   -1.963495408   -0.349065850   23.000401547   -6.251393390  -17.212584884
   -1.767145868   -0.349065850   21.223258640  -11.494084643  -20.096679070
   -1.570796327   -0.349065850   18.766549591  -12.516744749  -22.113179664
   -1.374446786   -0.349065850   16.749160350   -6.876233799  -22.641229426
   -1.178097245   -0.349065850   16.442844258    4.456562998  -21.292950881
   -0.981747704   -0.349065850   18.630976635   17.747544427  -18.196991944
   -0.785398163   -0.349065850   23.226538267   28.157106777  -14.011121730
   -0.589048623   -0.349065850   29.243359565   31.646434546   -9.645090174
   -0.392699082   -0.349065850   35.076739496   26.149339833   -5.880192111
   -0.196349541   -0.349065850   38.948587545   11.925405735   -3.070237070
    0.000000000   -0.349065850   39.379920394   -8.194981067   -1.046414059
    0.196349541   -0.349065850   35.698819092  -28.867939286    0.759642613
    0.392699082   -0.349065850   28.479936864  -42.998441838    3.004583280
    0.589048623   -0.349065850   19.696218187  -43.887173465    6.039503390
    0.785398163   -0.349065850   12.338128119  -28.449222309    9.637163122
    0.981747704   -0.349065850    9.423236733    0.315243852   13.034781236
    1.178097245   -0.349065850   12.780772340   33.682796757   15.315214448
    1.374446786   -0.349065850   22.242037680   60.760413514   15.906129703
    1.570796327   -0.349065850   35.688369591   73.336645714   14.865516645
    1.767145868   -0.349065850   49.925984555   68.947707794   12.804845922
    1.963495408   -0.349065850   61.855574852   50.683296325   10.533713894
    2.159844949   -0.349065850   69.327461579   24.680884871    8.681381883
    2.356194490   -0.349065850   71.460760486   -2.741890186    7.473580295
    2.552544031   -0.349065850   68.497106193  -26.508482345    6.721258033
    2.748893572   -0.349065850   61.524047322  -43.113922228    5.969742510
    2.945243113   -0.349065850   52.184482310  -50.415488074    4.730574944

   -3.141592654    0.000000000   42.871769594  -52.575567097    0.390843357
   -2.945243113    0.000000000   33.383519467  -43.034178804   -2.371072704
   -2.748893572    0.000000000   26.303894773  -28.793521125   -5.395435070
   -2.552544031    0.000000000   22.037556634  -15.278070491   -8.384091291
   -2.356194490    0.000000000   19.945816347   -7.217164628  -11.164274740
   -2.159844949    0.000000000   18.724548922   -6.353202725  -13.714969464
   -1.963495408    0.000000000   17.122442711  -10.410347359  -16.012935027
   -1.767145868    0.000000000   14.644078915  -14.333605361  -17.827458376
   -1.570796327    0.000000000   11.837087094  -13.079299073  -18.676579851
   -1.374446786    0.000000000    9.999326122   -4.410642309  -18.039634293
   -1.178097245    0.000000000   10.479286019    9.906620106  -15.710688193
   -0.981747704    0.000000000   13.952441587   25.144358390  -12.020716809
   -0.785398163    0.000000000   20.057613795   35.848613998   -7.756546357
   -0.589048623    0.000000000   27.481520260   38.073573246   -3.808346865
   -0.392699082    0.000000000   34.377372473   30.485911402   -0.766384455
   -0.196349541    0.000000000   38.904566853   14.378883005    1.320070405
    0.000000000    0.000000000   39.718905337   -6.512803337    2.938915868
    0.196349541    0.000000000   36.416255938  -26.452631966    4.863041336
    0.392699082    0.000000000   29.843680954  -38.717529894    7.745936442
    0.589048623    0.000000000   22.100351188  -37.677676118   11.709338099
    0.785398163    0.000000000   16.060890539  -21.530664426   16.154872646
    0.981747704    0.000000000   14.415438037    5.975505038   19.958398539
    1.178097245    0.000000000   18.615225354   36.387857783   22.005795708
    1.374446786    0.000000000   28.260281043   59.951175624   21.753272986
    1.570796327    0.000000000   41.255975595   69.778750003   19.466267450
    1.767145868    0.000000000   54.649493738   64.189629505   16.020512426
    1.963495408    0.000000000   65.654708206   46.236983929   12.431437664
    2.159844949    0.000000000   72.360232743   21.391151618    9.430393454
    2.356194490    0.000000000   73.966475695   -4.884936906    7.257202112
    2.552544031    0.000000000   70.642791808  -28.179329049    5.705409170
    2.748893572    0.000000000   63.312764018  -45.230494143    4.316928348
    2.945243113    0.000000000   53.451720373  -53.698201141    2.631659210

   -3.141592654    0.349065850   44.106179931  -55.668051252   -0.411563798
   -2.945243113    0.349065850   33.922212124  -46.961287300   -2.133217005
   -2.748893572    0.349065850   26.018687465  -33.171632710   -3.898012383
   -2.552544031    0.349065850   20.883034634  -19.688884789   -5.594253515
   -2.356194490    0.349065850   17.944647028  -11.393843405   -7.187674683
   -2.159844949    0.349065850   15.941099998  -10.106138072   -8.698855903
   -1.963495408    0.349065850   13.669679465  -13.391590429  -10.075013210
   -1.767145868    0.349065850   10.731927511  -15.904811209  -11.072975030
   -1.570796327    0.349065850    7.815824319  -12.512490789  -11.291629576
   -1.374446786    0.349065850    6.333247893   -1.361387213  -10.382614880
   -1.178097245    0.349065850    7.627510478   15.007927042   -8.310846460
   -0.981747704    0.349065850   12.210980993   31.114100762   -5.454393692
   -0.785398163    0.349065850   19.454571641   41.251760054   -2.454689099
   -0.589048623    0.349065850   27.794434873   41.899282877    0.107412261
   -0.392699082    0.349065850   35.268722146   32.612364136    2.013092640
   -0.196349541    0.349065850   40.108957120   15.644694011    3.512213480
    0.000000000    0.349065850   41.203441221   -4.667123678    5.218596859
    0.196349541    0.349065850   38.438997011  -22.626589731    7.807235702
    0.392699082    0.349065850   32.872129391  -32.301091753   11.638332012
    0.589048623    0.349065850   26.598124544  -29.364796586   16.447501183
    0.785398163    0.349065850   22.226599742  -13.254391266   21.301577671
    0.981747704    0.349065850   22.006361492   11.832960706   24.915079475
    1.178097245    0.349065850   26.968791897   38.115454039   26.226658107
    1.374446786    0.349065850   36.513674620   57.299831880   24.899140327
    1.570796327    0.349065850   48.648430113   63.961713361   21.447246762
    1.767145868    0.349065850   60.748448791   57.174366884   16.932118068
    1.963495408    0.349065850   70.412323680   39.841504425   12.448964160
    2.159844949    0.349065850   76.015151405   16.646827719    8.730798191
    2.356194490    0.349065850   76.866797558   -7.878048653    6.001160362
    2.552544031    0.349065850   73.080942455  -30.034291426    4.078542796
    2.748893572    0.349065850   65.424898333  -46.851602694    2.584173340
    2.945243113    0.349065850   55.201753555  -55.868098438    1.156319488

   -3.141592654    0.698131701   45.432998622  -56.426808161   -0.976472564
   -2.945243113    0.698131701   35.052986437  -48.198959344   -1.194698035
   -2.748893572    0.698131701   26.854377030  -34.922726394   -1.320342235
   -2.552544031    0.698131701   21.330544449  -21.865086948   -1.505019821
   -2.356194490    0.698131701   17.934586164  -13.842725748   -1.878331643
   -2.159844949    0.698131701   15.442909712  -12.573820217   -2.485866778
   -1.963495408    0.698131701   12.716774356  -15.474682700   -3.230439680
   -1.767145868    0.698131701    9.449830573  -17.087950088   -3.875704590
   -1.570796327    0.698131701    6.426841259  -12.369124228   -4.138237272
   -1.374446786    0.698131701    5.112368593    0.175125129   -3.832941708
   -1.178097245    0.698131701    6.814387111   17.515197439   -2.980194746
   -0.981747704    0.698131701   11.924348570   33.833266480   -1.784596888
   -0.785398163    0.698131701   19.662802165   43.484884776   -0.494873129
   -0.589048623    0.698131701   28.368974013   43.415174769    0.773898001
   -0.392699082    0.698131701   36.099179543   33.822641875    2.152326854
   -0.196349541    0.698131701   41.221560508   17.492637695    3.983933787
    0.000000000    0.698131701   42.831051753   -1.105008996    6.691296190
    0.196349541    0.698131701   40.995708703  -16.673436900   10.541438137
    0.392699082    0.698131701   36.822781396  -24.190220550   15.410814347
    0.589048623    0.698131701   32.251614076  -20.443019880   20.645801009
    0.785398163    0.698131701   29.539145409   -5.665650327   25.157637122
    0.981747704    0.698131701   30.500928047   15.986185322   27.783130617
    1.178097245    0.698131701   35.838334729   37.708083661   27.780067109
    1.374446786    0.698131701   44.871354644   52.671750526   25.166392270
    1.570796327    0.698131701   55.803865981   56.675118627   20.696587456
    1.767145868    0.698131701   66.377633072   49.242003397   15.493190935
    1.963495408    0.698131701   74.563235237   32.937086370   10.571886074
    2.159844949    0.698131701   78.990171614   11.645879697    6.547673977
    2.356194490    0.698131701   79.058426935  -10.898099460    3.587824430
    2.552544031    0.698131701   74.838259775  -31.544551492    1.569777864
    2.748893572    0.698131701   66.978311473  -47.536027094    0.265464565
    2.945243113    0.698131701   56.647876588  -56.366813661   -0.531937431

   -3.141592654    1.047197551   43.859887558  -56.758558243   -5.779385122
   -2.945243113    1.047197551   33.500401604  -47.682932720   -5.038820536
   -2.748893572    1.047197551   25.458500665  -33.905151404   -3.877487477
   -2.552544031    1.047197551   20.146690475  -20.795881569   -2.661156868
   -2.356194490    1.047197551   16.931758922  -13.117697584   -1.692730323
   -2.159844949    1.047197551   14.532058094  -12.366216854   -1.114771889
   -1.963495408    1.047197551   11.802311605  -15.681311889   -0.895498486
   -1.767145868    1.047197551    8.477463267  -17.417446023   -0.901403646
   -1.570796327    1.047197551    5.402534450  -12.531800887   -0.996308660
   -1.374446786    1.047197551    4.084855735    0.303960395   -1.097504541
   -1.178097245    1.047197551    5.837909058   17.882855167   -1.158024595
   -0.981747704    1.047197551   11.035843632   34.350692868   -1.094015553
   -0.785398163    1.047197551   18.895204700   44.230440812   -0.728954086
   -0.589048623    1.047197551   27.798474966   44.764164826    0.197612686
   -0.392699082    1.047197551   35.902424687   36.390683308    1.970504611
   -0.196349541    1.047197551   41.703294341   21.931703142    4.793379174
    0.000000000    1.047197551   44.400458197    5.551165953    8.707545252
    0.196349541    1.047197551   44.072455650   -8.090555127   13.495249589
    0.392699082    1.047197551   41.689017346  -14.802962878   18.617139610
    0.589048623    1.047197551   38.894822911  -12.070104632   23.228557823
    0.785398163    1.047197551   37.561775413   -0.292391007   26.355037407
    0.981747704    1.047197551   39.162863779   16.983448712   27.211905491
    1.178097245    1.047197551   44.242147999   34.165746167   25.536646766
    1.374446786    1.047197551   52.215734653   45.688197161   21.722022548
    1.570796327    1.047197551   61.586089379   48.069265771   16.646824661
    1.767145868    1.047197551   70.457425629   40.750493181   11.299785792
    1.963495408    1.047197551   77.082762333   25.650018203    6.413158178
    2.159844949    1.047197551   80.228892212    5.886520192    2.331803844
    2.356194490    1.047197551   79.305186365  -15.287322319   -0.902677561
    2.552544031    1.047197551   74.335291539  -34.828367578   -3.341869083
    2.748893572    1.047197551   65.926712078  -49.845636031   -4.993527871
    2.945243113    1.047197551   55.238028685  -57.692029564   -5.808712695

   -3.141592654    1.396263402   39.004243828  -56.240390748  -11.591834793
   -2.945243113    1.396263402   28.955326886  -45.120019536  -10.766316512
   -2.748893572    1.396263402   21.554803390  -30.092029812   -9.151475628
   -2.552544031    1.396263402   17.033308509  -16.718966405   -7.148963937
   -2.356194490    1.396263402   14.575311020   -9.592174398   -5.138920534
   -2.159844949    1.396263402   12.775202302   -9.823659957   -3.364054323
   -1.963495408    1.396263402   10.438781606  -14.213397684   -1.918592904
   -1.767145868    1.396263402    7.302703729  -16.946122918   -0.821233608
   -1.570796327    1.396263402    4.232705242  -12.931482231   -0.084466011
   -1.374446786    1.396263402    2.767529029   -0.755887097    0.291481864
   -1.178097245    1.396263402    4.281560345   16.595442446    0.390373267
   -0.981747704    1.396263402    9.261647773   33.549702584    0.446578698
   -0.785398163    1.396263402   17.082710324   44.774347692    0.827395541
   -0.589048623    1.396263402   26.287980811   47.392223114    1.920848703
   -0.392699082    1.396263402   35.145205827   41.446843722    4.006067945
   -0.196349541    1.396263402   42.167339828   29.240986026    7.139676217
    0.000000000    1.396263402   46.465447144   14.386687493   11.122214365
    0.196349541    1.396263402   47.926160707    1.056552507   15.485290755
    0.392699082    1.396263402   47.243944930   -6.896879227   19.537164339
    0.589048623    1.396263402   45.749577717   -6.975651144   22.476975563
    0.785398163    1.396263402   45.042738609    0.872746358   23.604340911
    0.981747704    1.396263402   46.460119238   14.002253154   22.569346568
    1.178097245    1.396263402   50.606435480   27.853089326   19.537753817
    1.374446786    1.396263402   57.134239513   37.543060017   15.146250090
    1.570796327    1.396263402   64.854128132   39.622703637   10.238101859
    1.767145868    1.396263402   72.122989569   32.966334513    5.529312872
    1.963495408    1.396263402   77.309322328   18.763322741    1.378319851
    2.159844949    1.396263402   79.173928288   -0.330991887   -2.191342885
    2.356194490    1.396263402   77.076811892  -21.023943922   -5.302753518
    2.552544031    1.396263402   71.040321749  -39.880554452   -7.989808779
    2.748893572    1.396263402   61.753910328  -53.608799026  -10.102874636
    2.945243113    1.396263402   50.509523446  -59.482558837  -11.373061376

   -3.141592654    1.745329252   32.754464109  -56.470509386  -17.056135407
   -2.945243113    1.745329252   22.893144614  -43.032032635  -16.419182519
   -2.748893572    1.745329252   16.084563290  -26.286889340  -14.632636278
   -2.552544031    1.745329252   12.406095565  -12.096977588  -12.053304222
   -2.356194490    1.745329252   10.863492126   -5.019402667   -9.073155917
   -2.159844949    1.745329252    9.903574132   -5.918548962   -5.995863588
   -1.963495408    1.745329252    8.237769824  -11.329117050   -3.022760041
   -1.767145868    1.745329252    5.553708216  -15.241492006   -0.320439234
   -1.570796327    1.745329252    2.702906491  -12.384369797    1.931765366
   -1.374446786    1.745329252    1.253471177   -1.070175495    3.586107204
   -1.178097245    1.745329252    2.672534280   16.071908999    4.635774611
   -0.981747704    1.745329252    7.604650199   33.741414886    5.288624000
   -0.785398163    1.745329252   15.610041261   46.579855700    5.921867044
   -0.589048623    1.745329252   25.377429181   51.351116126    6.924820197
   -0.392699082    1.745329252   35.224688433   47.502798365    8.540247801
   -0.196349541    1.745329252   43.591659359   36.727393786   10.751298296
    0.000000000    1.745329252   49.408044707   22.143258169   13.280788033
    0.196349541    1.745329252   52.303351247    7.669331186   15.630970443
    0.392699082    1.745329252   52.694092212   -2.783827886   17.197968635
    0.589048623    1.745329252   51.681080766   -6.280195618   17.440895699
    0.785398163    1.745329252   50.755795884   -1.992566032   16.081842814
    0.981747704    1.745329252   51.314386336    8.310609530   13.246011634
    1.178097245    1.745329252   54.174028995   20.688268106    9.445943320
    1.374446786    1.745329252   59.269364329   30.318406429    5.382036613
    1.570796327    1.745329252   65.646251226   33.255713974    1.645334873
    1.767145868    1.745329252   71.766852266   27.596203177   -1.503978692
    1.963495408    1.745329252   75.961627966   13.929269978   -4.183266343
    2.159844949    1.745329252   76.878621665   -5.232140416   -6.711139417
    2.356194490    1.745329252   73.787029316  -26.241332483   -9.349553867
    2.552544031    1.745329252   66.717878323  -45.072057846  -12.085074987
    2.748893572    1.745329252   56.479010611  -57.951937819  -14.597042492
    2.945243113    1.745329252   44.540991310  -62.057544483  -16.394959501

   -3.141592654    2.094395102   25.972730803  -57.274362247  -19.280747633
   -2.945243113    2.094395102   16.183107970  -41.517218030  -18.937581242
   -2.748893572    2.094395102    9.875161052  -22.798878870  -17.224158443
   -2.552544031    2.094395102    7.023943947   -7.280858860  -14.372125872
   -2.356194490    2.094395102    6.502350426    0.458703909  -10.726670333
   -2.159844949    2.094395102    6.638617869   -0.309689243   -6.628940098
   -1.963495408    2.094395102    6.052415286   -6.007206444   -2.380078672
   -1.767145868    2.094395102    4.354377011  -10.582607778    1.722204043
   -1.570796327    2.094395102    2.326944422   -8.698796209    5.361533575
   -1.374446786    2.094395102    1.495946849    1.552069770    8.257084687
   -1.178097245    2.094395102    3.345343216   17.903149909   10.273865695
   -0.981747704    2.094395102    8.606891847   35.372503052   11.493925283
   -0.785398163    2.094395102   16.967664637   48.652429734   12.177316661
   -0.589048623    2.094395102   27.220367282   54.243748435   12.620360438
   -0.392699082    2.094395102   37.712972992   51.116022562   13.014602797
   -0.196349541    2.094395102   46.816901169   40.491188887   13.348399104
    0.000000000    2.094395102   53.314346525   25.150116502   13.412099170
    0.196349541    2.094395102   56.644660605    8.937200998   12.854059837
    0.392699082    2.094395102   57.049909543   -3.989390514   11.325183668
    0.589048623    2.094395102   55.537482240  -10.128111296    8.666237629
    0.785398163    2.094395102   53.636931464   -7.920912568    5.062922981
    0.981747704    2.094395102   52.918548467    1.460566112    1.056195981
    1.178097245    2.094395102   54.452508919   14.243771996   -2.641086278
    1.374446786    2.094395102   58.406025475   25.233165705   -5.449616168
    1.570796327    2.094395102   63.943068642   29.756839823   -7.181692281
    1.767145868    2.094395102   69.493999352   25.157274494   -8.101351692
    1.963495408    2.094395102   73.238338222   11.621619313   -8.775947620
    2.159844949    2.094395102   73.643211519   -8.243045840   -9.789770713
    2.356194490    2.094395102   69.860686653  -30.254790516  -11.477259608
    2.552544031    2.094395102   61.931711186  -49.692558190  -13.772500147
    2.748893572    2.094395102   50.798544191  -62.253762281  -16.244962038
    2.945243113    2.094395102   38.134050134  -64.985943551  -18.272398610

   -3.141592654    2.443460953   19.572980800  -58.454470916  -13.158004223
   -2.945243113    2.443460953    9.762844252  -40.530023420  -12.362661100
   -2.748893572    2.443460953    3.861288335  -19.696343825  -10.504437823
   -2.552544031    2.443460953    1.800103030   -2.414606903   -7.715712440
   -2.356194490    2.443460953    2.370771391    6.638219387   -4.197160799
   -2.159844949    2.443460953    3.813469969    6.744303893   -0.143713820
   -1.963495408    2.443460953    4.661674346    1.467431874    4.243628919
   -1.767145868    2.443460953    4.429946444   -3.219907154    8.680573019
   -1.570796327    2.443460953    3.788699720   -2.042214258   12.762060118
   -1.374446786    2.443460953    4.152336545    6.993698558   16.036728107
   -1.178097245    2.443460953    6.927906711   21.875822543   18.170138533
   -0.981747704    2.443460953   12.828417711   37.934657542   19.074114124
   -0.785398163    2.443460953   21.574424380   50.052621393   18.907683320
   -0.589048623    2.443460953   32.009199799   54.719282698   17.945229824
   -0.392699082    2.443460953   42.510761569   50.708375588   16.423316235
   -0.196349541    2.443460953   51.432684662   38.988537599   14.427927416
    0.000000000    2.443460953   57.495029253   22.144714404   11.894806375
    0.196349541    2.443460953   60.055512991    4.055167515    8.679779147
    0.392699082    2.443460953   59.311523284  -10.771368134    4.708889801
    0.589048623    2.443460953   56.323834450  -18.213762330    0.148524076
    0.785398163    2.443460953   52.803322167  -16.090576502   -4.511462714
    0.981747704    2.443460953   50.593031016   -5.324487597   -8.556578642
    1.178097245    2.443460953   51.027201331    9.958576942  -11.318326638
    1.374446786    2.443460953   54.414388567   23.713613153  -12.482625264
    1.570796327    2.443460953   59.875485988   30.326127800  -12.239484254
    1.767145868    2.443460953   65.638478322   26.512597373  -11.190915151
    1.963495408    2.443460953   69.611161280   12.393461934  -10.086305275
    2.159844949    2.443460953   70.028410418   -8.983800120   -9.529671492
    2.356194490    2.443460953   65.928621331  -32.710410819   -9.786801169
    2.552544031    2.443460953   57.386352522  -53.343808605  -10.737477292
    2.748893572    2.443460953   45.497932323  -66.103239708  -11.966339410
    2.945243113    2.443460953   32.149396996  -67.929866344  -12.932624094

   -3.141592654    2.792526803   16.451754789  -58.228630610   -0.036867461
   -2.945243113    2.792526803    6.811383185  -39.004806205    1.755042500
   -2.748893572    2.792526803    1.348504941  -16.760321560    3.767555128
   -2.552544031    2.792526803    0.000000000    1.888139574    5.954830567
   -2.356194490    2.792526803    1.540450472   12.184074731    8.393858974
   -2.159844949    2.792526803    4.179042580   13.335579742   11.252960715
   -1.963495408    2.792526803    6.396872814    8.748297390   14.639994784
   -1.767145868    2.792526803    7.615943612    4.157116459   18.411382558
   -1.570796327    2.792526803    8.368712582    4.640156895   22.098343922
   -1.374446786    2.792526803    9.910937373   12.200957051   25.031830182
   -1.178097245    2.792526803   13.518176811   25.082624128   26.612742830
   -0.981747704    2.792526803   19.837206040   38.994847460   26.549436939
   -0.785398163    2.792526803   28.591146382   49.105913828   24.924208349
   -0.589048623    2.792526803   38.661870160   51.989354124   22.069811605
   -0.392699082    2.792526803   48.464499280   46.323424169   18.372088119
   -0.196349541    2.792526803   56.364462071   32.957905149   14.108483371
    0.000000000    2.792526803   61.079836929   14.465837024    9.406581929
    0.196349541    2.792526803   61.984662888   -5.065938784    4.313057338
    0.392699082    2.792526803   59.356262355  -20.693086153   -1.052264240
    0.589048623    2.792526803   54.431921555  -27.786588309   -6.341140671
    0.785398163    2.792526803   49.183458612  -23.871023906  -10.947495882
    0.981747704    2.792526803   45.727175197  -10.064827063  -14.173482977
    1.178097245    2.792526803   45.578366521    8.774899600  -15.533675657
    1.374446786    2.792526803   49.051452589   25.623927266  -15.015750331
    1.570796327    2.792526803   55.093300758   34.088189433  -13.102180356
    1.767145868    2.792526803   61.652013251   30.619314043  -10.551816365
    1.963495408    2.792526803   66.359067597   15.612279490   -8.073133155
    2.159844949    2.792526803   67.263559406   -7.285186624   -6.090379260
    2.356194490    2.792526803   63.343917083  -32.523384792   -4.676819511
    2.552544031    2.792526803   54.726801121  -54.183449728   -3.640033773
    2.748893572    2.792526803   42.630496046  -67.253915342   -2.675791042
    2.945243113    2.792526803   29.085520686  -68.673280535   -1.518675209
