#! FIELDS phi psi file.free der_phi der_psi
#! SET min_phi -pi
#! SET max_phi pi
#! SET nbins_phi  32
#! SET periodic_phi true
#! SET min_psi -pi
#! SET max_psi pi
#! SET nbins_psi  18
#! SET periodic_psi true
   -3.141592654   -3.141592654   18.606501653  -54.239658924   17.221502826
   -2.945243113   -3.141592654    9.721010465  -35.513129190   19.778028391
   -2.748893572   -3.141592654    4.824906086  -14.606371123   21.358150593
   -2.552544031   -3.141592654    3.754964087    2.621622551   22.141435381
   -2.356194490   -3.141592654    5.367289620   12.376840485   22.634956043
   -2.159844949   -3.141592654    8.109391865   14.429100417   23.492520180
   -1.963495408   -3.141592654   10.736901454   11.952431184   25.213496241
   -1.767145868   -3.141592654   12.827525823    9.779473947   27.853964714
   -1.570796327   -3.141592654   14.866420509   11.900495976   30.926175128
   -1.374446786   -3.141592654   17.879041126   19.645262551   33.566187267
   -1.178097245   -3.141592654   22.842315932   31.216971304   34.880734351
   -0.981747704   -3.141592654   30.149286977   42.786417597   34.277730747
   -0.785398163   -3.141592654   39.373190424   50.035230061   31.610910875
   -0.589048623   -3.141592654   49.323846022   49.785992093   27.121596342
   -0.392699082   -3.141592654   58.362525858   40.677689498   21.270452789
   -0.196349541   -3.141592654   64.784991139   23.487940800   14.584780518
    0.000000000   -3.141592654   67.251617303    1.042383727    7.574463443
    0.196349541   -3.141592654   65.175122290  -21.839057283    0.727284854
    0.392699082   -3.141592654   59.055961221  -39.112092747   -5.462755025
    0.589048623   -3.141592654   50.569844450  -45.147306064  -10.475919770
    0.785398163   -3.141592654   42.270160145  -37.111296119  -13.833462105
    0.981747704   -3.141592654   36.825657324  -16.790727700  -15.244009630
    1.178097245   -3.141592654   36.076653769    9.351065356  -14.760220181
    1.374446786   -3.141592654   40.301695001   32.366507620  -12.808780861
    1.570796327   -3.141592654   48.068536616   44.403356814  -10.016725542
    1.767145868   -3.141592654   56.755722086   41.507293201   -6.942660718
    1.963495408   -3.141592654   63.455657030   24.728929674   -3.861591912
    2.159844949   -3.141592654   65.882103691   -0.946371221   -0.754043680
    2.356194490   -3.141592654   62.955272210  -28.601608966    2.549279823
    2.552544031   -3.141592654   54.969174918  -51.451312214    6.166260245
    2.748893572   -3.141592654   43.403088805  -64.424542690   10.025962304
    2.945243113   -3.141592654   30.484585864  -65.114623695   13.846853489

   -3.141592654   -2.792526803   26.475184776  -49.281511917   25.139962404
   -2.945243113   -2.792526803   18.350803792  -32.766111876   27.581733499
   -2.748893572   -2.792526803   13.781688711  -13.949501362   28.706339928
   -2.552544031   -2.792526803   12.694666100    1.973839961   28.817385078
   -2.356194490   -2.792526803   14.153496562   11.691461619   28.548273712
   -2.159844949   -2.792526803   16.866278079   15.003548945   28.629391115
   -1.963495408   -2.792526803   19.798515514   14.533970862   29.561352942
   -1.767145868   -2.792526803   22.582918054   14.136803575   31.340107565
   -1.570796327   -2.792526803   25.556682658   16.794822582   33.394656418
   -1.374446786   -2.792526803   29.434885865   23.253933537   34.796939043
   -1.178097245   -2.792526803   34.833317263   31.800598061   34.635588021
   -0.981747704   -2.792526803   41.861641113   39.266202001   32.364301698
   -0.785398163   -2.792526803   49.971264769   42.267482499   27.955218036
   -0.589048623   -2.792526803   58.031459425   38.485420201   21.841868839
   -0.392699082   -2.792526803   64.607578854   27.155708440   14.718816867
   -0.196349541   -2.792526803   68.284722063    9.320715066    7.339583707
    0.000000000   -2.792526803   68.034010400  -12.221757081    0.363392986
    0.196349541   -2.792526803   63.550315912  -32.905501450   -5.692340947
    0.392699082   -2.792526803   55.552325485  -47.061119894  -10.442553318
    0.589048623   -2.792526803   45.854487593  -49.496698814  -13.601723743
    0.785398163   -2.792526803   37.057890051  -37.858620894  -15.003960423
    0.981747704   -2.792526803   31.781155867  -14.449192096  -14.669559982
    1.178097245   -2.792526803   31.718550800   13.829264049  -12.872593190
    1.374446786   -2.792526803   36.940279799   37.876755455  -10.101838308
    1.570796327   -2.792526803   45.815354718   50.083838841   -6.877245988
    1.767145868   -2.792526803   55.603663697   47.048104981   -3.538832513
    1.963495408   -2.792526803   63.392164013   30.347646989   -0.125653471
    2.159844949   -2.792526803   66.966233003    5.196123748    3.539550234
    2.356194490   -2.792526803   65.322523419  -21.666498584    7.651458949
    2.552544031   -2.792526803   58.767103126  -43.888952389   12.220677945
    2.748893572   -2.792526803   48.700334961  -56.856323963   16.987318617
    2.945243113   -2.792526803   37.197211226  -58.429231454   21.473802391

   -3.141592654   -2.443460953   34.639634464  -44.558500522   21.899861077
   -2.945243113   -2.443460953   27.249858933  -30.026252614   23.836264521
   -2.748893572   -2.443460953   23.037850181  -12.970651980   24.722529040
   -2.552544031   -2.443460953   22.026564376    1.925131572   24.810180631
   -2.356194490   -2.443460953   23.457294071   11.625421402   24.552195650
   -2.159844949   -2.443460953   26.229348068   15.778246012   24.430814311
   -1.963495408   -2.443460953   29.422984465   16.395576833   24.731758089
   -1.767145868   -2.443460953   32.636937498   16.482337933   25.369423555
   -1.570796327   -2.443460953   36.015597957   18.324550414   25.870252799
   -1.374446786   -2.443460953   39.989534626   22.470427509   25.549966864
   -1.178097245   -2.443460953   44.910856955   27.611230062   23.797408234
   -0.981747704   -2.443460953   50.751342057   31.395751283   20.330908676
   -0.785398163   -2.443460953   56.998227809   31.343585166   15.299811531
   -0.589048623   -2.443460953   62.714830121   25.795245536    9.223343670
   -0.392699082   -2.443460953   66.752820102   14.266971957    2.803102983
   -0.196349541   -2.443460953   67.999518163   -2.329065125   -3.264904738
    0.000000000   -2.443460953   65.671696728  -21.594605372   -8.453033231
    0.196349541   -2.443460953   59.618103365  -39.472546414  -12.451468208
    0.392699082   -2.443460953   50.616446883  -50.721779390  -15.144882823
    0.589048623   -2.443460953   40.472481320  -50.418463855  -16.530020866
    0.785398163   -2.443460953   31.738185528  -36.358410998  -16.654842533
    0.981747704   -2.443460953   26.955973057  -10.992576576  -15.607830220
    1.178097245   -2.443460953   27.712752258   18.612109278  -13.564964888
    1.374446786   -2.443460953   33.946435973   43.304113570  -10.804122603
    1.570796327   -2.443460953   43.905314550   55.638745067   -7.633143902
    1.767145868   -2.443460953   54.782346094   52.597326818   -4.276437365
    1.963495408   -2.443460953   63.676438033   36.115840907   -0.787736581
    2.159844949   -2.443460953   68.434450390   11.534132354    2.902491529
    2.356194490   -2.443460953   68.107025963  -14.609686188    6.865715373
    2.552544031   -2.443460953   62.991606516  -36.363310647   11.040289862
    2.748893572   -2.443460953   54.399795939  -49.493938928   15.185954354
    2.945243113   -2.443460953   44.260763561  -52.039726047   18.932302585

   -3.141592654   -2.094395102   40.636266986  -40.626560758   12.475059374
   -2.945243113   -2.094395102   33.887268612  -27.455053116   13.615152459
   -2.748893572   -2.094395102   30.048473045  -11.707971412   14.277627159
   -2.552544031   -2.094395102   29.181327712    2.205380896   14.583884028
   -2.356194490   -2.094395102   30.610274422   11.408713320   14.669532687
   -2.159844949   -2.094395102   33.324963096   15.450629992   14.620303390
   -1.963495408   -2.094395102   36.447575705   15.958646140   14.401997496
   -1.767145868   -2.094395102   39.526514552   15.420041662   13.832048113
   -1.570796327   -2.094395102   42.564705597   15.764914999   12.626296454
   -1.374446786   -2.094395102   45.819202614   17.600065096   10.519594169
   -1.178097245   -2.094395102   49.526459831   20.133356936    7.397090416
   -0.981747704   -2.094395102   53.673650733   21.772435533    3.377254116
   -0.785398163   -2.094395102   57.908598783   20.708145302   -1.200124761
   -0.589048623   -2.094395102   61.553254416   15.566425677   -5.853827374
   -0.392699082   -2.094395102   63.728483615    5.709075668  -10.091139541
   -0.196349541   -2.094395102   63.524996254   -8.464948895  -13.515179708
    0.000000000   -2.094395102   60.246182179  -25.167034651  -15.932145350
    0.196349541   -2.094395102   53.715771747  -40.842342316  -17.366562750
    0.392699082   -2.094395102   44.613491026  -50.470889647  -18.006856692
    0.589048623   -2.094395102   34.634350174  -49.053576822  -18.067680942
    0.785398163   -2.094395102   26.253507899  -34.139422120  -17.658799754
    0.981747704   -2.094395102   21.984522103   -7.978773493  -16.737945769
    1.178097245   -2.094395102   23.408763364   22.390439824  -15.195147233
    1.374446786   -2.094395102   30.449895454   47.723630803  -12.982767325
    1.570796327   -2.094395102   41.323125227   60.493759281  -10.189124474
    1.767145868   -2.094395102   53.183393046   57.737091919   -7.012276879
    1.963495408   -2.094395102   63.111724964   41.508470913   -3.662510804
    2.159844949   -2.094395102   68.957863812   17.226601815   -0.310725277
    2.356194490   -2.094395102   69.778118843   -8.635790726    2.922786940
    2.552544031   -2.094395102   65.850474587  -30.293269437    5.927278280
    2.748893572   -2.094395102   58.431541764  -43.695561031    8.588633513
    2.945243113   -2.094395102   49.367442063  -46.970470688   10.795829827

   -3.141592654   -1.745329252   43.021452976  -38.226026106    4.172724944
   -2.945243113   -1.745329252   36.696592956  -25.570947341    4.659288946
   -2.748893572   -1.745329252   33.163178519  -10.511512315    5.038075692
   -2.552544031   -1.745329252   32.451217450    2.569896294    5.247899809
   -2.356194490   -1.745329252   33.863294503   10.860533654    5.130641336
   -2.159844949   -1.745329252   36.374730162   13.910810302    4.481728046
   -1.963495408   -1.745329252   39.086181290   13.279329570    3.110381668
   -1.767145868   -1.745329252   41.509475912   11.385263188    0.907736235
   -1.570796327   -1.745329252   43.608315110   10.221501067   -2.096885693
   -1.374446786   -1.745329252   45.631037854   10.642942651   -5.706683988
   -1.178097245   -1.745329252   47.868607625   12.235579565   -9.579341808
   -0.981747704   -1.745329252   50.437695429   13.757497972  -13.294068311
   -0.785398163   -1.745329252   53.168892968   13.578268165  -16.444046211
   -0.589048623   -1.745329252   55.576893851   10.229424429  -18.714330960
   -0.392699082   -1.745329252   56.930372083    2.741284785  -19.945398681
   -0.196349541   -1.745329252   56.385263151   -9.013145574  -20.154397157
    0.000000000   -1.745329252   53.200301944  -23.784781232  -19.562899227
    0.196349541   -1.745329252   47.060030029  -38.413934413  -18.547257636
    0.392699082   -1.745329252   38.457936986  -47.941309157  -17.530980292
    0.589048623   -1.745329252   28.931097703  -47.031519021  -16.808030475
    0.785398163   -1.745329252   20.890701048  -32.645102949  -16.395537805
    0.981747704   -1.745329252   16.900421168   -6.527667392  -16.014784972
    1.178097245   -1.745329252   18.658311597   24.433045321  -15.248480758
    1.374446786   -1.745329252   26.194393716   50.750492732  -13.773882098
    1.570796327   -1.745329252   37.759680739   64.466182450  -11.531524642
    1.767145868   -1.745329252   50.464954485   62.288736137   -8.736395597
    1.963495408   -1.745329252   61.305677181   46.165570152   -5.749997962
    2.159844949   -1.745329252   68.046059845   21.626464790   -2.935798824
    2.356194490   -1.745329252   69.689412122   -4.675092078   -0.545971664
    2.552544031   -1.745329252   66.494978038  -26.783641649    1.303171190
    2.748893572   -1.745329252   59.726260556  -40.573194151    2.628556387
    2.945243113   -1.745329252   51.241756502  -44.187824288    3.536169807

   -3.141592654   -1.396263402   41.284040503  -38.710451587    2.273584269
   -2.945243113   -1.396263402   34.906105960  -25.616748166    2.111653799
   -2.748893572   -1.396263402   31.402549653  -10.213290074    1.900361410
   -2.552544031   -1.396263402   30.747625817    2.746033234    1.523111047
   -2.356194490   -1.396263402   32.127383868   10.228332819    0.720380432
   -2.159844949   -1.396263402   34.377303271   11.774078274   -0.816807287
   -1.963495408   -1.396263402   36.481098093    9.184484726   -3.314354339
   -1.767145868   -1.396263402   37.903882096    5.336221730   -6.778459511
   -1.570796327   -1.396263402   38.665891064    2.796751819  -10.928781387
   -1.374446786   -1.396263402   39.180791281    2.919294699  -15.240543168
   -1.178097245   -1.396263402   39.980010286    5.529138325  -19.087111723
   -0.981747704   -1.396263402   41.432321129    9.258122440  -21.918094295
   -0.785398163   -1.396263402   43.561978484   12.024835080  -23.395287334
   -0.589048623   -1.396263402   45.968906464   11.732489618  -23.435984058
   -0.392699082   -1.396263402   47.880639031    6.796883215  -22.200717043
   -0.196349541   -1.396263402   48.303119894   -3.415614697  -20.033917522
    0.000000000   -1.396263402   46.263820557  -17.941620175  -17.424243206
    0.196349541   -1.396263402   41.186299952  -33.633370595  -14.906641618
    0.392699082   -1.396263402   33.335756920  -45.174495698  -12.931181888
    0.589048623   -1.396263402   24.127925292  -46.517775744  -11.708430293
    0.785398163   -1.396263402   16.012127220  -33.760531554  -11.122897352
    0.981747704   -1.396263402   11.743894911   -8.012859589  -10.783155436
    1.178097245   -1.396263402   13.287248887   23.926174516  -10.216703096
    1.374446786   -1.396263402   20.896497817   52.069018238   -9.090175550
    1.570796327   -1.396263402   32.910076481   67.638210261   -7.344327136
    1.767145868   -1.396263402   46.367860130   66.613402615   -5.179675804
    1.963495408   -1.396263402   58.085878069   50.587717791   -2.925949193
    2.159844949   -1.396263402   65.624046055   25.195864683   -0.906807438
    2.356194490   -1.396263402   67.836819257   -2.497956583    0.661750124
    2.552544031   -1.396263402   64.928022711  -26.014847734    1.690153940
    2.748893572   -1.396263402   58.202297599  -40.810784183    2.213153316
    2.945243113   -1.396263402   49.621479569  -44.824058075    2.352579610

   -3.141592654   -1.047197551   38.412850949  -41.529855241    4.329278469
   -2.945243113   -1.047197551   31.541361749  -27.768960067    3.195733480
   -2.748893572   -1.047197551   27.695695177  -11.568581648    1.856168230
   -2.552544031   -1.047197551   26.825082008    1.792634798    0.300688697
   -2.356194490   -1.047197551   27.993466368    8.873143134   -1.634931912
   -2.159844949   -1.047197551   29.863882757    9.133533970   -4.205779798
   -1.963495408   -1.047197551   31.276700328    4.757458773   -7.603312519
   -1.767145868   -1.047197551   31.666753119   -0.648320652  -11.764943627
   -1.570796327   -1.047197551   31.178039697   -3.738488617  -16.272960043
   -1.374446786   -1.047197551   30.474169522   -2.705064671  -20.423910517
   -1.178097245   -1.047197551   30.375117355    2.200602168  -23.455232192
   -0.981747704   -1.047197551   31.473245309    9.054835321  -24.812872651
   -0.785398163   -1.047197551   33.881215217   15.009665563  -24.324523752
   -0.589048623   -1.047197551   37.140400929   17.268623379  -22.210154431
   -0.392699082   -1.047197551   40.302182520   13.783034080  -18.982624262
   -0.196349541   -1.047197551   42.131147321    3.693840411  -15.280693912
    0.000000000   -1.047197551   41.393636515  -11.991045738  -11.722334446
    0.196349541   -1.047197551   37.288090810  -29.801878459   -8.755061737
    0.392699082   -1.047197551   29.946830416  -43.816311546   -6.564834221
    0.589048623   -1.047197551   20.790507184  -47.224151418   -5.068215614
    0.785398163   -1.047197551   12.417017228  -35.471548429   -4.003777593
    0.981747704   -1.047197551    7.823173575   -9.416863890   -3.075957576
    1.178097245   -1.047197551    9.212084132   23.876160297   -2.080455181
    1.374446786   -1.047197551   16.983591063   53.764848282   -0.941110881
    1.570796327   -1.047197551   29.479389349   70.735662147    0.317350996
    1.767145868   -1.047197551   43.616135290   70.261048104    1.623823053
    1.963495408   -1.047197551   56.023323423   53.796404337    2.894475564
    2.159844949   -1.047197551   64.081831512   27.184228017    4.033501236
    2.356194490   -1.047197551   66.529589730   -2.124455083    4.932587951
    2.552544031   -1.047197551   63.534872818  -27.222910211    5.471534498
    2.748893572   -1.047197551   56.445959075  -43.209329725    5.555787317
    2.945243113   -1.047197551   47.327743876  -47.779821876    5.155376407

   -3.141592654   -0.698131701   38.475652494  -44.955206098    4.172332452
   -2.945243113   -0.698131701   30.902842158  -31.425909577    1.699174574
   -2.748893572   -0.698131701   26.337662206  -15.222906405   -0.991569581
   -2.552544031   -0.698131701   24.744985043   -1.955101479   -3.728897046
   -2.356194490   -0.698131701   25.136219131    4.621023621   -6.540449391
   -2.159844949   -0.698131701   26.082166126    3.909318453   -9.617967929
   -1.963495408   -0.698131701   26.360619389   -1.536755343  -13.122795282
   -1.767145868   -0.698131701   25.451575703   -7.424993902  -16.933192262
   -1.570796327   -0.698131701   23.682884239   -9.754303011  -20.527569068
   -1.374446786   -0.698131701   21.993190341   -6.498307837  -23.119727532
   -1.178097245   -0.698131701   21.460586013    1.697002524  -23.997134697
   -0.981747704   -0.698131701   22.808685726   12.062832663  -22.855642959
   -0.785398163   -0.698131701   26.102380316   20.847461625  -19.936905801
   -0.589048623   -0.698131701   30.681632386   24.626509161  -15.904733353
   -0.392699082   -0.698131701   35.314125365   21.161883248  -11.580080443
   -0.196349541   -0.698131701   38.485588261    9.807990217   -7.654515254
    0.000000000   -0.698131701   38.758288213   -7.886627908   -4.506351975
    0.196349541   -0.698131701   35.252711097  -27.740925206   -2.133119307
    0.392699082   -0.698131701   28.162707406  -43.172484836   -0.237793585
    0.589048623   -0.698131701   19.074070795  -47.013467368    1.556541535
    0.785398163   -0.698131701   10.776370535  -34.799329618    3.463579668
    0.981747704   -0.698131701    6.402450494   -7.832507757    5.408468931
    1.178097245   -0.698131701    8.190892431   26.304068226    7.102473365
    1.374446786   -0.698131701   16.490818864   56.632023384    8.267955026
    1.570796327   -0.698131701   29.554186954   73.573946908    8.825116921
    1.767145868   -0.698131701   44.215592937   72.717564216    8.925796630
    1.963495408   -0.698131701   57.049613233   55.656048502    8.825321622
    2.159844949   -0.698131701   65.402680391   28.302969679    8.708943842
    2.356194490   -0.698131701   67.985517179   -1.891422245    8.583572443
    2.552544031   -0.698131701   64.937729025  -28.011645746    8.276129390
    2.748893572   -0.698131701   57.588073547  -45.070477065    7.536070210
    2.945243113   -0.698131701   48.008197322  -50.583056455    6.174032848

   -3.141592654   -0.349065850   39.590930880  -50.151373763    3.321528204
   -2.945243113   -0.349065850   30.922634506  -37.265612051   -0.093769864
   -2.748893572   -0.349065850   25.201146388  -21.062209993   -3.610850422
   -2.552544031   -0.349065850   22.493514792   -7.451007801   -6.937488461
   -2.356194490   -0.349065850   21.833440246   -0.638058895  -10.010037909
   -2.159844949   -0.349065850   21.742077830   -1.444849273  -12.971559007
   -1.963495408   -0.349065850   20.950350721   -7.042023402  -15.951035464
   -1.767145868   -0.349065850   18.989852276  -12.461891346  -18.785616836
   -1.570796327   -0.349065850   16.376983274  -13.076847260  -20.919050021
   -1.374446786   -0.349065850   14.313166334   -6.801228291  -21.602359810
   -1.178097245   -0.349065850   14.077175266    5.041955830  -20.306794671
   -0.981747704   -0.349065850   16.409437309   18.568817196  -17.070605745
   -0.785398163   -0.349065850   21.176568784   29.054994113  -12.551695866
   -0.589048623   -0.349065850   27.382715292   32.686929957   -7.750188829
   -0.392699082   -0.349065850   33.452154952   27.535384611   -3.589194047
   -0.196349541   -0.349065850   37.641993787   13.762165982   -0.561267767
    0.000000000   -0.349065850   38.467006101   -6.100193117    1.414804752
    0.196349541   -0.349065850   35.181137205  -27.071793376    2.895789573
    0.392699082   -0.349065850   28.223959802  -42.276970264    4.607166758
    0.589048623   -0.349065850   19.420895589  -44.901870801    7.035918034
    0.785398163   -0.349065850   11.678192224  -31.322089176   10.129517030
    0.981747704   -0.349065850    8.070112450   -3.691660295   13.291896287
    1.178097245   -0.349065850   10.648881713   30.028194258   15.712006324
    1.374446786   -0.349065850   19.567148488   59.112835781   16.822953646
    1.570796327   -0.349065850   32.974720654   74.626095954   16.579902856
    1.767145868   -0.349065850   47.731090981   72.728682138   15.411284436
    1.963495408   -0.349065850   60.513234427   55.205522718   13.911203931
    2.159844949   -0.349065850   68.764700305   27.745668635   12.514273672
    2.356194490   -0.349065850   71.224351618   -2.637098500   11.316915687
    2.552544031   -0.349065850   67.976383556  -29.393508988   10.102155046
    2.748893572   -0.349065850   60.248717515  -47.614915003    8.512268360
    2.945243113   -0.349065850   50.030441918  -54.552075352    6.266046571

   -3.141592654    0.000000000   40.458970195  -56.416708833    1.527001391
   -2.945243113    0.000000000   30.501793138  -43.977150330   -1.947072013
   -2.748893572    0.000000000   23.481779540  -27.457108384   -5.310582410
   -2.552544031    0.000000000   19.589906989  -13.079496481   -8.278442073
   -2.356194490    0.000000000   17.900859597   -5.522004271  -10.801152266
   -2.159844949    0.000000000   16.902909485   -5.826201306  -13.023953545
   -1.963495408    0.000000000   15.298186907  -10.887078277  -15.056294088
   -1.767145868    0.000000000   12.683121410  -15.120881210  -16.717444849
   -1.570796327    0.000000000    9.754243787  -13.437186950  -17.486614696
   -1.374446786    0.000000000    7.926932935   -3.929909966  -16.753221052
   -1.178097245    0.000000000    8.585351252   11.192257182  -14.228652961
   -0.981747704    0.000000000   12.364176341   26.882374714  -10.223922446
   -0.785398163    0.000000000   18.823142070   37.632569749   -5.590279350
   -0.589048623    0.000000000   26.580574024   39.641437186   -1.344974796
   -0.392699082    0.000000000   33.757488414   31.769043730    1.787830626
   -0.196349541    0.000000000   38.511043884   15.387645107    3.675986731
    0.000000000    0.000000000   39.493893067   -5.845051366    4.808693408
    0.196349541    0.000000000   36.271610438  -26.374190184    6.043273665
    0.392699082    0.000000000   29.627347873  -39.605928189    8.179921302
    0.589048623    0.000000000   21.591285487  -39.808989579   11.521411710
    0.785398163    0.000000000   15.020535881  -24.747564739   15.651751801
    0.981747704    0.000000000   12.700516791    2.503720845   19.581046221
    1.178097245    0.000000000   16.306927106   34.055882797   22.228664203
    1.374446786    0.000000000   25.725817448   60.154684336   22.953846038
    1.570796327    0.000000000   39.069522541   73.096135822   21.816513634
    1.767145868    0.000000000   53.367394858   69.814397971   19.447139021
    1.963495408    0.000000000   65.542939319   52.109074315   16.650429731
    2.159844949    0.000000000   73.224927485   25.081936865   14.026585431
    2.356194490    0.000000000   75.198538429   -4.998758196   11.767565195
    2.552544031    0.000000000   71.465602863  -32.096999658    9.693013765
    2.748893572    0.000000000   63.114339954  -51.363383014    7.446034844
    2.945243113    0.000000000   52.026042497  -59.679630535    4.737363135

   -3.141592654    0.349065850   42.181670202  -61.058639448    1.143929164
   -2.945243113    0.349065850   31.270321745  -48.956711945   -1.177478681
   -2.748893572    0.349065850   23.278738136  -32.285559693   -3.290192822
   -2.552544031    0.349065850   18.483171255  -17.415938406   -5.082302450
   -2.356194490    0.349065850   15.997133231   -9.303424231   -6.587849248
   -2.159844949    0.349065850   14.307261670   -9.082681830   -7.924915428
   -1.963495408    0.349065850   12.128840574  -13.400520680   -9.121517445
   -1.767145868    0.349065850    9.142106520  -16.255523767   -9.968545127
   -1.570796327    0.349065850    6.193161106  -12.382168376  -10.051525545
   -1.374446786    0.349065850    4.828344781   -0.267424199   -8.991507340
   -1.178097245    0.349065850    6.432128546   17.000000758   -6.740712038
   -0.981747704    0.349065850   11.456260367   33.482472137   -3.709465329
   -0.785398163    0.349065850   19.149267612   43.333990730   -0.610617295
   -0.589048623    0.349065850   27.829289566   43.206797587    1.895377836
   -0.392699082    0.349065850   35.470545522   32.995841994    3.543845630
   -0.196349541    0.349065850   40.306028874   15.234686940    4.598401230
    0.000000000    0.349065850   41.262159695   -5.648250545    5.744342331
    0.196349541    0.349065850   38.261770735  -24.057702824    7.763557156
    0.392699082    0.349065850   32.370335028  -34.200532418   11.138029406
    0.589048623    0.349065850   25.677950632  -31.726946891   15.727895689
    0.785398163    0.349065850   20.820082337  -15.772188744   20.713417030
    0.981747704    0.349065850   20.152563603    9.953240816   24.873923884
    1.178097245    0.349065850   24.902673081   38.013965215   27.116785237
    1.374446786    0.349065850   34.687639723   59.942298443   26.953511172
    1.570796327    0.349065850   47.629911923   69.446682886   24.662640043
    1.767145868    0.349065850   61.000810413   64.318321351   21.069889329
    1.963495408    0.349065850   72.052999102   46.403496553   17.117972033
    2.159844949    0.349065850   78.685388757   20.200688859   13.502286767
    2.356194490    0.349065850   79.805336090   -8.841788765   10.495046037
    2.552544031    0.349065850   75.386644472  -35.347800824    8.002450907
    2.748893572    0.349065850   66.398503260  -54.715502846    5.749460466
    2.945243113    0.349065850   54.597272646  -63.642671118    3.488814727

   -3.141592654    0.698131701   44.156366605  -63.020104764    1.019835884
   -2.945243113    0.698131701   32.831806279  -51.183960891    0.589942952
   -2.748893572    0.698131701   24.380135915  -34.717005181    0.352427879
   -2.552544031    0.698131701   19.095801719  -19.936292238    0.146408417
   -2.356194490    0.698131701   16.114655944  -11.796998675   -0.179217432
   -2.159844949    0.698131701   13.951148895  -11.368609917   -0.702412996
   -1.963495408    0.698131701   11.369594400  -15.151569410   -1.363801194
   -1.767145868    0.698131701    8.127652383  -17.027150623   -1.961555134
   -1.570796327    0.698131701    5.154364895  -11.822324866   -2.238506115
   -1.374446786    0.698131701    4.032412865    1.599177816   -2.030730369
   -1.178097245    0.698131701    6.090903940   19.636125129   -1.371067020
   -0.981747704    0.698131701   11.637582841   36.016184227   -0.465552243
   -0.785398163    0.698131701   19.751931008   44.998224848    0.457948439
   -0.589048623    0.698131701   28.650052856   43.795018885    1.328792666
   -0.392699082    0.698131701   36.340485134   33.060125099    2.337117332
   -0.196349541    0.698131701   41.230168165   15.949517018    3.881350557
    0.000000000    0.698131701   42.501286858   -2.949683656    6.417694003
    0.196349541    0.698131701   40.304860991  -18.486915046   10.223660723
    0.392699082    0.698131701   35.790989846  -25.859749958   15.182247380
    0.589048623    0.698131701   30.911195085  -21.915259252   20.665286144
    0.785398163    0.698131701   27.949860968   -6.668558233   25.631944691
    0.981747704    0.698131701   28.812667032   16.105892682   28.952083798
    1.178097245    0.698131701   34.356807836   39.821779671   29.846902064
    1.374446786    0.698131701   44.056610296   57.382644925   28.198118291
    1.570796327    0.698131701   56.158917478   63.732770382   24.557128104
    1.767145868    0.698131701   68.245002944   57.254228989   19.862568260
    1.963495408    0.698131701   77.917816095   39.652248944   15.048735075
    2.159844949    0.698131701   83.344795604   14.774839215   10.778652574
    2.356194490    0.698131701   83.556259937  -12.685761463    7.353869098
    2.552544031    0.698131701   78.514547960  -37.936125494    4.798741428
    2.748893572    0.698131701   69.094347946  -56.631161782    2.992382131
    2.945243113    0.698131701   56.937329217  -65.422485987    1.778898633

   -3.141592654    1.047197551   43.056674519  -63.415341515   -3.994710850
   -2.945243113    1.047197551   31.737206649  -50.766729671   -2.876516824
   -2.748893572    1.047197551   23.419747046  -33.821922933   -1.471170982
   -2.552544031    1.047197551   18.325868726  -18.951158630   -0.166770442
   -2.356194490    1.047197551   15.517686029  -11.061446019    0.781796111
   -2.159844949    1.047197551   13.457805097  -11.058254264    1.302753815
   -1.963495408    1.047197551   10.896335700  -15.237832280    1.469442968
   -1.767145868    1.047197551    7.611248852  -17.350713239    1.401332065
   -1.570796327    1.047197551    4.563684904  -12.242390143    1.175983735
   -1.374446786    1.047197551    3.352457898    1.097668618    0.809256654
   -1.178097245    1.047197551    5.299017679   18.980606881    0.325255772
   -0.981747704    1.047197551   10.702085887   35.227782518   -0.144724091
   -0.785398163    1.047197551   18.671097148   44.383842203   -0.308988593
   -0.589048623    1.047197551   27.517465478   44.017315803    0.229712691
   -0.392699082    1.047197551   35.404449034   34.982727165    1.856202018
   -0.196349541    1.047197551   40.904361770   20.345079689    4.792995436
    0.000000000    1.047197551   43.311478039    4.222375541    9.015404997
    0.196349541    1.047197551   42.765406207   -8.996271605   14.191796212
    0.392699082    1.047197551   40.241169548  -15.371669378   19.681338591
    0.589048623    1.047197551   37.361286955  -12.386451210   24.598842673
    0.785398163    1.047197551   36.007457062   -0.129323331   28.000690257
    0.981747704    1.047197551   37.739305297   18.276002553   29.160992063
    1.178097245    1.047197551   43.252867742   37.409450282   27.837048308
    1.374446786    1.047197551   52.100065612   51.346198358   24.357811674
    1.570796327    1.047197551   62.793192988   55.709177407   19.473011861
    1.767145868    1.047197551   73.245088283   48.866836339   14.054699708
    1.963495408    1.047197551   81.333270310   32.032470172    8.816127751
    2.159844949    1.047197551   85.385928707    8.433456565    4.212552614
    2.356194490    1.047197551   84.486572388  -17.668097367    0.480191930
    2.552544031    1.047197551   78.592713954  -41.650982869   -2.247399296
    2.748893572    1.047197551   68.559663479  -59.168112315   -3.887149300
    2.945243113    1.047197551   56.014652450  -66.840139756   -4.428003474

   -3.141592654    1.396263402   38.090079340  -61.471499253   -9.672424573
   -2.945243113    1.396263402   27.346444159  -46.981917358   -8.147980322
   -2.748893572    1.396263402   19.870298760  -29.213711639   -6.195820534
   -2.552544031    1.396263402   15.678171267  -14.520107413   -4.209065319
   -2.356194490    1.396263402   13.663230088   -7.490940957   -2.431819233
   -2.159844949    1.396263402   12.193945781   -8.632536457   -0.938559618
   -1.963495408    1.396263402    9.992632983  -13.993681263    0.281636523
   -1.767145868    1.396263402    6.837112177  -17.278880171    1.210297058
   -1.570796327    1.396263402    3.688095279  -13.349909885    1.757701222
   -1.374446786    1.396263402    2.152962381   -1.053263994    1.839693697
   -1.178097245    1.396263402    3.614166570   16.304197385    1.526876109
   -0.981747704    1.396263402    8.519128802   33.021034294    1.137985086
   -0.785398163    1.396263402   16.204169592   43.899584917    1.195765226
   -0.589048623    1.396263402   25.217589411   46.345675548    2.234941539
   -0.392699082    1.396263402   33.884555979   40.612439763    4.593286841
   -0.196349541    1.396263402   40.794881409   28.961398755    8.259011140
    0.000000000    1.396263402   45.102083108   14.722777754   12.862055418
    0.196349541    1.396263402   46.668787167    1.714369802   17.733385446
    0.392699082    1.396263402   46.111954668   -6.360621872   22.035550130
    0.589048623    1.396263402   44.690797405   -6.778357783   24.932014425
    0.785398163    1.396263402   44.012317062    1.053805692   25.799248019
    0.981747704    1.396263402   45.532301865   15.026406812   24.419916905
    1.178097245    1.396263402   50.046632792   30.707317196   21.066883317
    1.374446786    1.396263402   57.362813147   42.712720835   16.398989624
    1.570796327    1.396263402   66.292625391   46.579850224   11.200307065
    1.767145868    1.396263402   74.981405870   40.122542745    6.113864819
    1.963495408    1.396263402   81.418650353   23.972669270    1.497311722
    2.159844949    1.396263402   83.958185883    1.084702756   -2.514425172
    2.356194490    1.396263402   81.696484789  -24.138502285   -5.857433781
    2.552544031    1.396263402   74.655811596  -46.752748023   -8.399912191
    2.748893572    1.396263402   63.809911332  -62.230918106   -9.949634011
    2.945243113    1.396263402   50.905784446  -67.379768000  -10.361253223

   -3.141592654    1.745329252   31.857045611  -59.637863251  -15.810935453
   -2.945243113    1.745329252   21.654730759  -43.420439756  -14.330399328
   -2.748893572    1.745329252   14.980940156  -24.749068665  -12.196562157
   -2.552544031    1.745329252   11.687182001   -9.954918252   -9.731219942
   -2.356194490    1.745329252   10.529855712   -3.393811236   -7.134510291
   -2.159844949    1.745329252    9.791575252   -5.324688681   -4.478590788
   -1.963495408    1.745329252    8.145255028  -11.683554472   -1.809676617
   -1.767145868    1.745329252    5.329992027  -16.155638656    0.731740123
   -1.570796327    1.745329252    2.276699305  -13.497743468    2.894437719
   -1.374446786    1.745329252    0.606166196   -2.204684203    4.443152592
   -1.178097245    1.745329252    1.804515138   14.944790675    5.352726319
   -0.981747704    1.745329252    6.521580611   32.680862207    5.907927144
   -0.785398163    1.745329252   14.343246151   45.798553484    6.621439256
   -0.589048623    1.745329252   24.013839539   51.187896563    7.986995352
   -0.392699082    1.745329252   33.914861087   48.227773945   10.238550584
   -0.196349541    1.745329252   42.512694841   38.298194827   13.210675344
    0.000000000    1.745329252   48.687397465   24.097899639   16.385470053
    0.196349541    1.745329252   51.944244922    9.249911823   19.030007999
    0.392699082    1.745329252   52.551914376   -2.251283642   20.410517854
    0.589048623    1.745329252   51.523779048   -6.941466157   20.012897914
    0.785398163    1.745329252   50.398713559   -3.211486031   17.724872439
    0.981747704    1.745329252   50.764024568    7.781420244   13.894182039
    1.178097245    1.745329252   53.695998788   22.113093135    9.212851368
    1.374446786    1.745329252   59.318613274   34.250981591    4.450658943
    1.570796327    1.745329252   66.674566046   39.075005278    0.162210796
    1.767145868    1.745329252   73.992926698   33.619899825   -3.462652812
    1.963495408    1.745329252   79.220070800   18.072433441   -6.553909013
    2.159844949    1.745329252   80.629094592   -4.556436292   -9.340789686
    2.356194490    1.745329252   77.288171954  -29.421977151  -11.926183123
    2.552544031    1.745329252   69.288857192  -51.104728011  -14.164639251
    2.748893572    1.745329252   57.742289964  -64.885453162  -15.736158852
    2.945243113    1.745329252   44.530273489  -67.797825538  -16.325480162

   -3.141592654    2.094395102   25.270525088  -58.535659438  -18.793023513
   -2.945243113    2.094395102   15.433606230  -40.870119515  -17.650720982
   -2.748893572    2.094395102    9.366806388  -21.202415890  -15.664604626
   -2.552544031    2.094395102    6.833100522   -5.820097828  -13.017804492
   -2.356194490    2.094395102    6.525276556    1.093712997   -9.854770950
   -2.159844949    2.094395102    6.692847916   -0.610996332   -6.272434802
   -1.963495408    2.094395102    5.979198048   -6.949580667   -2.391962688
   -1.767145868    2.094395102    4.065770764  -11.783085468    1.554338669
   -1.570796327    2.094395102    1.799618841   -9.918326455    5.222300066
   -1.374446786    2.094395102    0.736795979    0.410275304    8.274684424
   -1.178097245    2.094395102    2.377187582   16.922452341   10.554209848
   -0.981747704    2.094395102    7.481440085   34.788002564   12.169808795
   -0.785398163    2.094395102   15.798490535   48.841577294   13.424767203
   -0.589048623    2.094395102   26.195071968   55.543297045   14.608883298
   -0.392699082    2.094395102   37.058083516   53.541804484   15.808089143
   -0.196349541    2.094395102   46.713514740   43.542016159   16.811401301
    0.000000000    2.094395102   53.796795551   27.867026569   17.181058848
    0.196349541    2.094395102   57.538384259   10.229010050   16.403507064
    0.392699082    2.094395102   57.995542451   -4.826356126   14.109636227
    0.589048623    2.094395102   56.113767245  -12.958687431   10.276271604
    0.785398163    2.094395102   53.546885448  -11.637886347    5.328019724
    0.981747704    2.094395102   52.151975182   -1.424803718    0.050466349
    1.178097245    2.094395102   53.336319836   13.757681444   -4.682375879
    1.374446786    2.094395102   57.493512201   27.774825866   -8.252426083
    1.570796327    2.094395102   63.781274508   34.619331363  -10.527067061
    1.767145868    2.094395102   70.375948722   30.559146928  -11.842747644
    1.963495408    2.094395102   75.063160972   15.490348019  -12.778622432
    2.159844949    2.094395102   75.951691352   -7.343152594  -13.843753566
    2.356194490    2.094395102   72.028612611  -32.521246423  -15.248075459
    2.552544031    2.094395102   63.423752496  -54.056055970  -16.838120980
    2.748893572    2.094395102   51.371508561  -66.952301185  -18.221173414
    2.945243113    2.094395102   37.891949004  -68.376621481  -18.965830424

   -3.141592654    2.443460953   18.928892083  -58.102507376  -12.807733120
   -2.945243113    2.443460953    9.314239045  -39.060736483  -11.444508268
   -2.748893572    2.443460953    3.730150381  -18.132697636   -9.476701436
   -2.552544031    2.443460953    1.911738166   -1.629365542   -6.988167086
   -2.356194490    2.443460953    2.530665114    6.328151439   -4.005321759
   -2.159844949    2.443460953    3.823756467    5.595792303   -0.502418502
   -1.963495408    2.443460953    4.408581459    0.010871906    3.505416074
   -1.767145868    2.443460953    3.900761013   -4.524598763    7.839036458
   -1.570796327    2.443460953    3.039073819   -2.980046104   12.116871302
   -1.374446786    2.443460953    3.260783601    6.481511387   15.857236096
   -1.178097245    2.443460953    5.984582130   21.867737132   18.672196979
   -0.981747704    2.443460953   11.953263100   38.673056552   20.408768209
   -0.785398163    2.443460953   20.945341679   51.852059988   21.141194201
   -0.589048623    2.443460953   31.852423804   57.706558543   21.020846426
   -0.392699082    2.443460953   43.034280135   54.533318561   20.119477217
   -0.196349541    2.443460953   52.718522690   42.718888223   18.349068797
    0.000000000    2.443460953   59.400602317   24.489312939   15.524148956
    0.196349541    2.443460953   62.187013542    3.844150607   11.496109280
    0.392699082    2.443460953   61.105528778  -14.010040182    6.327156657
    0.589048623    2.443460953   57.225350764  -23.883056674    0.420839483
    0.785398163    2.443460953   52.481107655  -22.566022070   -5.483597457
    0.981747704    2.443460953   49.094350495  -10.496593550  -10.502882422
    1.178097245    2.443460953   48.791867144    7.824841849  -13.927201253
    1.374446786    2.443460953   52.119979497   25.207370275  -15.508754547
    1.570796327    2.443460953   58.173827901   34.603135205  -15.542820724
    1.767145868    2.443460953   64.901442257   31.685355649  -14.699142381
    1.963495408    2.443460953   69.806016455   16.390917168  -13.712521397
    2.159844949    2.443460953   70.774949810   -7.495911974  -13.100627218
    2.356194490    2.443460953   66.704334102  -33.818946219  -13.023570608
    2.552544031    2.443460953   57.770613025  -55.982850467  -13.306623874
    2.748893572    2.443460953   45.342866612  -68.708074263  -13.589651586
    2.945243113    2.443460953   31.596119196  -69.243368438  -13.502428301

   -3.141592654    2.792526803   15.712000817  -57.086920906    1.331875160
   -2.945243113    2.792526803    6.369566887  -37.301409990    3.465886750
   -2.748893572    2.792526803    1.213268131  -15.528458331    5.409473311
   -2.552544031    2.792526803    0.000000000    1.951161210    7.170947690
   -2.356194490    2.792526803    1.432145062   11.053606812    8.984092576
   -2.159844949    2.792526803    3.776084295   11.576111669   11.223603798
   -1.963495408    2.792526803    5.651400674    7.125646463   14.193772140
   -1.767145868    2.792526803    6.616909315    3.258776399   17.890913322
   -1.570796327    2.792526803    7.287708387    4.702260152   21.903942120
   -1.374446786    2.792526803    8.937924612   13.216779544   25.534441456
   -1.178097245    2.792526803   12.834237861   26.987235575   28.074520971
   -0.981747704    2.792526803   19.616698682   41.800772429   29.063744126
   -0.785398163    2.792526803   29.012213785   52.807622826   28.380216530
   -0.589048623    2.792526803   39.881305633   56.330555751   26.150649525
   -0.392699082    2.792526803   50.545695858   50.590720021   22.595793015
   -0.196349541    2.792526803   59.185210682   35.995188000   17.919193965
    0.000000000    2.792526803   64.272948592   15.013753494   12.305118563
    0.196349541    2.792526803   64.966994903   -7.853430501    5.992609481
    0.392699082    2.792526803   61.461433031  -26.755644161   -0.621873967
    0.589048623    2.792526803   55.112167934  -35.972453164   -6.925820024
    0.785398163    2.792526803   48.209210092  -32.177473339  -12.163443905
    0.981747704    2.792526803   43.294350394  -16.288813486  -15.652101820
    1.178097245    2.792526803   42.267255052    6.208930335  -17.055104930
    1.374446786    2.792526803   45.634797405   27.030852701  -16.546124569
    1.570796327    2.792526803   52.266390872   38.394605641  -14.727026144
    1.767145868    2.792526803   59.798504232   35.853815563  -12.353992223
    1.963495408    2.792526803   65.456757079   19.766536879  -10.025559794
    2.159844949    2.792526803   66.963937291   -5.408300865   -8.016971550
    2.356194490    2.792526803   63.181793116  -32.903443864   -6.291464275
    2.552544031    2.792526803   54.350137117  -55.762660527   -4.639239070
    2.748893572    2.792526803   41.943998218  -68.618324776   -2.849762281
    2.945243113    2.792526803   28.241145643  -68.830169964   -0.834103093
