#! FIELDS phi psi file.free der_phi der_psi
#! SET min_phi -pi
#! SET max_phi pi
#! SET nbins_phi  32
#! SET periodic_phi true
#! SET min_psi -pi
#! SET max_psi pi
#! SET nbins_psi  18
#! SET periodic_psi true
   -3.141592654   -3.141592654   18.685385705  -54.591094834   17.150176876
   -2.945243113   -3.141592654    9.735202063  -35.801252928   19.605153650
   -2.748893572   -3.141592654    4.795301552  -14.750288149   21.130752556
   -2.552544031   -3.141592654    3.713043046    2.641605857   21.905613780
   -2.356194490   -3.141592654    5.341873409   12.515925760   22.425312162
   -2.159844949   -3.141592654    8.116161811   14.605418406   23.322361347
   -1.963495408   -3.141592654   10.774996873   12.086095412   25.068386338
   -1.767145868   -3.141592654   12.883555385    9.825476831   27.693143732
   -1.570796327   -3.141592654   14.922021463   11.852869029   30.696171053
   -1.374446786   -3.141592654   17.916256410   19.508269114   33.222429616
   -1.178097245   -3.141592654   22.842444190   30.974416928   34.410586271
   -0.981747704   -3.141592654   30.088653797   42.406633084   33.712715550
   -0.785398163   -3.141592654   39.223651889   49.515250909   31.023933647
   -0.589048623   -3.141592654   49.063518541   49.200007715   26.608541838
   -0.392699082   -3.141592654   57.992911618   40.184089380   20.922333681
   -0.196349541   -3.141592654   64.343460452   23.282475793   14.457560740
    0.000000000   -3.141592654   66.811314813    1.281369567    7.666366605
    0.196349541   -3.141592654   64.830730842  -21.099909873    0.972360051
    0.392699082   -3.141592654   58.901006735  -37.941739457   -5.178201739
    0.589048623   -3.141592654   50.672155754  -43.735040172  -10.275705255
    0.785398163   -3.141592654   42.651196420  -35.732618362  -13.805604847
    0.981747704   -3.141592654   37.449364521  -15.742269796  -15.405949411
    1.178097245   -3.141592654   36.854422813    9.848829816  -15.051669374
    1.374446786   -3.141592654   41.116799763   32.260339277  -13.116587050
    1.570796327   -3.141592654   48.813418348   43.835501314  -10.221128995
    1.767145868   -3.141592654   57.365365259   40.748321428   -6.964061612
    1.963495408   -3.141592654   63.920078240   24.047291417   -3.687402277
    2.159844949   -3.141592654   66.233241257   -1.408503473   -0.437286986
    2.356194490   -3.141592654   63.236693875  -28.863101276    2.916878402
    2.552544031   -3.141592654   55.208969209  -51.636060823    6.489113067
    2.748893572   -3.141592654   43.603445097  -64.654913351   10.234641327
    2.945243113   -3.141592654   30.630816819  -65.431612074   13.911491349

   -3.141592654   -2.792526803   26.510102911  -49.698547710   25.042473792
   -2.945243113   -2.792526803   18.315056911  -33.050560072   27.437213172
   -2.748893572   -2.792526803   13.708652211  -14.034958408   28.540690394
   -2.552544031   -2.792526803   12.624427035    2.084593325   28.652945675
   -2.356194490   -2.792526803   14.118561922   11.926069856   28.400319462
   -2.159844949   -2.792526803   16.879841873   15.243911694   28.500463750
   -1.963495408   -2.792526803   19.849517192   14.658843764   29.434814319
   -1.767145868   -2.792526803   22.640163335   14.069492191   31.178725376
   -1.570796327   -2.792526803   25.580626746   16.529277177   33.151458524
   -1.374446786   -2.792526803   29.390887932   22.842229116   34.436085918
   -1.178097245   -2.792526803   34.699751290   31.314929545   34.157324386
   -0.981747704   -2.792526803   41.631004899   38.775341969   31.818679770
   -0.785398163   -2.792526803   49.649220111   41.840744829   27.436623446
   -0.589048623   -2.792526803   57.638530490   38.208584216   21.462263459
   -0.392699082   -2.792526803   64.182724211   27.124808362   14.569190897
   -0.196349541   -2.792526803   67.884206539    9.609050622    7.452800730
    0.000000000   -2.792526803   67.722712449  -11.604389845    0.693561601
    0.196349541   -2.792526803   63.387478422  -32.025103391   -5.264821428
    0.392699082   -2.792526803   55.578524724  -46.036479081  -10.078365317
    0.589048623   -2.792526803   46.084105617  -48.471393361  -13.450517664
    0.785398163   -2.792526803   37.476655039  -36.978816287  -15.151813406
    0.981747704   -2.792526803   32.347255304  -13.845627527  -15.107320812
    1.178097245   -2.792526803   32.368561806   14.074788090  -13.499461169
    1.374446786   -2.792526803   37.602696130   37.769892123  -10.764128541
    1.570796327   -2.792526803   46.429719334   49.728046676   -7.425765227
    1.767145868   -2.792526803   56.136500405   46.601916236   -3.880080389
    1.963495408   -2.792526803   63.840150586   29.947395135   -0.245353536
    2.159844949   -2.792526803   67.344822993    4.889455879    3.586178358
    2.356194490   -2.792526803   65.646782920  -21.925078922    7.774994011
    2.552544031   -2.792526803   59.038054362  -44.184482391   12.335901336
    2.748893572   -2.792526803   48.904654727  -57.239779112   17.040051883
    2.945243113   -2.792526803   37.318842888  -58.874588693   21.446450044

   -3.141592654   -2.443460953   34.671738817  -45.001242551   22.008514289
   -2.945243113   -2.443460953   27.207348720  -30.326465581   23.933282461
   -2.748893572   -2.443460953   22.955568965  -13.066895398   24.806658547
   -2.552544031   -2.443460953   21.945521543    2.030405956   24.880379450
   -2.356194490   -2.443460953   23.411025671   11.859286102   24.608828798
   -2.159844949   -2.443460953   26.230987848   16.010249148   24.472817508
   -1.963495408   -2.443460953   29.457727414   16.479631293   24.751022975
   -1.767145868   -2.443460953   32.664654075   16.318464269   25.347148108
   -1.570796327   -2.443460953   35.985310039   17.907003988   25.782967611
   -1.374446786   -2.443460953   39.859124503   21.893688917   25.383830069
   -1.178097245   -2.443460953   44.663448871   27.025978799   23.567288880
   -0.981747704   -2.443460953   50.400839963   30.955706371   20.090314626
   -0.785398163   -2.443460953   56.585516252   31.166485731   15.133399525
   -0.589048623   -2.443460953   62.298650235   25.945356086    9.220078703
   -0.392699082   -2.443460953   66.398392029   14.741254260    3.020201904
   -0.196349541   -2.443460953   67.764237416   -1.607079534   -2.833116749
    0.000000000   -2.443460953   65.591192362  -20.765150475   -7.886458493
    0.196349541   -2.443460953   59.697517694  -38.696242791  -11.889597652
    0.392699082   -2.443460953   50.832680865  -50.115481450  -14.748458076
    0.589048623   -2.443460953   40.786937338  -50.021354253  -16.429621653
    0.785398163   -2.443460953   32.111828520  -36.142223258  -16.905677968
    0.981747704   -2.443460953   27.358486655  -10.904327395  -16.168832445
    1.178097245   -2.443460953   28.123695592   18.617400974  -14.312023853
    1.374446786   -2.443460953   34.352792503   43.259329989  -11.574012142
    1.570796327   -2.443460953   44.300155680   55.573318771   -8.279073256
    1.767145868   -2.443460953   55.164256148   52.535278478   -4.711799286
    1.963495408   -2.443460953   64.046829617   36.059196095   -1.000184886
    2.159844949   -2.443460953   68.791689407   11.449708585    2.867174747
    2.356194490   -2.443460953   68.440197174  -14.778539949    6.938222060
    2.552544031   -2.443460953   63.279105788  -36.660852509   11.158817492
    2.748893572   -2.443460953   54.615728012  -49.916873937   15.312731394
    2.945243113   -2.443460953   44.385901262  -52.523889169   19.051742387

   -3.141592654   -2.094395102   40.764629108  -41.063032862   12.856027568
   -2.945243113   -2.094395102   33.938545681  -27.786413721   13.983964259
   -2.748893572   -2.094395102   30.050885418  -11.864288528   14.611062548
   -2.552544031   -2.094395102   29.171667107    2.237496691   14.869394667
   -2.356194490   -2.094395102   30.621047932   11.571574763   14.906643768
   -2.159844949   -2.094395102   33.370434692   15.619280928   14.817211252
   -1.963495408   -2.094395102   36.514063048   15.980818117   14.569227866
   -1.767145868   -2.094395102   39.573125883   15.186404658   13.976383322
   -1.570796327   -2.094395102   42.538797710   15.271220212   12.751424498
   -1.374446786   -2.094395102   45.679542160   16.967451127   10.632407092
   -1.178097245   -2.094395102   49.264657592   19.560587614    7.518921665
   -0.981747704   -2.094395102   53.321965696   21.460984941    3.549570545
   -0.785398163   -2.094395102   57.532963343   20.790523340   -0.922691302
   -0.589048623   -2.094395102   61.235096568   16.066360818   -5.424941403
   -0.392699082   -2.094395102   63.542192864    6.528551535   -9.499948247
   -0.196349541   -2.094395102   63.515314889   -7.522817047  -12.806204865
    0.000000000   -2.094395102   60.413445366  -24.345129000  -15.205205603
    0.196349541   -2.094395102   54.014839205  -40.346040575  -16.754532808
    0.392699082   -2.094395102   44.969950984  -50.380490746  -17.638086348
    0.589048623   -2.094395102   34.973289866  -49.295686443  -18.025387792
    0.785398163   -2.094395102   26.526652991  -34.530238703  -17.953291293
    0.981747704   -2.094395102   22.182901694   -8.318072994  -17.301888189
    1.178097245   -2.094395102   23.557131992   22.235524659  -15.903838836
    1.374446786   -2.094395102   30.589358674   47.787653023  -13.692973635
    1.570796327   -2.094395102   41.493104412   60.729910810  -10.780111145
    1.767145868   -2.094395102   53.409315692   58.055888176   -7.413357800
    1.963495408   -2.094395102   63.400035610   41.810201490   -3.857241585
    2.159844949   -2.094395102   69.296143036   17.422483116   -0.321789828
    2.356194490   -2.094395102   70.138721098   -8.610384964    3.056987124
    2.552544031   -2.094395102   66.196565548  -30.463014531    6.168959581
    2.748893572   -2.094395102   58.726358720  -44.036813123    8.906044847
    2.945243113   -2.094395102   49.583793048  -47.410348907   11.159842425

   -3.141592654   -1.745329252   43.328791590  -38.735846499    4.633031274
   -2.945243113   -1.745329252   36.907033171  -26.026493902    5.110144809
   -2.748893572   -1.745329252   33.297979971  -10.811289539    5.441312290
   -2.552544031   -1.745329252   32.546523083    2.470254967    5.583406074
   -2.356194490   -1.745329252   33.956250326   10.925626444    5.398248784
   -2.159844949   -1.745329252   36.487326873   14.024659390    4.697880515
   -1.963495408   -1.745329252   39.213128199   13.287165847    3.301819832
   -1.767145868   -1.745329252   41.617110306   11.171027304    1.103131346
   -1.570796327   -1.745329252   43.650192771    9.777533362   -1.872452404
   -1.374446786   -1.745329252   45.572427432   10.098197981   -5.434683437
   -1.178097245   -1.745329252   47.710093980   11.804500342   -9.244921942
   -0.981747704   -1.745329252   50.223315020   13.651125563  -12.883049447
   -0.785398163   -1.745329252   52.975983968   13.912650581  -15.944808918
   -0.589048623   -1.745329252   55.491462317   10.975013140  -18.127832309
   -0.392699082   -1.745329252   57.017849886    3.718511360  -19.298605091
   -0.196349541   -1.745329252   56.664882019   -8.082001839  -19.508061979
    0.000000000   -1.745329252   53.633978225  -23.187997551  -19.004703260
    0.196349541   -1.745329252   47.560819702  -38.344171311  -18.170612654
    0.392699082   -1.745329252   38.918122159  -48.406251835  -17.407610484
    0.589048623   -1.745329252   29.261092327  -47.845616255  -16.964883433
    0.785398163   -1.745329252   21.050825386  -33.505695975  -16.805969288
    0.981747704   -1.745329252   16.911439695   -7.142679634  -16.606130050
    1.178097245   -1.745329252   18.587967544   24.235975235  -15.922214111
    1.374446786   -1.745329252   26.128657351   50.986339442  -14.431473349
    1.570796327   -1.745329252   37.774054059   65.022036535  -12.095465854
    1.767145868   -1.745329252   50.605614977   62.990769899   -9.159657436
    1.963495408   -1.745329252   61.583967035   46.840672497   -6.012416567
    2.159844949   -1.745329252   68.442681946   22.140899968   -3.034006868
    2.356194490   -1.745329252   70.163773468   -4.405063323   -0.484642307
    2.552544031   -1.745329252   66.995063327  -26.788326066    1.512238480
    2.748893572   -1.745329252   60.199424060  -40.831952387    2.962303696
    2.945243113   -1.745329252   51.644509313  -44.627756978    3.957179157

   -3.141592654   -1.396263402   41.798315406  -39.231087574    2.724432872
   -2.945243113   -1.396263402   35.312076336  -26.173307230    2.556220810
   -2.748893572   -1.396263402   31.707088480  -10.668048856    2.294497626
   -2.552544031   -1.396263402   30.980348888    2.478816798    1.840805851
   -2.356194490   -1.396263402   32.326719727   10.150395928    0.956756415
   -2.159844949   -1.396263402   34.573067065   11.798962472   -0.647008084
   -1.963495408   -1.396263402   36.680819713    9.177503773   -3.180703410
   -1.767145868   -1.396263402   38.089447232    5.189758319   -6.642812229
   -1.570796327   -1.396263402   38.806555184    2.494628260  -10.754728365
   -1.374446786   -1.396263402   39.254260299    2.567231274  -15.003499660
   -1.178097245   -1.396263402   39.993668419    5.307966856  -18.778685786
   -0.981747704   -1.396263402   41.429930265    9.341092921  -21.544919270
   -0.785398163   -1.396263402   43.612955107   12.488248947  -22.975690523
   -0.589048623   -1.396263402   46.143475799   12.506976977  -22.999457956
   -0.392699082   -1.396263402   48.221145607    7.669871820  -21.789987321
   -0.196349541   -1.396263402   48.800939151   -2.734392502  -19.704333399
    0.000000000   -1.396263402   46.853748064  -17.718896718  -17.234528442
    0.196349541   -1.396263402   41.762223293  -34.003594386  -14.902661810
    0.392699082   -1.396263402   33.784829867  -46.063633585  -13.130762261
    0.589048623   -1.396263402   24.371742750  -47.660987014  -12.094651060
    0.785398163   -1.396263402   16.035278695  -34.804604710  -11.649407033
    0.981747704   -1.396263402   11.597174604   -8.658043630  -11.387267581
    1.178097245   -1.396263402   13.065930039   23.820656829  -10.833888862
    1.374446786   -1.396263402   20.705603284   52.467819697   -9.665725448
    1.570796327   -1.396263402   32.834519623   68.384502472   -7.838755162
    1.767145868   -1.396263402   46.456791422   67.513455784   -5.567497246
    1.963495408   -1.396263402   58.352215276   51.472059443   -3.190019735
    2.159844949   -1.396263402   66.051830481   25.941842211   -1.033275063
    2.356194490   -1.396263402   68.389870529   -1.977631787    0.683469718
    2.552544031   -1.396263402   65.555661540  -25.778634796    1.861493978
    2.748893572   -1.396263402   58.845844794  -40.882161002    2.518440919
    2.945243113   -1.396263402   50.222866933  -45.168735346    2.755977881

   -3.141592654   -1.047197551   39.127898883  -42.041076234    4.532760795
   -2.945243113   -1.047197551   32.141389005  -28.400154109    3.448459532
   -2.748893572   -1.047197551   28.173540007  -12.154862892    2.105493357
   -2.552544031   -1.047197551   27.202434021    1.370824140    0.503979357
   -2.356194490   -1.047197551   28.307578801    8.651060732   -1.500752835
   -2.159844949   -1.047197551   30.149799958    9.056970875   -4.139395167
   -1.963495408   -1.047197551   31.553052293    4.717283394   -7.579396894
   -1.767145868   -1.047197551   31.930176129   -0.748975816  -11.742683854
   -1.570796327   -1.047197551   31.412291891   -3.930903388  -16.211183681
   -1.374446786   -1.047197551   30.665913143   -2.923399412  -20.298736419
   -1.178097245   -1.047197551   30.531440424    2.085852518  -23.270427387
   -0.981747704   -1.047197551   31.628003740    9.173298683  -24.598471040
   -0.785398163   -1.047197551   34.087191559   15.413720392  -24.126028821
   -0.589048623   -1.047197551   37.448577621   17.885778378  -22.075866816
   -0.392699082   -1.047197551   40.736842793   14.415130787  -18.954392008
   -0.196349541   -1.047197551   42.669949108    4.080972250  -15.387900804
    0.000000000   -1.047197551   41.965200547  -12.069812616  -11.976427072
    0.196349541   -1.047197551   37.790158362  -30.427040371   -9.145354406
    0.392699082   -1.047197551   30.280479968  -44.868026699   -7.059547059
    0.589048623   -1.047197551   20.897995792  -48.417346352   -5.622675877
    0.785398163   -1.047197551   12.304332937  -36.465350461   -4.573864357
    0.981747704   -1.047197551    7.557447953   -9.947782431   -3.630075073
    1.178097245   -1.047197551    8.896958806   23.906927564   -2.604628156
    1.374446786   -1.047197551   16.725228629   54.292692896   -1.436317491
    1.570796327   -1.047197551   29.360283221   71.597554814   -0.156231704
    1.767145868   -1.047197551   43.684023682   71.278651614    1.168851981
    1.963495408   -1.047197551   56.293890508   54.824634840    2.467832027
    2.159844949   -1.047197551   64.546104258   28.115953496    3.660176117
    2.356194490   -1.047197551   67.159307629   -1.383841393    4.647262863
    2.552544031   -1.047197551   64.283376752  -26.763936747    5.307203655
    2.748893572   -1.047197551   57.250810904  -43.099372937    5.529786612
    2.945243113   -1.047197551   48.118834890  -48.021494385    5.260354513

   -3.141592654   -0.698131701   39.243695113  -45.280613951    4.115105801
   -2.945243113   -0.698131701   31.584824003  -31.950746890    1.765771719
   -2.748893572   -0.698131701   26.909970594  -15.786953697   -0.848575823
   -2.552544031   -0.698131701   25.214037361   -2.422918755   -3.563456542
   -2.356194490   -0.698131701   25.528852281    4.316845804   -6.397210558
   -2.159844949   -0.698131701   26.430388895    3.756699504   -9.519449733
   -1.963495408   -0.698131701   26.688164750   -1.609126058  -13.063810999
   -1.767145868   -0.698131701   25.765802009   -7.497280827  -16.886999518
   -1.570796327   -0.698131701   23.978291952   -9.875709661  -20.463153375
   -1.374446786   -0.698131701   22.260425357   -6.651403645  -23.022918195
   -1.178097245   -0.698131701   21.699914576    1.584826445  -23.884228873
   -0.981747704   -0.698131701   23.037472025   12.083855595  -22.771185943
   -0.785398163   -0.698131701   26.352966601   21.052385715  -19.937535620
   -0.589048623   -0.698131701   30.987771136   24.975452626  -16.038329539
   -0.392699082   -0.698131701   35.691603037   21.510267873  -11.869762983
   -0.196349541   -0.698131701   38.914756557    9.954073560   -8.091629906
    0.000000000   -0.698131701   39.181154919   -8.115555314   -5.051985593
    0.196349541   -0.698131701   35.587800946  -28.400569206   -2.726544064
    0.392699082   -0.698131701   28.333565239  -44.151476318   -0.811161761
    0.589048623   -0.698131701   19.040444448  -48.067772890    1.059882683
    0.785398163   -0.698131701   10.551533908  -35.647318807    3.072269569
    0.981747704   -0.698131701    6.049218479   -8.265530311    5.114898770
    1.178097245   -0.698131701    7.799983653   26.354197131    6.867036554
    1.374446786   -0.698131701   16.152647893   57.102612243    8.034083397
    1.570796327   -0.698131701   29.338880193   74.333130167    8.539297606
    1.767145868   -0.698131701   44.166525409   73.634855947    8.555418371
    1.963495408   -0.698131701   57.187824472   56.635139429    8.368449050
    2.159844949   -0.698131701   65.732967597   29.270871418    8.194842280
    2.356194490   -0.698131701   68.497760315   -1.019331583    8.064098718
    2.552544031   -0.698131701   65.602729289  -27.343603300    7.812854497
    2.748893572   -0.698131701   58.355087260  -44.712554435    7.183922188
    2.945243113   -0.698131701   48.810014668  -50.586085843    5.967170898

   -3.141592654   -0.349065850   40.328474425  -50.170001397    2.958895614
   -2.945243113   -0.349065850   31.630324567  -37.534222502   -0.240624513
   -2.748893572   -0.349065850   25.840716568  -21.463340244   -3.588855172
   -2.552544031   -0.349065850   23.051488163   -7.859640647   -6.813412069
   -2.356194490   -0.349065850   22.318089156   -0.964102603   -9.849382605
   -2.159844949   -0.349065850   22.173684012   -1.655751585  -12.819770856
   -1.963495408   -0.349065850   21.350044563   -7.164200563  -15.824148661
   -1.767145868   -0.349065850   19.369454272  -12.552430693  -18.674585314
   -1.570796327   -0.349065850   16.736610461  -13.196816026  -20.807390581
   -1.374446786   -0.349065850   14.643593908   -6.975015171  -21.487211182
   -1.178097245   -0.349065850   14.369506722    4.839499809  -20.212278711
   -0.981747704   -0.349065850   16.664380884   18.405516933  -17.043960143
   -0.785398163   -0.349065850   21.408718806   28.995982272  -12.644856144
   -0.589048623   -0.349065850   27.614636882   32.742117369   -7.996750503
   -0.392699082   -0.349065850   33.700250714   27.627081100   -3.988316435
   -0.196349541   -0.349065850   37.900168855   13.750009341   -1.073916074
    0.000000000   -0.349065850   38.700867342   -6.350308174    0.857390407
    0.196349541   -0.349065850   35.337216483  -27.610690547    2.375496105
    0.392699082   -0.349065850   28.251057829  -43.026027664    4.197986610
    0.589048623   -0.349065850   19.294308007  -45.681330655    6.782729073
    0.785398163   -0.349065850   11.412355691  -31.928590901   10.032187290
    0.981747704   -0.349065850    7.714231233   -3.984538365   13.301199416
    1.178097245   -0.349065850   10.269613696   30.081372314   15.740500385
    1.374446786   -0.349065850   19.227867759   59.454847213   16.768741153
    1.570796327   -0.349065850   32.723285414   75.166121500   16.355485195
    1.767145868   -0.349065850   47.598838418   73.396030916   14.967745025
    1.963495408   -0.349065850   60.521243841   55.965180482   13.249786140
    2.159844949   -0.349065850   68.928960716   28.574827760   11.684666338
    2.356194490   -0.349065850   71.554212370   -1.788506402   10.403865625
    2.552544031   -0.349065850   68.467008490  -28.620776530    9.207695376
    2.748893572   -0.349065850   60.873735800  -47.036795721    7.734170360
    2.945243113   -0.349065850   50.741663768  -54.260694529    5.678231546

   -3.141592654    0.000000000   41.033146455  -55.968173202    0.960115375
   -2.945243113    0.000000000   31.135216849  -43.819356297   -2.245135189
   -2.748893572    0.000000000   24.120891240  -27.540628285   -5.382504171
   -2.552544031    0.000000000   20.196407695  -13.307311497   -8.194773931
   -2.356194490    0.000000000   18.457052243   -5.788989604  -10.636697875
   -2.159844949    0.000000000   17.409357625   -6.054311564  -12.836644209
   -1.963495408    0.000000000   15.766099632  -11.051973534  -14.876774132
   -1.767145868    0.000000000   13.122844565  -15.249218862  -16.552131166
   -1.570796327    0.000000000   10.167102763  -13.593194268  -17.333171580
   -1.374446786    0.000000000    8.301297443   -4.169389018  -16.617731516
   -1.178097245    0.000000000    8.902892411   10.859670246  -14.136107718
   -0.981747704    0.000000000   12.611343057   26.514333250  -10.213719177
   -0.785398163    0.000000000   19.001977594   37.322394634   -5.700409414
   -0.589048623    0.000000000   26.710007577   39.458243229   -1.593123745
   -0.392699082    0.000000000   33.863093724   31.702253290    1.416354058
   -0.196349541    0.000000000   38.607686807   15.345889076    3.229468318
    0.000000000    0.000000000   39.574599601   -5.980624638    4.359349948
    0.196349541    0.000000000   36.309638254  -26.676483473    5.670900694
    0.392699082    0.000000000   29.590582092  -40.050706090    7.951780252
    0.589048623    0.000000000   21.461129329  -40.292126225   11.471429927
    0.785398163    0.000000000   14.801866029  -25.146339954   15.764322466
    0.981747704    0.000000000   12.418216157    2.263438171   19.786908824
    1.178097245    0.000000000   15.993232073   33.972917773   22.417420655
    1.374446786    0.000000000   25.407287563   60.181830235   23.001924952
    1.570796327    0.000000000   38.763506320   73.195507582   21.621042768
    1.767145868    0.000000000   53.088309649   69.997399022   18.953457590
    1.963495408    0.000000000   65.312269767   52.432432572   15.863813434
    2.159844949    0.000000000   73.076392630   25.603833479   13.008445998
    2.356194490    0.000000000   75.172884535   -4.270694216   10.619501949
    2.552544031    0.000000000   71.597600185  -31.235274156    8.537510860
    2.748893572    0.000000000   63.417774121  -50.503390877    6.403710320
    2.945243113    0.000000000   52.485546377  -58.970794297    3.905326651

   -3.141592654    0.349065850   42.537273395  -60.144845094    0.487675936
   -2.945243113    0.349065850   31.776944479  -48.343474976   -1.593837070
   -2.748893572    0.349065850   23.873253433  -31.996239724   -3.503378712
   -2.552544031    0.349065850   19.106708318  -17.391449585   -5.153123441
   -2.356194490    0.349065850   16.607906643   -9.437486967   -6.581118181
   -2.159844949    0.349065850   14.884949203   -9.268833018   -7.891517822
   -1.963495408    0.349065850   12.670168629  -13.580063645   -9.089651648
   -1.767145868    0.349065850    9.648794628  -16.433327718   -9.945399246
   -1.570796327    0.349065850    6.660271879  -12.619261860  -10.034968273
   -1.374446786    0.349065850    5.237268606   -0.628995004   -8.982160615
   -1.178097245    0.349065850    6.755768446   16.499413555   -6.750253522
   -0.981747704    0.349065850   11.672975116   32.914019580   -3.758610371
   -0.785398163    0.349065850   19.257834952   42.826017129   -0.720249932
   -0.589048623    0.349065850   27.853676828   42.874890904    1.715327863
   -0.392699082    0.349065850   35.450226031   32.870908757    3.301862640
   -0.196349541    0.349065850   40.276170935   15.246987065    4.323784644
    0.000000000    0.349065850   41.237904575   -5.621021759    5.483539420
    0.196349541    0.349065850   38.235408054  -24.115789227    7.571855591
    0.392699082    0.349065850   32.321284761  -34.368158218   11.065522868
    0.589048623    0.349065850   25.587901005  -31.965226241   15.800465142
    0.785398163    0.349065850   20.680559421  -16.029350108   20.914786011
    0.981747704    0.349065850   19.962086235    9.693017725   25.138146972
    1.178097245    0.349065850   24.658668833   37.725178081   27.338065904
    1.374446786    0.349065850   34.381484196   59.598709642   27.013153695
    1.570796327    0.349065850   47.252060143   69.071553887   24.462917336
    1.767145868    0.349065850   60.553176176   64.004196460   20.561670046
    1.963495408    0.349065850   71.560588990   46.287101949   16.311947255
    2.159844949    0.349065850   78.199852610   20.404578058   12.463844802
    2.356194490    0.349065850   79.396180915   -8.262838744    9.326331864
    2.552544031    0.349065850   75.124749234  -34.441008033    6.821699946
    2.748893572    0.349065850   66.336028945  -53.619074586    4.668878771
    2.945243113    0.349065850   54.753099029  -62.546141447    2.596106145

   -3.141592654    0.698131701   44.285431667  -61.741700102    0.392635871
   -2.945243113    0.698131701   33.182245783  -50.228319523    0.099837821
   -2.748893572    0.698131701   24.879388579  -34.154830302   -0.019601196
   -2.552544031    0.698131701   19.668864303  -19.729334718   -0.141413735
   -2.356194490    0.698131701   16.702319560  -11.831866537   -0.420145254
   -2.159844949    0.698131701   14.519068953  -11.513932416   -0.926216545
   -1.963495408    0.698131701   11.905725360  -15.321251441   -1.586426503
   -1.767145868    0.698131701    8.629613321  -17.208899998   -2.183428485
   -1.570796327    0.698131701    5.615169903  -12.071692358   -2.449287824
   -1.374446786    0.698131701    4.431691742    1.214763191   -2.215666314
   -1.178097245    0.698131701    6.399357569   19.102004420   -1.519903612
   -0.981747704    0.698131701   11.831994896   35.410241483   -0.578692070
   -0.785398163    0.698131701   19.831407567   44.460878240    0.366798904
   -0.589048623    0.698131701   28.641398008   43.453834471    1.236364013
   -0.392699082    0.698131701   36.287943146   32.953904091    2.219504497
   -0.196349541    0.698131701   41.174784619   16.011678814    3.726665361
    0.000000000    0.698131701   42.464436363   -2.840385313    6.235834514
    0.196349541    0.698131701   40.285070037  -18.432575057   10.048538766
    0.392699082    0.698131701   35.772696845  -25.896959261   15.061962111
    0.589048623    0.698131701   30.876834600  -22.037015660   20.640929348
    0.785398163    0.698131701   27.883439474   -6.874150229   25.713925829
    0.981747704    0.698131701   28.694443804   15.777257936   29.105977644
    1.178097245    0.698131701   34.156811851   39.311113454   29.997270004
    1.374446786    0.698131701   43.736122524   56.672055843   28.250781651
    1.570796327    0.698131701   55.684451664   62.898523655   24.429525228
    1.767145868    0.698131701   67.608106379   56.469660849   19.508983906
    1.963495408    0.698131701   77.149556068   39.137245837   14.470491411
    2.159844949    0.698131701   82.517550657   14.714385299   10.019358574
    2.356194490    0.698131701   82.769646371  -12.203282708    6.483581613
    2.552544031    0.698131701   77.873230724  -36.954991557    3.897300698
    2.748893572    0.698131701   68.682153329  -55.312525062    2.133609554
    2.945243113    0.698131701   56.797963513  -64.001924880    1.019737723

   -3.141592654    1.047197551   43.038843688  -61.969738595   -4.536788040
   -2.945243113    1.047197551   31.973364309  -49.652072564   -3.437955525
   -2.748893572    1.047197551   23.832474534  -33.139676843   -2.038325506
   -2.552544031    1.047197551   18.830608140  -18.680060422   -0.725860595
   -2.356194490    1.047197551   16.044076903  -11.086937364    0.241238589
   -2.159844949    1.047197551   13.962346906  -11.230424916    0.786999080
   -1.963495408    1.047197551   11.362641982  -15.440372913    0.982237895
   -1.767145868    1.047197551    8.039155735  -17.537685483    0.949047836
   -1.570796327    1.047197551    4.954605919  -12.440167573    0.770701788
   -1.374446786    1.047197551    3.698822450    0.834320849    0.468680515
   -1.178097245    1.047197551    5.584475238   18.625965792    0.064193525
   -0.981747704    1.047197551   10.911615483   34.822350144   -0.326007077
   -0.785398163    1.047197551   18.802820430   44.014925086   -0.433405024
   -0.589048623    1.047197551   27.586826147   43.763396268    0.118725698
   -0.392699082    1.047197551   35.436954392   34.860529356    1.709198361
   -0.196349541    1.047197551   40.921865392   20.305800817    4.576291550
    0.000000000    1.047197551   43.323427033    4.198898123    8.728404210
    0.196349541    1.047197551   42.770919296   -9.037448430   13.872172253
    0.392699082    1.047197551   40.237495589  -15.417061860   19.393987600
    0.589048623    1.047197551   37.349357805  -12.424121279   24.411125045
    0.785398163    1.047197551   35.985624839   -0.204455488   27.954409335
    0.981747704    1.047197551   37.689658735   18.047485857   29.253069852
    1.178097245    1.047197551   43.132063586   36.897114158   28.017923010
    1.374446786    1.047197551   51.845265637   50.498437641   24.549428497
    1.570796327    1.047197551   62.345114594   54.618860154   19.597244195
    1.767145868    1.047197551   72.577005744   47.763411169   14.058689609
    1.963495408    1.047197551   80.470859181   31.207037559    8.682962968
    2.159844949    1.047197551   84.409498991    8.130911852    3.955886809
    2.356194490    1.047197551   83.513074883  -17.323742504    0.127783850
    2.552544031    1.047197551   77.748431981  -40.696697098   -2.668632791
    2.748893572    1.047197551   67.949139211  -57.779473586   -4.359015187
    2.945243113    1.047197551   55.697879657  -65.282351119   -4.939462935

   -3.141592654    1.396263402   38.006934164  -60.243643508  -10.123196393
   -2.945243113    1.396263402   27.475936750  -46.063966902   -8.711758503
   -2.748893572    1.396263402   20.142632886  -28.673721788   -6.831957268
   -2.552544031    1.396263402   16.021217888  -14.323057401   -4.871728029
   -2.356194490    1.396263402   14.019682149   -7.528369742   -3.083836990
   -2.159844949    1.396263402   12.531019062   -8.770434210   -1.558378073
   -1.963495408    1.396263402   10.301665786  -14.127223387   -0.297270829
   -1.767145868    1.396263402    7.124662193  -17.361565412    0.678975220
   -1.570796327    1.396263402    3.963405333  -13.397923308    1.288145746
   -1.374446786    1.396263402    2.417959116   -1.118632539    1.455691986
   -1.178097245    1.396263402    3.860354357   16.174470637    1.250110661
   -0.981747704    1.396263402    8.732288538   32.817412540    0.969982141
   -0.785398163    1.396263402   16.371808431   43.647925205    1.104894909
   -0.589048623    1.396263402   25.333781971   46.081256959    2.160611554
   -0.392699082    1.396263402   33.949027756   40.354024286    4.467750615
   -0.196349541    1.396263402   40.809246924   28.713021579    8.037400991
    0.000000000    1.396263402   45.069625378   14.503308220   12.544469241
    0.196349541    1.396263402   46.599938494    1.576443095   17.369043690
    0.392699082    1.396263402   46.029304014   -6.352193566   21.707449810
    0.589048623    1.396263402   44.625402281   -6.615714102   24.727705450
    0.785398163    1.396263402   43.986318917    1.267223200   25.780000474
    0.981747704    1.396263402   45.536650571   15.086006833   24.599332354
    1.178097245    1.396263402   50.029385612   30.400402317   21.407041536
    1.374446786    1.396263402   57.239817367   41.944752376   16.826142417
    1.570796327    1.396263402   65.979985978   45.452795058   11.632121051
    1.767145868    1.396263402   74.433818278   38.913373321    6.485240647
    1.963495408    1.396263402   80.653776970   23.027313894    1.772659047
    2.159844949    1.396263402   83.057132333    0.678225502   -2.345519452
    2.356194490    1.396263402   80.779382550  -23.887260057   -5.795858713
    2.552544031    1.396263402   73.848448405  -45.909449321   -8.450991464
    2.748893572    1.396263402   63.210527684  -60.996611837  -10.126427346
    2.945243113    1.396263402   50.565242397  -66.021225479  -10.675869120

   -3.141592654    1.745329252   31.728302435  -58.779333051  -16.000747292
   -2.945243113    1.745329252   21.671625185  -42.804793566  -14.697847835
   -2.748893572    1.745329252   15.092090868  -24.396270768  -12.685936264
   -2.552544031    1.745329252   11.844623487   -9.821013406  -10.277520916
   -2.356194490    1.745329252   10.698495326   -3.396635182   -7.683881215
   -2.159844949    1.745329252    9.953902860   -5.370301211   -4.999785371
   -1.963495408    1.745329252    8.300738622  -11.696067044   -2.292341061
   -1.767145868    1.745329252    5.489936063  -16.094194495    0.289565110
   -1.570796327    1.745329252    2.455793467  -13.367922819    2.499247722
   -1.374446786    1.745329252    0.813526974   -2.056430103    4.110924613
   -1.178097245    1.745329252    2.036505831   15.036628135    5.099090240
   -0.981747704    1.745329252    6.760134705   32.647537059    5.730587565
   -0.785398163    1.745329252   14.559331488   45.602111848    6.487882165
   -0.589048623    1.745329252   24.175058334   50.832188150    7.840143057
   -0.392699082    1.745329252   33.993731029   47.757848591   10.020587883
   -0.196349541    1.745329252   42.494335635   37.797434744   12.893240682
    0.000000000    1.745329252   48.577047855   23.687233596   15.988933088
    0.196349541    1.745329252   51.773294888    9.067605619   18.621926470
    0.392699082    1.745329252   52.376451188   -2.102663856   20.085007711
    0.589048623    1.745329252   51.409941724   -6.475542128   19.859776083
    0.785398163    1.745329252   50.394286708   -2.603196501   17.801745952
    0.981747704    1.745329252   50.868737021    8.232470922   14.210067659
    1.178097245    1.745329252   53.848533895   22.110661401    9.728334636
    1.374446786    1.745329252   59.412635905   33.657071352    5.094763688
    1.570796327    1.745329252   66.600356243   37.997027042    0.857990424
    1.767145868    1.745329252   73.684169014   32.373664797   -2.775793299
    1.963495408    1.745329252   78.681840582   17.045669577   -5.912090520
    2.159844949    1.745329252   79.936013232   -5.071870965   -8.763945272
    2.356194490    1.745329252   76.553986437  -29.321924971  -11.434860804
    2.552544031    1.745329252   68.628209683  -50.483597431  -13.792057014
    2.748893572    1.745329252   57.237667412  -63.957747837  -15.524761223
    2.945243113    1.745329252   44.217624838  -66.806761677  -16.310386379

   -3.141592654    2.094395102   25.152702535  -58.064551369  -18.701955662
   -2.945243113    2.094395102   15.392068791  -40.562853188  -17.756776545
   -2.748893572    2.094395102    9.370513675  -21.036656362  -15.910415907
   -2.552544031    2.094395102    6.858495635   -5.753039049  -13.335699176
   -2.356194490    2.094395102    6.557759155    1.108597609  -10.187739147
   -2.159844949    2.094395102    6.726965201   -0.600065084   -6.586971232
   -1.963495408    2.094395102    6.018657897   -6.897101440   -2.677862718
   -1.767145868    2.094395102    4.122710993  -11.652867386    1.294806821
   -1.570796327    2.094395102    1.890631039   -9.702382684    4.987458975
   -1.374446786    2.094395102    0.875428003    0.669442228    8.069885819
   -1.178097245    2.094395102    2.563328112   17.130916243   10.385947225
   -0.981747704    2.094395102    7.693912807   34.830261422   12.032700460
   -0.785398163    2.094395102   15.995118239   48.630023966   13.293169093
   -0.589048623    2.094395102   26.323100258   55.063726893   14.443434193
   -0.392699082    2.094395102   37.071248212   52.874816660   15.576494457
   -0.196349541    2.094395102   46.590048043   42.852673968   16.511327473
    0.000000000    2.094395102   53.552964623   27.370253990   16.850750134
    0.196349541    2.094395102   57.232966125   10.129936187   16.113185097
    0.392699082    2.094395102   57.720165702   -4.412112412   13.939290464
    0.589048623    2.094395102   55.966963219  -12.087794046   10.290605771
    0.785398163    2.094395102   53.596157946  -10.567311904    5.559942397
    0.981747704    2.094395102   52.399203765   -0.546076611    0.496521892
    1.178097245    2.094395102   53.705837252   14.077382661   -4.055583103
    1.374446786    2.094395102   57.854619483   27.368575392   -7.494378919
    1.570796327    2.094395102   63.998722727   33.609966224   -9.688226908
    1.767145868    2.094395102   70.363907795   29.303376551  -10.964407975
    1.963495408    2.094395102   74.815252331   14.411867272  -11.892021608
    2.159844949    2.094395102   75.535502269   -7.945544831  -12.978352882
    2.356194490    2.094395102   71.549054642  -32.567320911  -14.442059147
    2.552544031    2.094395102   62.980615631  -53.671062294  -16.143324162
    2.748893572    2.094395102   51.028281481  -66.357829121  -17.694379364
    2.945243113    2.094395102   37.668302923  -67.780442029  -18.650776870

   -3.141592654    2.443460953   18.890726221  -57.995220315  -12.577454509
   -2.945243113    2.443460953    9.287471619  -39.042464614  -11.396224382
   -2.748893572    2.443460953    3.701978764  -18.150824734   -9.554176333
   -2.552544031    2.443460953    1.879480318   -1.643797967   -7.127462754
   -2.356194490    2.443460953    2.497218321    6.334183900   -4.153918760
   -2.159844949    2.443460953    3.793975853    5.630201939   -0.631887725
   -1.963495408    2.443460953    4.389185107    0.087746088    3.397521683
   -1.767145868    2.443460953    3.902589618   -4.380675892    7.737132486
   -1.570796327    2.443460953    3.076996571   -2.755313060   12.000561671
   -1.374446786    2.443460953    3.348194818    6.751642530   15.712138557
   -1.178097245    2.443460953    6.121358184   22.081542553   18.492939963
   -0.981747704    2.443460953   12.114935616   38.690657651   20.194446280
   -0.785398163    2.443460953   21.081443998   51.563664142   20.890849899
   -0.589048623    2.443460953   31.899784450   57.102560225   20.735571927
   -0.392699082    2.443460953   42.940904792   53.737042956   19.811432104
   -0.196349541    2.443460953   52.468133363   41.962664948   18.049094888
    0.000000000    2.443460953   59.027930019   24.046917906   15.279701552
    0.196349541    2.443460953   61.777461206    3.941953274   11.357337253
    0.392699082    2.443460953   60.776970550  -13.281294752    6.329504804
    0.589048623    2.443460953   57.094252688  -22.635477976    0.574432457
    0.785398163    2.443460953   52.621122744  -21.117118852   -5.191121365
    0.981747704    2.443460953   49.502934280   -9.282672371  -10.093977261
    1.178097245    2.443460953   49.382408788    8.415567950  -13.420878165
    1.374446786    2.443460953   52.748786374   25.006654376  -14.913255030
    1.570796327    2.443460953   58.693515679   33.741669991  -14.857745673
    1.767145868    2.443460953   65.215497677   30.524909730  -13.924844761
    1.963495408    2.443460953   69.897375673   15.348733681  -12.861607859
    2.159844949    2.443460953   70.697958872   -8.139212750  -12.207086820
    2.356194490    2.443460953   66.546591067  -34.005033495  -12.143726901
    2.552544031    2.443460953   57.611183563  -55.845501755  -12.511710966
    2.748893572    2.443460953   45.225286433  -68.451702137  -12.948399479
    2.945243113    2.443460953   31.526444087  -69.029460471  -13.061562930

   -3.141592654    2.792526803   15.801411339  -57.247415233    1.390352720
   -2.945243113    2.792526803    6.423231644  -37.489115033    3.360314849
   -2.748893572    2.792526803    1.233226809  -15.668448966    5.198975085
   -2.552544031    2.792526803    0.000000000    1.893871878    6.921097665
   -2.356194490    2.792526803    1.428083814   11.067338710    8.750244032
   -2.159844949    2.792526803    3.778790680   11.627657853   11.036810322
   -1.963495408    2.792526803    5.665530645    7.190524672   14.053257933
   -1.767145868    2.792526803    6.644905280    3.337579184   17.766579853
   -1.570796327    2.792526803    7.333321699    4.805009472   21.749928011
   -1.374446786    2.792526803    9.004433627   13.321290363   25.307869826
   -1.178097245    2.792526803   12.915027885   27.013435974   27.752584720
   -0.981747704    2.792526803   19.685425209   41.634136455   28.651603145
   -0.785398163    2.792526803   29.021973253   52.368807589   27.910523444
   -0.589048623    2.792526803   39.779115026   55.647322786   25.676799987
   -0.392699082    2.792526803   50.297313656   49.823329653   22.181669344
   -0.196349541    2.792526803   58.797968318   35.395512845   17.624646165
    0.000000000    2.792526803   63.805692518   14.838987134   12.168635285
    0.196349541    2.792526803   64.522061695   -7.431719798    6.016098936
    0.392699082    2.792526803   61.160694381  -25.718846941   -0.476629899
    0.589048623    2.792526803   55.062942832  -34.488627656   -6.723534158
    0.785398163    2.792526803   48.468821092  -30.579132352  -11.967370726
    0.981747704    2.792526803   43.845335183  -14.984950844  -15.494862739
    1.178097245    2.792526803   43.015985631    6.878838046  -16.923203382
    1.374446786    2.792526803   46.439824149   26.939453418  -16.386380362
    1.570796327    2.792526803   52.987993114   37.684468159  -14.472363188
    1.767145868    2.792526803   60.346781329   34.865028785  -11.955992714
    1.963495408    2.792526803   65.814487941   18.871109601   -9.478687825
    2.159844949    2.792526803   67.175629465   -5.978684916   -7.365619578
    2.356194490    2.792526803   63.316792212  -33.125478688   -5.616892348
    2.552544031    2.792526803   54.464914381  -55.776292436   -4.035665402
    2.748893572    2.792526803   42.061419217  -68.603375478   -2.396750254
    2.945243113    2.792526803   28.354036939  -68.899317086   -0.576891677
