#! FIELDS phi psi file.free der_phi der_psi
#! SET min_phi -pi
#! SET max_phi pi
#! SET nbins_phi  32
#! SET periodic_phi true
#! SET min_psi -pi
#! SET max_psi pi
#! SET nbins_psi  18
#! SET periodic_psi true
   -3.141592654   -3.141592654   18.619242152  -54.311445516   17.235115707
   -2.945243113   -3.141592654    9.722125901  -35.556253862   19.793907952
   -2.748893572   -3.141592654    4.822238061  -14.597413481   21.373405366
   -2.552544031   -3.141592654    3.761219107    2.706890044   22.154777965
   -2.356194490   -3.141592654    5.398743454   12.548827087   22.647026680
   -2.159844949   -3.141592654    8.181877628   14.669514912   23.504774102
   -1.963495408   -3.141592654   10.859673611   12.214394343   25.226413083
   -1.767145868   -3.141592654   12.998812125   10.001175457   27.865562875
   -1.570796327   -3.141592654   15.072775876   12.029653157   30.932159569
   -1.374446786   -3.141592654   18.099510306   19.659044356   33.561711302
   -1.178097245   -3.141592654   23.054886955   31.127403300   34.862776290
   -0.981747704   -3.141592654   30.337001230   42.630524604   34.246913368
   -0.785398163   -3.141592654   39.527721641   49.861665435   31.572247109
   -0.589048623   -3.141592654   49.446642259   49.643974003   27.083750279
   -0.392699082   -3.141592654   58.463779975   40.605099605   21.243958230
   -0.196349541   -3.141592654   64.880249860   23.499291487   14.578928248
    0.000000000   -3.141592654   67.356143609    1.119856341    7.593960158
    0.196349541   -3.141592654   65.297905512  -21.739213829    0.769959052
    0.392699082   -3.141592654   59.196511294  -39.037545215   -5.405707921
    0.589048623   -3.141592654   50.720138215  -45.123255796  -10.417218965
    0.785398163   -3.141592654   42.420439470  -37.131387074  -13.785727112
    0.981747704   -3.141592654   36.969770348  -16.828233439  -15.216528734
    1.178097245   -3.141592654   36.213736391    9.319562206  -14.756997530
    1.374446786   -3.141592654   40.433713895   32.345635414  -12.828246696
    1.570796327   -3.141592654   48.196537380   44.381098804  -10.052619498
    1.767145868   -3.141592654   56.877913903   41.468466716   -6.986172280
    1.963495408   -3.141592654   63.568020204   24.667692787   -3.903922984
    2.159844949   -3.141592654   65.980515546   -1.026045062   -0.788691468
    2.356194490   -3.141592654   63.036920423  -28.691231780    2.525749260
    2.552544031   -3.141592654   55.032855199  -51.543615983    6.154552605
    2.748893572   -3.141592654   43.448710355  -64.514886059   10.025114805
    2.945243113   -3.141592654   30.512911677  -65.199553867   13.854749504

   -3.141592654   -2.792526803   26.489539859  -49.335771280   25.135104307
   -2.945243113   -2.792526803   18.356148768  -32.800002179   27.587740234
   -2.748893572   -2.792526803   13.784381313  -13.937712244   28.716489318
   -2.552544031   -2.792526803   12.706518639    2.059381054   28.826373981
   -2.356194490   -2.792526803   14.190637139   11.864256363   28.553357794
   -2.159844949   -2.792526803   16.944685503   15.245129502   28.629984988
   -1.963495408   -2.792526803   19.927151558   14.793183329   29.557848625
   -1.767145868   -2.792526803   22.758659227   14.346000669   31.332261432
   -1.570796327   -2.792526803   25.763778610   16.898548651   33.380882563
   -1.374446786   -2.792526803   29.650019185   23.232326285   34.774685639
   -1.178097245   -2.792526803   35.033362556   31.675165462   34.602711554
   -0.981747704   -2.792526803   42.030804128   39.087117176   32.320715703
   -0.785398163   -2.792526803   50.104924007   42.095007813   27.904266101
   -0.589048623   -2.792526803   58.136482704   38.374132943   21.790220016
   -0.392699082   -2.792526803   64.699757976   27.139508560   14.674945772
   -0.196349541   -2.792526803   68.383501666    9.401241185    7.310702313
    0.000000000   -2.792526803   68.155438942  -12.080288149    0.352449425
    0.196349541   -2.792526803   63.700635604  -32.763706819   -5.688250222
    0.392699082   -2.792526803   55.725583312  -46.976778540  -10.431391188
    0.589048623   -2.792526803   46.036107847  -49.495807021  -13.594087614
    0.785398163   -2.792526803   37.232246995  -37.927744248  -15.010192054
    0.981747704   -2.792526803   31.938116995  -14.549901639  -14.697683888
    1.178097245   -2.792526803   31.855739416   13.733241012  -12.926795020
    1.374446786   -2.792526803   37.060575100   37.801604412  -10.181608205
    1.570796327   -2.792526803   45.922687411   50.025629508   -6.977191857
    1.767145868   -2.792526803   55.700229003   46.994776393   -3.649896564
    1.963495408   -2.792526803   63.478022948   30.291230436   -0.237297863
    2.159844949   -2.792526803   67.040563061    5.135282010    3.436889482
    2.356194490   -2.792526803   65.384672196  -21.729204013    7.565038811
    2.552544031   -2.792526803   58.816943699  -43.951133059   12.154946001
    2.748893572   -2.792526803   48.738006641  -56.917379588   16.944058088
    2.945243113   -2.792526803   37.222956863  -58.489313226   21.451808717

   -3.141592654   -2.443460953   34.652260650  -44.580353592   21.860308401
   -2.945243113   -2.443460953   27.258337437  -30.043271449   23.809787753
   -2.748893572   -2.443460953   23.045480526  -12.956892488   24.702165195
   -2.552544031   -2.443460953   22.042616194    2.002147575   24.790227936
   -2.356194490   -2.443460953   23.496432061   11.785126983   24.529560346
   -2.159844949   -2.443460953   26.307186078   16.007440858   24.405216729
   -1.963495408   -2.443460953   29.548935387   16.645793472   24.705357305
   -1.767145868   -2.443460953   32.808575324   16.685906221   25.345415482
   -1.570796327   -2.443460953   36.217680846   18.424231529   25.851315204
   -1.374446786   -2.443460953   40.198855270   22.444477730   25.536805568
   -1.178097245   -2.443460953   45.104160677   27.480780239   23.788380332
   -0.981747704   -2.443460953   50.912867804   31.213219660   20.323005711
   -0.785398163   -2.443460953   57.124040837   31.173120567   15.290895237
   -0.589048623   -2.443460953   62.813215923   25.694655640    9.213811674
   -0.392699082   -2.443460953   66.841323903   14.269782784    2.796002414
   -0.196349541   -2.443460953   68.098784557   -2.226365209   -3.266053038
    0.000000000   -2.443460953   65.797606613  -21.436081240   -8.447093086
    0.196349541   -2.443460953   59.775081349  -39.326676324  -12.441484954
    0.392699082   -2.443460953   50.795510929  -50.650507832  -15.137601345
    0.589048623   -2.443460953   40.655648371  -50.447477201  -16.533948780
    0.785398163   -2.443460953   31.906846604  -36.470692790  -16.678070368
    0.981747704   -2.443460953   27.097905218  -11.144154563  -15.656604508
    1.178097245   -2.443460953   27.824715134   18.464346529  -13.642551738
    1.374446786   -2.443460953   34.031895452   43.184185517  -10.909936487
    1.570796327   -2.443460953   43.970324431   55.550054486   -7.762237527
    1.767145868   -2.443460953   54.832429835   52.532596202   -4.420223737
    1.963495408   -2.443460953   63.715543988   36.067859672   -0.935686321
    2.159844949   -2.443460953   68.465453687   11.499162069    2.760684012
    2.356194490   -2.443460953   68.132314699  -14.633240868    6.738686655
    2.552544031   -2.443460953   63.013167673  -36.378034609   10.934089554
    2.748893572   -2.443460953   54.418813681  -49.505589997   15.103641286
    2.945243113   -2.443460953   44.277167901  -52.055613583   18.873333016

   -3.141592654   -2.094395102   40.630416230  -40.619240400   12.420531915
   -2.945243113   -2.094395102   33.881953945  -27.453757371   13.575432261
   -2.748893572   -2.094395102   30.044831156  -11.686602922   14.247054009
   -2.552544031   -2.094395102   29.186746711    2.281937930   14.557131635
   -2.356194490   -2.094395102   30.638275320   11.564444454   14.642983065
   -2.159844949   -2.094395102   33.391014856   15.678136447   14.593182251
   -1.963495408   -2.094395102   36.562074494   16.214627435   14.377295280
   -1.767145868   -2.094395102   39.688800248   15.639363232   13.815842017
   -1.570796327   -2.094395102   42.761411491   15.888584543   12.625523119
   -1.374446786   -2.094395102   46.028209052   17.600459949   10.538592118
   -1.178097245   -2.094395102   49.724237919   20.024151711    7.434992619
   -0.981747704   -2.094395102   53.842880633   21.601208326    3.427784557
   -0.785398163   -2.094395102   58.043325597   20.539137288   -1.145929118
   -0.589048623   -2.094395102   61.660199337   15.461673200   -5.804038029
   -0.392699082   -2.094395102   63.824571289    5.706668098  -10.050566217
   -0.196349541   -2.094395102   63.630858164   -8.367229957  -13.485604454
    0.000000000   -2.094395102   60.377541011  -25.015896588  -15.914134009
    0.196349541   -2.094395102   53.876152728  -40.710558534  -17.361163311
    0.392699082   -2.094395102   44.792266401  -50.423440839  -18.015959578
    0.589048623   -2.094395102   34.811524474  -49.116793433  -18.093602736
    0.785398163   -2.094395102   26.408553582  -34.294864828  -17.703851972
    0.981747704   -2.094395102   22.103721486   -8.179390977  -16.804250621
    1.178097245   -2.094395102   23.488165416   22.192639265  -15.284111151
    1.374446786   -2.094395102   30.493399499   47.559323832  -13.094088739
    1.570796327   -2.094395102   41.338593942   60.373176843  -10.319726984
    1.767145868   -2.094395102   53.179310349   57.657648149   -7.156191981
    1.963495408   -2.094395102   63.095573096   41.463919554   -3.811696111
    2.159844949   -2.094395102   68.935911763   17.211116073   -0.456555179
    2.356194490   -2.094395102   69.755547252   -8.627700463    2.788255436
    2.552544031   -2.094395102   65.831192171  -30.268882601    5.810242843
    2.748893572   -2.094395102   58.417685255  -43.666186248    8.492842658
    2.945243113   -2.094395102   49.358765483  -46.948920732   10.721859092

   -3.141592654   -1.745329252   42.994649594  -38.190638315    4.112492476
   -2.945243113   -1.745329252   36.675189947  -25.548510519    4.613510818
   -2.748893572   -1.745329252   33.146829090  -10.476871533    5.003768809
   -2.552544031   -1.745329252   32.445805800    2.652626973    5.221206502
   -2.356194490   -1.745329252   33.881217603   11.018333039    5.108033722
   -2.159844949   -1.745329252   36.431163910   14.142047065    4.461903521
   -1.963495408   -1.745329252   39.192538486   13.547734521    3.096392010
   -1.767145868   -1.745329252   41.667369219   11.630887545    0.907273336
   -1.570796327   -1.745329252   43.807190150   10.384963582   -2.073869072
   -1.374446786   -1.745329252   45.850788550   10.689100317   -5.652793372
   -1.178097245   -1.745329252   48.085718991   12.165954319   -9.494280699
   -0.981747704   -1.745329252   50.632489604   13.608789065  -13.186234468
   -0.785398163   -1.745329252   53.331482515   13.410001466  -16.327913122
   -0.589048623   -1.745329252   55.709862280   10.106079467  -18.605428976
   -0.392699082   -1.745329252   57.047459033    2.707463969  -19.855785671
   -0.196349541   -1.745329252   56.505234102   -8.953269068  -20.090725508
    0.000000000   -1.745329252   53.338080091  -23.673574619  -19.526945015
    0.196349541   -1.745329252   47.219011642  -38.321403011  -18.537526341
    0.392699082   -1.745329252   38.627853349  -47.930253862  -17.544088740
    0.589048623   -1.745329252   29.092663728  -47.127054647  -16.839913253
    0.785398163   -1.745329252   21.024180661  -32.829228016  -16.442698689
    0.981747704   -1.745329252   16.992628389   -6.755213011  -16.075236185
    1.178097245   -1.745329252   18.705457690   24.208514307  -15.321895482
    1.374446786   -1.745329252   26.200432694   50.560300819  -13.860678420
    1.570796327   -1.745329252   37.732918300   64.323571198  -11.631409217
    1.767145868   -1.745329252   50.415020501   62.195102041   -8.847347131
    1.963495408   -1.745329252   61.241915578   46.117656934   -5.868008788
    2.159844949   -1.745329252   67.977014883   21.619634755   -3.055456156
    2.356194490   -1.745329252   69.622575670   -4.647159232   -0.661373308
    2.552544031   -1.745329252   66.436211886  -26.730880913    1.197415553
    2.748893572   -1.745329252   59.678999622  -40.511180136    2.536513680
    2.945243113   -1.745329252   51.206133728  -44.133900713    3.459929357

   -3.141592654   -1.396263402   41.238999437  -38.650055635    2.226818015
   -2.945243113   -1.396263402   34.871227677  -25.571548280    2.080209429
   -2.748893572   -1.396263402   31.376659015  -10.161906299    1.882733956
   -2.552544031   -1.396263402   30.735147473    2.837097623    1.515523356
   -2.356194490   -1.396263402   32.139121363   10.387349533    0.717927082
   -2.159844949   -1.396263402   34.427610865   12.006282028   -0.817585228
   -1.963495408   -1.396263402   36.582385378    9.464646275   -3.312338720
   -1.767145868   -1.396263402   38.060945423    5.614569037   -6.766771382
   -1.570796327   -1.396263402   38.872727784    3.016476329  -10.896884029
   -1.374446786   -1.396263402   39.421214287    3.036183345  -15.179417682
   -1.178097245   -1.396263402   40.231633199    5.526256645  -18.994619164
   -0.981747704   -1.396263402   41.672698174    9.152573051  -21.801433409
   -0.785398163   -1.396263402   43.775248689   11.864330600  -23.269029520
   -0.589048623   -1.396263402   46.150529773   11.581713629  -23.317057770
   -0.392699082   -1.396263402   48.038319515    6.710592909  -22.103295442
   -0.196349541   -1.396263402   48.452077360   -3.419084916  -19.966329714
    0.000000000   -1.396263402   46.418159557  -17.891770713  -17.388412077
    0.196349541   -1.396263402   41.350751426  -33.591281709  -14.899356916
    0.392699082   -1.396263402   33.502706457  -45.198540169  -12.946226763
    0.589048623   -1.396263402   24.281179913  -46.633093243  -11.739089633
    0.785398163   -1.396263402   16.134642501  -33.952850457  -11.164235371
    0.981747704   -1.396263402   11.824158549   -8.243356821  -10.833010282
    1.178097245   -1.396263402   13.321820826   23.697250531  -10.275315329
    1.374446786   -1.396263402   20.888535741   51.868324474   -9.158595095
    1.570796327   -1.396263402   32.866532135   67.477997503   -7.422762160
    1.767145868   -1.396263402   46.297199223   66.497972269   -5.266635147
    1.963495408   -1.396263402   57.997126748   50.519198100   -3.018315135
    2.159844949   -1.396263402   65.526553796   25.175265149   -1.000551401
    2.356194490   -1.396263402   67.739831186   -2.473196368    0.570796104
    2.552544031   -1.396263402   64.839600873  -25.953946543    1.605861112
    2.748893572   -1.396263402   58.127946947  -40.731389635    2.138891067
    2.945243113   -1.396263402   49.562814436  -44.746924412    2.291076296

   -3.141592654   -1.047197551   38.363680101  -41.460082980    4.281940544
   -2.945243113   -1.047197551   31.504864458  -27.708167011    3.169443144
   -2.748893572   -1.047197551   27.671485382  -11.500168307    1.848391714
   -2.552544031   -1.047197551   26.817276816    1.896368341    0.305827469
   -2.356194490   -1.047197551   28.011684792    9.037946148   -1.623831411
   -2.159844949   -1.047197551   29.921403678    9.368640270   -4.193990608
   -1.963495408   -1.047197551   31.386246275    5.047206111   -7.591116586
   -1.767145868   -1.047197551   31.835441941   -0.343996952  -11.746456847
   -1.570796327   -1.047197551   31.403517327   -3.473750917  -16.238334594
   -1.374446786   -1.047197551   30.743324602   -2.532742642  -20.364502693
   -1.178097245   -1.047197551   30.665995387    2.246240332  -23.368879912
   -0.981747704   -1.047197551   31.760210460    8.972810416  -24.706387403
   -0.785398163   -1.047197551   34.142301945   14.837347779  -24.211978719
   -0.589048623   -1.047197551   37.364053678   17.071821629  -22.108074048
   -0.392699082   -1.047197551   40.490347244   13.627585157  -18.904842710
   -0.196349541   -1.047197551   42.296023602    3.613967111  -15.234766475
    0.000000000   -1.047197551   41.549469398  -12.009402954  -11.708389208
    0.196349541   -1.047197551   37.442406266  -29.808672174   -8.767007551
    0.392699082   -1.047197551   30.096366077  -43.865399294   -6.593216111
    0.589048623   -1.047197551   20.923640156  -47.342994673   -5.103879235
    0.785398163   -1.047197551   12.520291465  -35.652772854   -4.041058601
    0.981747704   -1.047197551    7.887121255   -9.629955481   -3.113804731
    1.178097245   -1.047197551    9.233817471   23.664572286   -2.121746563
    1.374446786   -1.047197551   16.965893034   53.578278015   -0.990426647
    1.570796327   -1.047197551   29.428520718   70.586010498    0.255976026
    1.767145868   -1.047197551   43.539926435   70.153279907    1.548561872
    1.963495408   -1.047197551   55.930265286   53.732835388    2.806458499
    2.159844949   -1.047197551   63.980695410   27.165318688    3.936705916
    2.356194490   -1.047197551   66.428934916   -2.101546744    4.833041269
    2.552544031   -1.047197551   63.442161938  -27.166121868    5.376258604
    2.748893572   -1.047197551   56.366551710  -43.133062608    5.471566615
    2.945243113   -1.047197551   47.263846424  -47.700734812    5.087794916

   -3.141592654   -0.698131701   38.410427197  -44.854734057    4.141564665
   -2.945243113   -0.698131701   30.856656028  -31.331861424    1.685667799
   -2.748893572   -0.698131701   26.310091790  -15.124204966   -0.987934225
   -2.552544031   -0.698131701   24.739067369   -1.828710741   -3.711673780
   -2.356194490   -0.698131701   25.159899654    4.799750291   -6.515276666
   -2.159844949   -0.698131701   26.147322667    4.153694838   -9.589829475
   -1.963495408   -0.698131701   26.479765128   -1.234901067  -13.093171509
   -1.767145868   -0.698131701   25.633101854   -7.099025716  -16.899050214
   -1.570796327   -0.698131701   23.926541351   -9.457316824  -20.483126880
   -1.374446786   -0.698131701   22.287420970   -6.289651938  -23.060265410
   -1.178097245   -0.698131701   21.783140241    1.771466912  -23.922544811
   -0.981747704   -0.698131701   23.131333908   11.991279002  -22.771731823
   -0.785398163   -0.698131701   26.398959529   20.662608487  -19.853930853
   -0.589048623   -0.698131701   30.936266765   24.397448471  -15.834138916
   -0.392699082   -0.698131701   35.525759754   20.964112772  -11.531317280
   -0.196349541   -0.698131701   38.665619495    9.687760589   -7.632677255
    0.000000000   -0.698131701   38.922403686   -7.933308223   -4.511050093
    0.196349541   -0.698131701   35.411360231  -27.759370616   -2.158876706
    0.392699082   -0.698131701   28.315784505  -43.218890081   -0.275964862
    0.589048623   -0.698131701   19.212052962  -47.123391830    1.514823355
    0.785398163   -0.698131701   10.886054364  -34.975091763    3.424550559
    0.981747704   -0.698131701    6.472912342   -8.050842383    5.374642361
    1.178097245   -0.698131701    8.216829694   26.074384721    7.072845453
    1.374446786   -0.698131701   16.472669675   56.416903129    8.239436275
    1.570796327   -0.698131701   29.496654132   73.390541574    8.793921620
    1.767145868   -0.698131701   44.126060739   72.576665810    8.888742110
    1.963495408   -0.698131701   56.937200817   55.564922340    8.780720924
    2.159844949   -0.698131701   65.277617789   28.265471637    8.657098874
    2.356194490   -0.698131701   67.858321886   -1.876321202    8.526700695
    2.552544031   -0.698131701   64.818052973  -27.951460082    8.218117968
    2.748893572   -0.698131701   57.483443769  -44.979970406    7.481858812
    2.945243113   -0.698131701   47.922838117  -50.480168635    6.129061055

   -3.141592654   -0.349065850   39.519823365  -50.023784120    3.314044339
   -2.945243113   -0.349065850   30.876400268  -37.140063537   -0.088924886
   -2.748893572   -0.349065850   25.179739874  -20.932585276   -3.594082200
   -2.552544031   -0.349065850   22.499386781   -7.298806504   -6.911805910
   -2.356194490   -0.349065850   21.873286881   -0.440633956   -9.979841877
   -2.159844949   -0.349065850   21.826469820   -1.187435321  -12.940640276
   -1.963495408   -0.349065850   21.091005278   -6.729420844  -15.920910286
   -1.767145868   -0.349065850   19.195011820  -12.124829593  -18.755254329
   -1.570796327   -0.349065850   16.646480678  -12.768887975  -20.886255984
   -1.374446786   -0.349065850   14.635110199   -6.585188942  -21.565814584
   -1.178097245   -0.349065850   14.428192023    5.116091535  -20.267287266
   -0.981747704   -0.349065850   16.759541049   18.487154846  -17.030872674
   -0.785398163   -0.349065850   21.497726309   28.851327922  -12.515470520
   -0.589048623   -0.349065850   27.657618697   32.433368771   -7.721231762
   -0.392699082   -0.349065850   33.678997540   27.311206934   -3.570850370
   -0.196349541   -0.349065850   37.832169999   13.617431419   -0.555728912
    0.000000000   -0.349065850   38.636926261   -6.166059918    1.407672960
    0.196349541   -0.349065850   35.342528660  -27.102061386    2.879243697
    0.392699082   -0.349065850   28.378162887  -42.328263509    4.586915605
    0.589048623   -0.349065850   19.559503089  -45.012739329    7.017990113
    0.785398163   -0.349065850   11.788400841  -31.498413350   10.117818593
    0.981747704   -0.349065850    8.140787510   -3.912926496   13.287306637
    1.178097245   -0.349065850   10.674126268   29.792275096   15.712708994
    1.374446786   -0.349065850   19.546751989   58.888174944   16.825736868
    1.570796327   -0.349065850   32.912796404   74.430500640   16.581153835
    1.767145868   -0.349065850   47.634598686   72.574036989   15.407887100
    1.963495408   -0.349065850   60.391142504   55.100864797   13.901160286
    2.159844949   -0.349065850   68.627505372   27.697122117   12.497246004
    2.356194490   -0.349065850   71.083295989   -2.628070882   11.294291557
    2.552544031   -0.349065850   67.842332737  -29.332288301   10.076980257
    2.748893572   -0.349065850   60.130762905  -47.514546231    8.488621063
    2.945243113   -0.349065850   49.934611207  -54.429978343    6.248477895

   -3.141592654    0.000000000   40.393308810  -56.269732740    1.536298560
   -2.945243113    0.000000000   30.464864498  -43.832376567   -1.935216343
   -2.748893572    0.000000000   23.473132821  -27.312021500   -5.294782796
   -2.552544031    0.000000000   19.611026723  -12.917546556   -8.258480768
   -2.356194490    0.000000000   17.957318755   -5.320162705  -10.777924453
   -2.159844949    0.000000000   17.004417415   -5.567700346  -12.998921561
   -1.963495408    0.000000000   15.455995078  -10.574954861  -15.031105222
   -1.767145868    0.000000000   12.905211990  -14.785771740  -16.693881410
   -1.570796327    0.000000000   10.040028467  -13.134163610  -17.466863387
   -1.374446786    0.000000000    8.263783398   -3.723066692  -16.739591008
   -1.178097245    0.000000000    8.949098066   11.253784875  -14.222401274
   -0.981747704    0.000000000   12.724434175   26.787552030  -10.223900551
   -0.785398163    0.000000000   19.152057156   37.417952541   -5.592894992
   -0.589048623    0.000000000   26.861344270   39.379380500   -1.345829271
   -0.392699082    0.000000000   33.988621008   31.536939535    1.791448313
   -0.196349541    0.000000000   38.703875560   15.234171691    3.684030789
    0.000000000    0.000000000   39.664751829   -5.919195151    4.819337855
    0.196349541    0.000000000   36.432619479  -26.409081168    6.054929064
    0.392699082    0.000000000   29.780827417  -39.655877652    8.192352934
    0.589048623    0.000000000   21.729990055  -39.913248556   11.535438758
    0.785398163    0.000000000   15.132418619  -24.914935126   15.668149923
    0.981747704    0.000000000   12.774577594    2.290460994   19.600184337
    1.178097245    0.000000000   16.336848971   33.824928825   22.250502273
    1.374446786    0.000000000   25.710677857   59.930771255   22.978176064
    1.570796327    0.000000000   39.012559667   72.896753758   21.842659903
    1.767145868    0.000000000   53.274710274   69.651957665   19.473823048
    1.963495408    0.000000000   65.422867914   51.994538526   16.675854283
    2.159844949    0.000000000   73.087844700   25.024395071   14.049064007
    2.356194490    0.000000000   75.056183175   -4.994510720   11.785951956
    2.552544031    0.000000000   71.329938830  -32.034036922    9.707173411
    2.748893572    0.000000000   62.995850835  -51.253778744    7.456715627
    2.945243113    0.000000000   51.932154101  -59.541796219    4.746243193

   -3.141592654    0.349065850   42.122222094  -60.913387553    1.168304539
   -2.945243113    0.349065850   31.239435253  -48.811938066   -1.157333634
   -2.748893572    0.349065850   23.276294210  -32.138925796   -3.273129513
   -2.552544031    0.349065850   18.510891891  -17.251688377   -5.066723286
   -2.356194490    0.349065850   16.060611491   -9.099848695   -6.572376578
   -2.159844949    0.349065850   14.415921157   -8.824944631   -7.909222827
   -1.963495408    0.349065850   12.293193334  -13.094255246   -9.107339616
   -1.767145868    0.349065850    9.368873661  -15.933960401   -9.959975766
   -1.570796327    0.349065850    6.480117528  -12.101138250  -10.054161114
   -1.374446786    0.349065850    5.161458509   -0.087571752   -9.009938723
   -1.178097245    0.349065850    6.786992362   17.037778299   -6.775357152
   -0.981747704    0.349065850   11.804114781   33.376976104   -3.754741552
   -0.785398163    0.349065850   19.465513270   43.127742810   -0.656358436
   -0.589048623    0.349065850   28.100802488   42.970053500    1.859746609
   -0.392699082    0.349065850   35.698349569   32.796984108    3.524670288
   -0.196349541    0.349065850   40.501944530   15.111688966    4.595951805
    0.000000000    0.349065850   41.441196093   -5.701646435    5.754391734
    0.196349541    0.349065850   38.433912213  -24.083140159    7.780784020
    0.392699082    0.349065850   32.535845882  -34.250276362   11.158456301
    0.589048623    0.349065850   25.828069341  -31.837224206   15.749492637
    0.785398163    0.349065850   20.941834832  -15.948670559   20.735453857
    0.981747704    0.349065850   20.234656030    9.730906453   24.896551412
    1.178097245    0.349065850   24.939094389   37.776917102   27.140864579
    1.374446786    0.349065850   34.678250368   59.716824871   26.980434330
    1.570796327    0.349065850   47.578824160   69.249841591   24.693551077
    1.767145868    0.349065850   60.914737011   64.160372303   21.105009695
    1.963495408    0.349065850   71.940401693   46.293017719   17.156273207
    2.159844949    0.349065850   78.556384152   20.145089928   13.542009368
    2.356194490    0.349065850   79.671187846   -8.838021974   10.534200927
    2.552544031    0.349065850   75.258893636  -35.287304044    8.039403525
    2.748893572    0.349065850   66.287341125  -54.609192013    5.782868451
    2.945243113    0.349065850   54.510072505  -63.507790765    3.517845134

   -3.141592654    0.698131701   44.103487527  -62.879413105    1.028184994
   -2.945243113    0.698131701   32.806229439  -51.047143695    0.590376133
   -2.748893572    0.698131701   24.381287218  -34.579451160    0.347029249
   -2.552544031    0.698131701   19.125428558  -19.779932248    0.137984899
   -2.356194490    0.698131701   16.178671349  -11.599595946   -0.188311987
   -2.159844949    0.698131701   14.059133573  -11.117673225   -0.711661743
   -1.963495408    0.698131701   11.531502581  -14.857338997   -1.375781642
   -1.767145868    0.698131701    8.348732512  -16.727086492   -1.981802682
   -1.570796327    0.698131701    5.430414508  -11.572489568   -2.273578943
   -1.374446786    0.698131701    4.348008639    1.744505821   -2.084584727
   -1.178097245    0.698131701    6.422085574   19.647802686   -1.441564215
   -0.981747704    0.698131701   11.958442891   35.904580012   -0.543439255
   -0.785398163    0.698131701   20.042399741   44.810439858    0.386146503
   -0.589048623    0.698131701   28.901446640   43.595708255    1.275379828
   -0.392699082    0.698131701   36.556375905   32.905109461    2.308165842
   -0.196349541    0.698131701   41.422352317   15.864300654    3.875142066
    0.000000000    0.698131701   42.682821875   -2.977830052    6.426871133
    0.196349541    0.698131701   40.483204082  -18.499463914   10.239388232
    0.392699082    0.698131701   35.964310240  -25.905348186   15.197586217
    0.589048623    0.698131701   31.069363722  -22.026797304   20.676768789
    0.785398163    0.698131701   28.079047886   -6.849735058   25.639479619
    0.981747704    0.698131701   28.901054228   15.876909879   28.958114801
    1.178097245    0.698131701   34.398182896   39.578032102   29.855168882
    1.374446786    0.698131701   44.051030467   57.152355885   28.212247554
    1.570796327    0.698131701   56.110978512   63.534046587   24.579216025
    1.767145868    0.698131701   68.161990451   57.097115820   19.892482767
    1.963495408    0.698131701   77.808640811   39.544598960   15.084220674
    2.159844949    0.698131701   83.219897761   14.723311238   10.816362140
    2.356194490    0.698131701   83.427095795  -12.677107856    7.390254040
    2.552544031    0.698131701   78.392754409  -37.870916338    4.830795611
    2.748893572    0.698131701   68.989938066  -56.521747258    3.017709320
    2.945243113    0.698131701   56.857177262  -65.287890198    1.795975715

   -3.141592654    1.047197551   43.006992568  -63.295182007   -3.977915120
   -2.945243113    1.047197551   31.711103369  -50.646876816   -2.874368249
   -2.748893572    1.047197551   23.417575067  -33.695673322   -1.481511485
   -2.552544031    1.047197551   18.350564940  -18.800057307   -0.186720393
   -2.356194490    1.047197551   15.576172791  -10.865374525    0.754420521
   -2.159844949    1.047197551   13.560007845  -10.809510303    1.268112501
   -1.963495408    1.047197551   11.051469006  -14.952421604    1.424900873
   -1.767145868    1.047197551    7.822827126  -17.069899978    1.342515823
   -1.570796327    1.047197551    4.825493471  -12.020732439    1.099397099
   -1.374446786    1.047197551    3.648022685    1.214047393    0.715556433
   -1.178097245    1.047197551    5.605398149   18.974727961    0.221047268
   -0.981747704    1.047197551   10.996684689   35.119947763   -0.248137706
   -0.785398163    1.047197551   18.938370327   44.222979056   -0.399901400
   -0.589048623    1.047197551   27.752634202   43.860016315    0.158512756
   -0.392699082    1.047197551   35.612710415   34.870783351    1.804616207
   -0.196349541    1.047197551   41.096360189   20.290793386    4.754650535
    0.000000000    1.047197551   43.497090508    4.206323373    8.981482130
    0.196349541    1.047197551   42.948406353   -9.014210408   14.155507105
    0.392699082    1.047197551   40.416956478  -15.432650473   19.640610442
    0.589048623    1.047197551   37.518724651  -12.513521483   24.556688758
    0.785398163    1.047197551   36.133561940   -0.317718662   27.963695820
    0.981747704    1.047197551   37.824423852   18.052703484   29.136920226
    1.178097245    1.047197551   43.293366957   37.183818502   27.832364863
    1.374446786    1.047197551   52.098034375   51.141671189   24.375731593
    1.570796327    1.047197551   62.754036756   55.536815132   19.512582491
    1.767145868    1.047197551   73.175548886   48.730219782   14.111278827
    1.963495408    1.047197551   81.240685145   31.935815489    8.882840499
    2.159844949    1.047197551   85.278767219    8.382725862    4.282222928
    2.356194490    1.047197551   84.374400345  -17.667420358    0.546555138
    2.552544031    1.047197551   78.485651423  -41.600505826   -2.189210689
    2.748893572    1.047197551   68.466616777  -59.077900080   -3.840803064
    2.945243113    1.047197551   55.941847221  -66.726790239   -4.395923055

   -3.141592654    1.396263402   38.047408050  -61.385307811   -9.647338510
   -2.945243113    1.396263402   27.320901249  -46.893346900   -8.143442456
   -2.748893572    1.396263402   19.862980586  -29.114151338   -6.208675583
   -2.552544031    1.396263402   15.692945397  -14.391242542   -4.235598360
   -2.356194490    1.396263402   13.707673636   -7.315036068   -2.469315055
   -2.159844949    1.396263402   12.278035017   -8.405679614   -0.986472206
   -1.963495408    1.396263402   10.124955120  -13.734391199    0.221317388
   -1.767145868    1.396263402    7.020393509  -17.027217641    1.134607189
   -1.570796327    1.396263402    3.916033106  -13.154499762    1.665477012
   -1.374446786    1.396263402    2.410494006   -0.951570560    1.734234140
   -1.178097245    1.396263402    3.881366396   16.302055588    1.416396362
   -0.981747704    1.396263402    8.777182534   32.935669389    1.033123172
   -0.785398163    1.396263402   16.440588892   43.772450068    1.105143403
   -0.589048623    1.396263402   25.428658779   46.221325170    2.161617052
   -0.392699082    1.396263402   34.074191797   40.521944304    4.534059529
   -0.196349541    1.396263402   40.970912746   28.912624129    8.206916879
    0.000000000    1.396263402   45.271461765   14.699630023   12.810216579
    0.196349541    1.396263402   46.833618935    1.685489280   17.678383086
    0.392699082    1.396263402   46.267895437   -6.426198372   21.978942128
    0.589048623    1.396263402   44.828790467   -6.895748523   24.880059770
    0.785398163    1.396263402   44.122582576    0.892537541   25.761230196
    0.981747704    1.396263402   45.608496162   14.845618216   24.405413658
    1.178097245    1.396263402   50.087561002   30.532937643   21.082866676
    1.374446786    1.396263402   57.371410496   42.559190183   16.447482738
    1.570796327    1.396263402   66.273348897   46.449510706   11.277678263
    1.767145868    1.396263402   74.938612043   40.013204416    6.211995534
    1.963495408    1.396263402   81.356558786   23.886997341    1.605921761
    2.159844949    1.396263402   83.882190225    1.030300991   -2.405332308
    2.356194490    1.396263402   81.613564520  -24.153103271   -5.756164300
    2.552544031    1.396263402   74.574104543  -46.726280768   -8.312791548
    2.748893572    1.396263402   63.736864117  -62.170835113   -9.881177202
    2.945243113    1.396263402   50.846675368  -67.300021685  -10.314145653

   -3.141592654    1.745329252   31.821851219  -59.598503402  -15.776949555
   -2.945243113    1.745329252   21.628132937  -43.371121951  -14.321932998
   -2.748893572    1.745329252   14.965913714  -24.677727716  -12.209335459
   -2.552544031    1.745329252   11.689822596   -9.843267019   -9.760330121
   -2.356194490    1.745329252   10.559593896   -3.227497324   -7.176335621
   -2.159844949    1.745329252    9.859399769   -5.104895753   -4.532165047
   -1.963495408    1.745329252    8.259879158  -11.432042113   -1.877072824
   -1.767145868    1.745329252    5.494010500  -15.911602047    0.647098999
   -1.570796327    1.745329252    2.484261750  -13.304975404    2.790680086
   -1.374446786    1.745329252    0.843750628   -2.095295578    4.322671331
   -1.178097245    1.745329252    2.054447636   14.961953720    5.222631317
   -0.981747704    1.745329252    6.766904054   32.621019417    5.777760850
   -0.785398163    1.745329252   14.571764818   45.693375660    6.499308780
   -0.589048623    1.745329252   24.220233264   51.073332836    7.876771113
   -0.392699082    1.745329252   34.100263668   48.132147517   10.139725222
   -0.196349541    1.745329252   42.682306418   38.233355999   13.120616769
    0.000000000    1.745329252   48.846776072   24.055826704   16.302211134
    0.196349541    1.745329252   52.095801431    9.207898747   18.954180605
    0.392699082    1.745329252   52.693168708   -2.317144865   20.345870578
    0.589048623    1.745329252   51.648695315   -7.041622701   19.965791609
    0.785398163    1.745329252   50.501142615   -3.336742074   17.703123925
    0.981747704    1.745329252   50.841091691    7.652402862   13.905013331
    1.178097245    1.745329252   53.748929326   21.998627438    9.260588297
    1.374446786    1.745329252   59.350938709   34.155174425    4.534731617
    1.570796327    1.745329252   66.689289164   38.990245464    0.276720100
    1.767145868    1.745329252   73.991331671   33.537683174   -3.327606136
    1.963495408    1.745329252   79.202541995   17.993973343   -6.409861279
    2.159844949    1.745329252   80.597271215   -4.621528755   -9.198698654
    2.356194490    1.745329252   77.245829349  -29.462002850  -11.795219797
    2.552544031    1.745329252   69.241550003  -51.115245413  -14.052098456
    2.748893572    1.745329252   57.695515005  -64.870508829  -15.647441772
    2.945243113    1.745329252   44.488130084  -67.766921664  -16.263810540

   -3.141592654    2.094395102   25.252151365  -58.537356155  -18.753811266
   -2.945243113    2.094395102   15.416444828  -40.854455076  -17.638222754
   -2.748893572    2.094395102    9.355480209  -21.155813543  -15.673814004
   -2.552544031    2.094395102    6.835375856   -5.725587411  -13.041912439
   -2.356194490    2.094395102    6.551720243    1.246715719   -9.887058512
   -2.159844949    2.094395102    6.754704769   -0.405949354   -6.308347285
   -1.963495408    2.094395102    6.084465092   -6.718296383   -2.430678956
   -1.767145868    2.094395102    4.215834943  -11.565370576    1.510305521
   -1.570796327    2.094395102    1.987736889   -9.754111514    5.169203304
   -1.374446786    2.094395102    0.949638208    0.495367519    8.210305810
   -1.178097245    2.094395102    2.598480795   16.924778377   10.479277274
   -0.981747704    2.094395102    7.696212875   34.723172606   12.087448648
   -0.785398163    2.094395102   15.996125966   48.737091647   13.338680200
   -0.589048623    2.094395102   26.370865422   55.430263495   14.522068963
   -0.392699082    2.094395102   37.213098253   53.446946146   15.723075787
   -0.196349541    2.094395102   46.853025228   43.480094851   16.731251362
    0.000000000    2.094395102   53.927284601   27.835249032   17.109842963
    0.196349541    2.094395102   57.664193463   10.209246597   16.345850167
    0.392699082    2.094395102   58.116785179   -4.855992024   14.069933825
    0.589048623    2.094395102   56.227139247  -13.009023897   10.258437195
    0.785398163    2.094395102   53.648671817  -11.702576087    5.335804123
    0.981747704    2.094395102   52.240953813   -1.487551600    0.087162899
    1.178097245    2.094395102   53.414167845   13.707971115   -4.614867433
    1.374446786    2.094395102   57.562673723   27.734334165   -8.155105901
    1.570796327    2.094395102   63.842201547   34.573878954  -10.404533276
    1.767145868    2.094395102   70.426404321   30.496964597  -11.702685835
    1.963495408    2.094395102   75.099746516   15.413088989  -12.630353259
    2.159844949    2.094395102   75.972584232   -7.423157274  -13.696789498
    2.356194490    2.094395102   72.034746180  -32.589111657  -15.111116170
    2.552544031    2.094395102   63.418459245  -54.104014248  -16.718796646
    2.748893572    2.094395102   51.358749001  -66.980633651  -18.125557906
    2.945243113    2.094395102   37.875114775  -68.390342769  -18.897834054

   -3.141592654    2.443460953   18.923297434  -58.144926004  -12.778049563
   -2.945243113    2.443460953    9.302534264  -39.078251071  -11.434078171
   -2.748893572    2.443460953    3.718773639  -18.108626152   -9.480185350
   -2.552544031    2.443460953    1.910704986   -1.545509210   -6.998692163
   -2.356194490    2.443460953    2.552751433    6.480698205   -4.016039730
   -2.159844949    2.443460953    3.881762295    5.805393507   -0.508514674
   -1.963495408    2.443460953    4.510822865    0.244839538    3.504749432
   -1.767145868    2.443460953    4.047649035   -4.311792268    7.840091000
   -1.570796327    2.443460953    3.222114437   -2.830110583   12.112849613
   -1.374446786    2.443460953    3.465001673    6.545445755   15.841201207
   -1.178097245    2.443460953    6.192801613   21.846722577   18.639771273
   -0.981747704    2.443460953   12.150514609   38.586846229   20.359484112
   -0.785398163    2.443460953   21.121691247   51.730997904   21.078303619
   -0.589048623    2.443460953   32.004356446   57.584341340   20.950487167
   -0.392699082    2.443460953   43.164586074   54.439472453   20.049886106
   -0.196349541    2.443460953   52.834715279   42.670266973   18.289383780
    0.000000000    2.443460953   59.511579829   24.482616852   15.482493389
    0.196349541    2.443460953   62.299146713    3.857993786   11.477427047
    0.392699082    2.443460953   61.220189523  -14.001669894    6.332133782
    0.589048623    2.443460953   57.339818906  -23.893274263    0.446746047
    0.785398163    2.443460953   52.592037560  -22.588801751   -5.440547977
    0.981747704    2.443460953   49.200896725  -10.515526792  -10.445629908
    1.178097245    2.443460953   48.895949294    7.818976895  -13.857061721
    1.374446786    2.443460953   52.223657202   25.206535985  -15.426192985
    1.570796327    2.443460953   58.276220029   34.588042295  -15.448583464
    1.767145868    2.443460953   64.998076216   31.640364569  -14.595242486
    1.963495408    2.443460953   69.890722510   16.316026781  -13.602637423
    2.159844949    2.443460953   70.842989618   -7.588059000  -12.990151959
    2.356194490    2.443460953   66.753923043  -33.912066042  -12.919014750
    2.552544031    2.443460953   57.802740613  -56.066450391  -13.214804279
    2.748893572    2.443460953   45.359807886  -68.778558345  -13.516234467
    2.945243113    2.443460953   31.600456738  -69.301047404  -13.450712717

   -3.141592654    2.792526803   15.717565788  -57.154876706    1.357338122
   -2.945243113    2.792526803    6.364367013  -37.340207682    3.481863010
   -2.748893572    2.792526803    1.204870080  -15.518618515    5.417788484
   -2.552544031    2.792526803    0.000000000    2.029584206    7.175344327
   -2.356194490    2.792526803    1.455051082   11.209175765    8.989460668
   -2.159844949    2.792526803    3.836069437   11.793680016   11.234055968
   -1.963495408    2.792526803    5.757195269    7.366550749   14.210344679
   -1.767145868    2.792526803    6.768089433    3.471253737   17.910345953
   -1.570796327    2.792526803    7.473929572    4.840993046   21.919556166
   -1.374446786    2.792526803    9.142066894   13.259176136   25.538848636
   -1.178097245    2.792526803   13.037455313   26.938476403   28.062548842
   -0.981747704    2.792526803   19.803365415   41.686550144   29.034305526
   -0.785398163    2.792526803   29.172979344   52.664734710   28.336735532
   -0.589048623    2.792526803   40.014510717   56.199218166   26.100330182
   -0.392699082    2.792526803   50.657175684   50.505637615   22.548322519
   -0.196349541    2.792526803   59.286231988   35.974850480   17.884460068
    0.000000000    2.792526803   64.375941254   15.050742277   12.290372673
    0.196349541    2.792526803   65.080504344   -7.789797172    6.000030409
    0.392699082    2.792526803   61.586935591  -26.702386633   -0.595696600
    0.589048623    2.792526803   55.245119706  -35.950489278   -6.888052933
    0.785398163    2.792526803   48.343474152  -32.182849116  -12.121749519
    0.981747704    2.792526803   43.426440220  -16.301767238  -15.612061108
    1.178097245    2.792526803   42.397415660    6.203499074  -17.018955315
    1.374446786    2.792526803   45.764548987   27.030264570  -16.513101904
    1.570796327    2.792526803   52.395136116   38.382305133  -14.694400266
    1.767145868    2.792526803   59.922280056   35.813763191  -12.318594972
    1.963495408    2.792526803   65.569568363   19.695767440   -9.985215297
    2.159844949    2.792526803   67.060497048   -5.500993240   -7.971649840
    2.356194490    2.792526803   63.259077227  -33.004887970   -6.243328448
    2.552544031    2.792526803   54.407489081  -55.862960933   -4.591977578
    2.748893572    2.792526803   41.982184054  -68.712027951   -2.807201230
    2.945243113    2.792526803   28.261802337  -68.914205356   -0.799235292
