#! FIELDS phi psi file.free der_phi der_psi
#! SET min_phi -pi
#! SET max_phi pi
#! SET nbins_phi  32
#! SET periodic_phi true
#! SET min_psi -pi
#! SET max_psi pi
#! SET nbins_psi  18
#! SET periodic_psi true
   -3.141592654   -3.141592654   19.974274571  -53.328693034   11.124159474
   -2.945243113   -3.141592654   10.802128330  -38.836110210   13.650218323
   -2.748893572   -3.141592654    5.096617626  -18.888392993   15.816736626
   -2.552544031   -3.141592654    3.343856655    0.391006397   17.563530877
   -2.356194490   -3.141592654    4.836858867   13.460074025   19.051928675
   -2.159844949   -3.141592654    8.065079859   18.045420594   20.581940909
   -1.963495408   -3.141592654   11.483981119   16.018962725   22.375534427
   -1.767145868   -3.141592654   14.227764689   12.039436921   24.350177563
   -1.570796327   -3.141592654   16.396201529   10.801740724   26.052074267
   -1.374446786   -3.141592654   18.805045165   14.593815141   26.825835758
   -1.178097245   -3.141592654   22.395842612   22.414765935   26.132763866
   -0.981747704   -3.141592654   27.656328550   30.932799376   23.822277697
   -0.785398163   -3.141592654   34.341355412   36.297609619   20.187322312
   -0.589048623   -3.141592654   41.545949401   35.940399583   15.794257867
   -0.392699082   -3.141592654   48.051376066   29.208358760   11.202630567
   -0.196349541   -3.141592654   52.690843126   17.303037367    6.742316600
    0.000000000   -3.141592654   54.674542287    2.673944358    2.452798475
    0.196349541   -3.141592654   53.790768008  -11.268482446   -1.790337525
    0.392699082   -3.141592654   50.549811281  -20.732542422   -6.041459611
    0.589048623   -3.141592654   46.162728150  -22.525894815  -10.070686347
    0.785398163   -3.141592654   42.287493929  -15.604419910  -13.334547630
    0.981747704   -3.141592654   40.483679844   -2.054710884  -15.182088460
    1.178097245   -3.141592654   41.611275144   13.334056520  -15.200168732
    1.374446786   -3.141592654   45.475324017   24.969171512  -13.472810217
    1.570796327   -3.141592654   50.911378884   28.938801820  -10.554991089
    1.767145868   -3.141592654   56.260628868   24.146979038   -7.200302873
    1.963495408   -3.141592654   59.913512587   12.043837337   -4.011427682
    2.159844949   -3.141592654   60.682474973   -4.744383064   -1.247202817
    2.356194490   -3.141592654   57.931756785  -23.325379702    1.163978256
    2.552544031   -3.141592654   51.600755880  -40.684584767    3.460904319
    2.748893572   -3.141592654   42.249917969  -53.498166243    5.865660287
    2.945243113   -3.141592654   31.110767057  -58.421692518    8.454355058

   -3.141592654   -2.792526803   25.303891462  -47.657843120   17.018747691
   -2.945243113   -2.792526803   17.145227553  -34.301465348   20.043002707
   -2.748893572   -2.792526803   12.181143347  -15.905390532   22.185704270
   -2.552544031   -2.792526803   10.868402786    1.963419918   23.396833523
   -2.356194490   -2.792526803   12.584748939   14.307606387   23.959498648
   -2.159844949   -2.792526803   15.980588427   19.037569193   24.349750134
   -1.963495408   -2.792526803   19.656262290   17.673381503   24.950152401
   -1.767145868   -2.792526803   22.778418856   14.134778054   25.784272368
   -1.570796327   -2.792526803   25.329280598   12.407622721   26.452865566
   -1.374446786   -2.792526803   27.906981930   14.524216519   26.327299143
   -1.178097245   -2.792526803   31.245141885   19.832373682   24.885073226
   -0.981747704   -2.792526803   35.737062565   25.741673155   21.984030511
   -0.785398163   -2.792526803   41.193509354   29.128576111   17.913093526
   -0.589048623   -2.792526803   46.875491480   27.776353875   13.225442214
   -0.392699082   -2.792526803   51.753614147   20.922906042    8.459441973
   -0.196349541   -2.792526803   54.795615738    9.361480054    3.925363968
    0.000000000   -2.792526803   55.260377677   -4.865376547   -0.355661906
    0.196349541   -2.792526803   52.927633022  -18.492490524   -4.517071037
    0.392699082   -2.792526803   48.306681590  -27.503355310   -8.612994614
    0.589048623   -2.792526803   42.678223183  -28.262247804  -12.409898707
    0.785398163   -2.792526803   37.851179258  -19.397655005  -15.369054801
    0.981747704   -2.792526803   35.560747882   -3.111856725  -16.858804850
    1.178097245   -2.792526803   36.770330082   15.199409322  -16.496529461
    1.374446786   -2.792526803   41.244473220   29.170901624  -14.392396395
    1.570796327   -2.792526803   47.647068063   34.386368979  -11.105742843
    1.767145868   -2.792526803   54.099454900   29.793449726   -7.363915546
    1.963495408   -2.792526803   58.828464398   17.315464897   -3.713520558
    2.159844949   -2.792526803   60.592825344    0.165490700   -0.343970841
    2.356194490   -2.792526803   58.801006977  -18.395275299    2.871366054
    2.552544031   -2.792526803   53.474300851  -35.337038197    6.177017312
    2.748893572   -2.792526803   45.227142066  -47.622330372    9.725218679
    2.945243113   -2.792526803   35.272097267  -52.326258342   13.440775948

   -3.141592654   -2.443460953   31.206474301  -41.945080859   16.335738488
   -2.945243113   -2.443460953   24.047840501  -29.935034721   18.925991710
   -2.748893572   -2.443460953   19.777519363  -13.228757621   20.608404666
   -2.552544031   -2.443460953   18.835159908    3.133920101   21.343457944
   -2.356194490   -2.443460953   20.683927146   14.615428797   21.371352135
   -2.159844949   -2.443460953   24.117082563   19.213439817   21.094129015
   -1.963495408   -2.443460953   27.847728977   18.063113886   20.843694672
   -1.767145868   -2.443460953   31.047581527   14.431833442   20.674319601
   -1.570796327   -2.443460953   33.582292146   11.788347970   20.321788551
   -1.374446786   -2.443460953   35.874196359   12.113435304   19.360955699
   -1.178097245   -2.443460953   38.522287508   15.205856150   17.461475552
   -0.981747704   -2.443460953   41.903835032   19.161672432   14.583243222
   -0.785398163   -2.443460953   45.940188483   21.413316017   10.991158288
   -0.589048623   -2.443460953   50.075082497   19.889970733    7.111866533
   -0.392699082   -2.443460953   53.447718962   13.564261886    3.311376848
   -0.196349541   -2.443460953   55.116388515    2.727323672   -0.253431040
    0.000000000   -2.443460953   54.332742294  -11.003886194   -3.663926188
    0.196349541   -2.443460953   50.814107787  -24.473009022   -7.098906328
    0.392699082   -2.443460953   45.027699991  -33.347192939  -10.621457454
    0.589048623   -2.443460953   38.305188288  -33.418115733  -13.992338544
    0.785398163   -2.443460953   32.613557361  -22.858887662  -16.660716349
    0.981747704   -2.443460953   29.891389546   -3.913007514  -17.970284497
    1.178097245   -2.443460953   31.239901212   17.408849292  -17.496215100
    1.374446786   -2.443460953   36.408938434   33.897929727  -15.294765308
    1.570796327   -2.443460953   43.899792850   40.539378786  -11.881580277
    1.767145868   -2.443460953   51.607223545   36.268443497   -7.966887413
    1.963495408   -2.443460953   57.581473299   23.468375301   -4.111283874
    2.159844949   -2.443460953   60.515029353    5.954823240   -0.540632700
    2.356194490   -2.443460953   59.850760558  -12.636357063    2.824220386
    2.552544031   -2.443460953   55.681398309  -29.270917716    6.178894264
    2.748893572   -2.443460953   48.662266675  -41.210740585    9.638986124
    2.945243113   -2.443460953   39.973623166  -45.935985502   13.118227276

   -3.141592654   -2.094395102   36.236576509  -37.357334542   11.326625283
   -2.945243113   -2.094395102   29.867778908  -26.566529496   12.880430167
   -2.748893572   -2.094395102   26.111946830  -11.385640719   13.815533091
   -2.552544031   -2.094395102   25.384303761    3.521311281   14.129923558
   -2.356194490   -2.094395102   27.199211564   13.972589195   13.951778838
   -2.159844949   -2.094395102   30.448835561   18.064381241   13.467640095
   -1.963495408   -2.094395102   33.930489715   16.687570448   12.801551165
   -1.767145868   -2.094395102   36.828524134   12.671833222   11.929327388
   -1.570796327   -2.094395102   38.941751664    9.167442128   10.700603415
   -1.374446786   -2.094395102   40.596640747    8.201600694    8.959068198
   -1.178097245   -2.094395102   42.342875307    9.977917247    6.679101236
   -0.981747704   -2.094395102   44.604106935   13.097887521    4.024862659
   -0.785398163   -2.094395102   47.430682860   15.295848730    1.285088611
   -0.589048623   -2.094395102   50.417591647   14.406933460   -1.259630059
   -0.392699082   -2.094395102   52.802246519    8.999253935   -3.479056241
   -0.196349541   -2.094395102   53.649431384   -1.144131373   -5.442536621
    0.000000000   -2.094395102   52.130300679  -14.719628854   -7.389329499
    0.196349541   -2.094395102   47.854009701  -28.529505190   -9.577955041
    0.392699082   -2.094395102   41.227419522  -37.802762022  -12.102818723
    0.589048623   -2.094395102   33.633292911  -37.688807166  -14.737534042
    0.785398163   -2.094395102   27.207052527  -25.869077893  -16.933689326
    0.981747704   -2.094395102   24.107765633   -4.592350501  -18.016614502
    1.178097245   -2.094395102   25.598261819   19.549745346  -17.509989985
    1.374446786   -2.094395102   31.442213903   38.506726390  -15.391511000
    1.570796327   -2.094395102   40.002096229   46.622906874  -12.103036388
    1.767145868   -2.094395102   48.958169201   42.740366392   -8.316792644
    1.963495408   -2.094395102   56.179231205   29.624216422   -4.610090507
    2.159844949   -2.094395102   60.274093643   11.640643272   -1.274569177
    2.356194490   -2.094395102   60.696767040   -7.205604747    1.681776281
    2.552544031   -2.094395102   57.591612885  -23.831825475    4.381681340
    2.748893572   -2.094395102   51.647814513  -35.717322059    6.922371148
    2.945243113   -2.094395102   44.024480870  -40.649862485    9.281756805

   -3.141592654   -1.745329252   39.112651801  -34.976746930    5.995068902
   -2.945243113   -1.745329252   33.135439549  -25.013581256    6.483586900
   -2.748893572   -1.745329252   29.586782053  -10.854910863    6.581200452
   -2.552544031   -1.745329252   28.859151932    3.000032523    6.284736486
   -2.356194490   -1.745329252   30.479764958   12.549418100    5.608972110
   -2.159844949   -1.745329252   33.379093011   15.952876210    4.572799575
   -1.963495408   -1.745329252   36.390585106   14.020389444    3.178238861
   -1.767145868   -1.745329252   38.711317541    9.452175330    1.415037708
   -1.570796327   -1.745329252   40.135665547    5.374433451   -0.691640833
   -1.374446786   -1.745329252   40.997762942    3.961722226   -3.021347310
   -1.178097245   -1.745329252   41.895021542    5.653730613   -5.338128483
   -0.981747704   -1.745329252   43.340186665    9.199799628   -7.344075921
   -0.785398163   -1.745329252   45.481597608   12.276395363   -8.793963948
   -0.589048623   -1.745329252   47.978364481   12.430935077   -9.598129114
   -0.392699082   -1.745329252   50.062241673    7.853532793   -9.882149372
   -0.196349541   -1.745329252   50.722068908   -2.015896032   -9.946738588
    0.000000000   -1.745329252   49.002493494  -15.999002603  -10.186331784
    0.196349541   -1.745329252   44.389618299  -30.732520676  -10.931991306
    0.392699082   -1.745329252   37.231689361  -40.960918781  -12.296905939
    0.589048623   -1.745329252   28.969485208  -41.178151448  -14.057189142
    0.785398163   -1.745329252   21.916735003  -28.548852819  -15.670392096
    0.981747704   -1.745329252   18.469608208   -5.289393211  -16.466705165
    1.178097245   -1.745329252   20.075585485   21.457946392  -15.952366113
    1.374446786   -1.745329252   26.538014968   42.786209262  -14.050245684
    1.570796327   -1.745329252   36.098527877   52.340651278  -11.122733559
    1.767145868   -1.745329252   46.226287266   48.782923555   -7.768157407
    1.963495408   -1.745329252   54.595565040   35.181496972   -4.531747079
    2.159844949   -1.745329252   59.705960483   16.416104973   -1.727352743
    2.356194490   -1.745329252   60.995675355   -3.118916061    0.577263915
    2.552544031   -1.745329252   58.644358781  -20.205533867    2.444512694
    2.748893572   -1.745329252   53.380318283  -32.412085281    3.954973350
    2.945243113   -1.745329252   46.372872588  -37.705874699    5.141921802

   -3.141592654   -1.396263402   38.961947446  -35.827470492    4.202515473
   -2.945243113   -1.396263402   32.800413582  -26.023512869    4.045256062
   -2.748893572   -1.396263402   29.046997068  -11.932973419    3.439445948
   -2.552544031   -1.396263402   28.096022185    1.773974971    2.397969201
   -2.356194490   -1.396263402   29.444083521   10.952607268    0.928422788
   -2.159844949   -1.396263402   31.970161016   13.703381368   -0.972845514
   -1.963495408   -1.396263402   34.458035296   10.918481364   -3.301009775
   -1.767145868   -1.396263402   36.086574200    5.537358514   -5.986133088
   -1.570796327   -1.396263402   36.690871541    1.029773903   -8.831921449
   -1.374446786   -1.396263402   36.712381589   -0.121767703  -11.505360669
   -1.178097245   -1.396263402   36.899180321    2.630838085  -13.609080695
   -0.981747704   -1.396263402   37.907630594    7.846296691  -14.817302809
   -0.785398163   -1.396263402   39.965631685   12.767135603  -15.008333979
   -0.589048623   -1.396263402   42.715189636   14.413155261  -14.312090483
   -0.392699082   -1.396263402   45.274176722   10.562734558  -13.079679549
   -0.196349541   -1.396263402   46.459152304    0.461387719  -11.762414423
    0.000000000   -1.396263402   45.131208669  -14.608180772  -10.797013982
    0.196349541   -1.396263402   40.640861973  -30.913921073  -10.467999777
    0.392699082   -1.396263402   33.295796752  -42.614113160  -10.813160708
    0.589048623   -1.396263402   24.620401146  -43.565502766  -11.581408788
    0.785398163   -1.396263402   17.121018868  -30.507012781  -12.300150289
    0.981747704   -1.396263402   13.427424049   -5.689917007  -12.451342871
    1.178097245   -1.396263402   15.162335772   23.203249172  -11.698067596
    1.374446786   -1.396263402   22.169160932   46.484179717  -10.026667357
    1.570796327   -1.396263402   32.584152391   57.171979398   -7.725461404
    1.767145868   -1.396263402   43.688584257   53.735543717   -5.217097102
    1.963495408   -1.396263402   52.973768072   39.452743128   -2.855354009
    2.159844949   -1.396263402   58.819660529   19.599999206   -0.823531067
    2.356194490   -1.396263402   60.620177154   -1.095322955    0.851609020
    2.552544031   -1.396263402   58.560976818  -19.225296720    2.200369732
    2.748893572   -1.396263402   53.402477242  -32.280991379    3.234462461
    2.945243113   -1.396263402   46.356466785  -38.188954481    3.919445242

   -3.141592654   -1.047197551   37.804158882  -38.537770485    4.228420983
   -2.945243113   -1.047197551   31.087314660  -28.907450587    3.564154840
   -2.748893572   -1.047197551   26.779991688  -14.651021656    2.193311997
   -2.552544031   -1.047197551   25.322142921   -0.682301434    0.190966060
   -2.356194490   -1.047197551   26.199024714    8.553755056   -2.330607880
   -2.159844949   -1.047197551   28.228411211   10.978298330   -5.271516209
   -1.963495408   -1.047197551   30.123859390    7.587902080   -8.533711082
   -1.767145868   -1.047197551   31.043524962    1.706578908  -11.940152838
   -1.570796327   -1.047197551   30.891071703   -2.714960210  -15.160003829
   -1.374446786   -1.047197551   30.257225977   -2.897315939  -17.730445537
   -1.178097245   -1.047197551   30.062258061    1.624424271  -19.198475809
   -0.981747704   -1.047197551   31.080200766    8.957687260  -19.311262400
   -0.785398163   -1.047197551   33.548159572   15.743335168  -18.140199530
   -0.589048623   -1.047197551   37.006730306   18.500285767  -16.055928509
   -0.392699082   -1.047197551   40.398366662   14.793147183  -13.603104396
   -0.196349541   -1.047197551   42.352822736    3.934050031  -11.307196922
    0.000000000   -1.047197551   41.581260757  -12.480394690   -9.535086919
    0.196349541   -1.047197551   37.361514095  -30.268826447   -8.399532614
    0.392699082   -1.047197551   30.022700546  -43.101002289   -7.763261551
    0.589048623   -1.047197551   21.199051032  -44.448810178   -7.325751946
    0.785398163   -1.047197551   13.559082036  -30.923910239   -6.772446456
    0.981747704   -1.047197551    9.887111994   -4.985230033   -5.914920514
    1.178097245   -1.047197551   11.891296969   25.223662453   -4.757818571
    1.374446786   -1.047197551   19.403213383   49.519174010   -3.450545956
    1.570796327   -1.047197551   30.465559683   60.614309546   -2.176230685
    1.767145868   -1.047197551   42.233937281   56.960941990   -1.044395380
    1.963495408   -1.047197551   52.093177507   42.016947751   -0.050297298
    2.159844949   -1.047197551   58.358188379   21.282409214    0.885177799
    2.356194490   -1.047197551   60.394957680   -0.381125740    1.839320065
    2.552544031   -1.047197551   58.377893846  -19.512908570    2.805963292
    2.748893572   -1.047197551   53.064849176  -33.557865567    3.666142636
    2.945243113   -1.047197551   45.680265765  -40.326992577    4.213332815

   -3.141592654   -0.698131701   38.278437216  -40.274609227    2.717247117
   -2.945243113   -0.698131701   31.107733064  -31.776492955    1.299531385
   -2.748893572   -0.698131701   26.139279155  -18.471510875   -0.936104254
   -2.552544031   -0.698131701   23.859391678   -5.193317897   -3.808535425
   -2.356194490   -0.698131701   23.799965457    3.552322641   -7.090734170
   -2.159844949   -0.698131701   24.809133486    5.608256408  -10.596343297
   -1.963495408   -0.698131701   25.628923445    2.054685498  -14.159583697
   -1.767145868   -0.698131701   25.483313277   -3.498902545  -17.519395255
   -1.570796327   -0.698131701   24.405316760   -6.783859678  -20.243021802
   -1.374446786   -0.698131701   23.157460698   -4.949571648  -21.805415633
   -1.178097245   -0.698131701   22.806774698    2.134969786  -21.813440010
   -0.981747704   -0.698131701   24.174328226   11.933019811  -20.229157559
   -0.785398163   -0.698131701   27.411128175   20.436772444  -17.431111681
   -0.589048623   -0.698131701   31.868936892   23.786713897  -14.061975765
   -0.392699082   -0.698131701   36.264944946   19.577510373  -10.780309048
   -0.196349541   -0.698131701   39.045260781    7.477824522   -8.016621971
    0.000000000   -0.698131701   38.827910109  -10.366515248   -5.866451666
    0.196349541   -0.698131701   34.907917913  -29.236096643   -4.114912928
    0.392699082   -0.698131701   27.721065852  -42.461209987   -2.402431621
    0.589048623   -0.698131701   19.043579807  -43.506999782   -0.463407074
    0.785398163   -0.698131701   11.653384820  -29.303652154    1.679227717
    0.981747704   -0.698131701    8.364050121   -2.767792338    3.692604594
    1.178097245   -0.698131701   10.830447495   27.623702110    5.115622618
    1.374446786   -0.698131701   18.793251857   51.641289710    5.642515532
    1.570796327   -0.698131701   30.222047653   62.204464579    5.300573354
    1.767145868   -0.698131701   42.251296952   58.052250719    4.427840615
    1.963495408   -0.698131701   52.293488742   42.829229658    3.486770996
    2.159844949   -0.698131701   58.710108485   22.043753710    2.854079255
    2.356194490   -0.698131701   60.899127756    0.403098875    2.692530381
    2.552544031   -0.698131701   59.027889585  -18.853971505    2.918502709
    2.748893572   -0.698131701   53.805781402  -33.355122174    3.249215938
    2.945243113   -0.698131701   46.384677508  -40.962073076    3.300869902

   -3.141592654   -0.349065850   38.937998193  -42.477403877    1.178982893
   -2.945243113   -0.349065850   31.183060386  -35.494767323   -0.592413404
   -2.748893572   -0.349065850   25.357475574  -23.398606178   -3.150808711
   -2.552544031   -0.349065850   22.032858494  -10.819783333   -6.267256874
   -2.356194490   -0.349065850   20.837763609   -2.328691327   -9.662086061
   -2.159844949   -0.349065850   20.691708216   -0.235522825  -13.106285591
   -1.963495408   -0.349065850   20.392240012   -3.431256431  -16.392200313
   -1.767145868   -0.349065850   19.250382765   -8.031689285  -19.207732766
   -1.570796327   -0.349065850   17.446675374   -9.486391269  -21.078934619
   -1.374446786   -0.349065850   15.917356650   -5.011279740  -21.499445156
   -1.178097245   -0.349065850   15.841327686    4.969345611  -20.200843100
   -0.981747704   -0.349065850   18.010139368   17.100369995  -17.367834752
   -0.785398163   -0.349065850   22.394535911   26.735146517  -13.619579560
   -0.589048623   -0.349065850   28.088199614   29.872790302   -9.749328239
   -0.392699082   -0.349065850   33.575684248   24.503768001   -6.390568231
   -0.196349541   -0.349065850   37.183048446   10.991662898   -3.769760531
    0.000000000   -0.349065850   37.549056559   -7.823118575   -1.662618189
    0.196349541   -0.349065850   34.101602038  -26.817521830    0.447578100
    0.392699082   -0.349065850   27.443800091  -39.398884214    3.059655880
    0.589048623   -0.349065850   19.455068166  -39.585816435    6.309039018
    0.785398163   -0.349065850   12.880971868  -25.068591466    9.782006013
    0.981747704   -0.349065850   10.370424776    0.726800104   12.644041259
    1.178097245   -0.349065850   13.367578889   29.405001905   14.058588514
    1.374446786   -0.349065850   21.477331872   51.364713867   13.650368040
    1.570796327   -0.349065850   32.680547270   60.314163564   11.697407575
    1.767145868   -0.349065850   44.255768346   55.491949607    8.957532489
    1.963495408   -0.349065850   53.810584532   40.561955333    6.276911900
    2.159844949   -0.349065850   59.863933822   20.669441550    4.251828213
    2.356194490   -0.349065850   61.881544950    0.004023644    3.085464855
    2.552544031   -0.349065850   59.998706008  -18.669433162    2.621302238
    2.748893572   -0.349065850   54.814496085  -33.283583443    2.463118943
    2.945243113   -0.349065850   47.333616126  -41.760587462    2.124111711

   -3.141592654    0.000000000   39.026477830  -45.000661913   -0.627099154
   -2.945243113    0.000000000   30.644528150  -39.318906480   -2.317496915
   -2.748893572    0.000000000   23.961461742  -28.223420783   -4.566968920
   -2.552544031    0.000000000   19.631679105  -16.146605117   -7.181472570
   -2.356194490    0.000000000   17.378696245   -7.713869354   -9.938285225
   -2.159844949    0.000000000   16.197310242   -5.341895375  -12.656511455
   -1.963495408    0.000000000   14.954333878   -7.847911938  -15.145749736
   -1.767145868    0.000000000   13.065422268  -11.089939269  -17.091304284
   -1.570796327    0.000000000   10.863109373  -10.353112297  -18.037904602
   -1.374446786    0.000000000    9.431584234   -3.099400726  -17.558296097
   -1.178097245    0.000000000   10.002199111    9.549888588  -15.523021936
   -0.981747704    0.000000000   13.261969787   23.420656319  -12.263891961
   -0.785398163    0.000000000   18.944116229   33.397511417   -8.477232472
   -0.589048623    0.000000000   25.872571148   35.625429298   -4.910123817
   -0.392699082    0.000000000   32.346280352   28.770237932   -2.016924261
   -0.196349541    0.000000000   36.663571855   14.069811280    0.228622336
    0.000000000    0.000000000   37.594484902   -4.954087933    2.292080067
    0.196349541    0.000000000   34.786245465  -23.006959856    4.814632573
    0.392699082    0.000000000   29.029698631  -34.000417789    8.233889872
    0.589048623    0.000000000   22.234830287  -32.991723575   12.434147644
    0.785398163    0.000000000   16.960605494  -18.738514286   16.646734873
    0.981747704    0.000000000   15.512510890    4.909043825   19.721029743
    1.178097245    0.000000000   19.003376182   30.116627798   20.682206759
    1.374446786    0.000000000   26.895482451   48.539910216   19.241231688
    1.570796327    0.000000000   37.284319963   55.114430817   15.926673628
    1.767145868    0.000000000   47.745481846   49.633161910   11.781075579
    1.963495408    0.000000000   56.211307567   35.522293094    7.853146481
    2.159844949    0.000000000   61.424497614   17.211550511    4.817670880
    2.356194490    0.000000000   62.923341283   -1.874921426    2.859630401
    2.552544031    0.000000000   60.783504878  -19.532844788    1.772918598
    2.748893572    0.000000000   55.461955434  -33.966843884    1.132055530
    2.945243113    0.000000000   47.795678363  -43.090712116    0.460998660

   -3.141592654    0.349065850   39.709078294  -46.054126799   -1.020124782
   -2.945243113    0.349065850   31.008510784  -41.511315000   -1.967962252
   -2.748893572    0.349065850   23.783688602  -31.501447378   -3.230567453
   -2.552544031    0.349065850   18.728530574  -20.187667566   -4.753999550
   -2.356194490    0.349065850   15.641300915  -12.095523310   -6.447406091
   -2.159844949    0.349065850   13.603637213   -9.598831602   -8.200524377
   -1.963495408    0.349065850   11.582898464  -11.403270104   -9.833274059
   -1.767145868    0.349065850    9.123020569  -13.223330161  -11.037845116
   -1.570796327    0.349065850    6.699467006  -10.380196895  -11.422704714
   -1.374446786    0.349065850    5.498247807   -0.733498955  -10.685231998
   -1.178097245    0.349065850    6.742080015   13.909381172   -8.815295732
   -0.981747704    0.349065850   10.972893189   28.746297254   -6.168815291
   -0.785398163    0.349065850   17.694094809   38.470919299   -3.322353708
   -0.589048623    0.349065850   25.520013233   39.616378862   -0.789475423
   -0.392699082    0.349065850   32.659518838   31.620305840    1.245714920
   -0.196349541    0.349065850   37.479823453   16.516620608    3.017676655
    0.000000000    0.349065850   38.946824333   -1.740079007    5.072381101
    0.196349541    0.349065850   36.931882423  -18.024289910    7.971674033
    0.392699082    0.349065850   32.351496996  -27.072181329   11.937033350
    0.589048623    0.349065850   27.034570532  -25.138148875   16.575615093
    0.785398163    0.349065850   23.234381840  -11.961130406   20.888647741
    0.981747704    0.349065850   22.833737534    8.486105491   23.633952338
    1.178097245    0.349065850   26.604127506   29.301928178   23.909331972
    1.374446786    0.349065850   33.919480780   43.664138044   21.605366397
    1.570796327    0.349065850   43.077474028   47.796021101   17.442489762
    1.767145868    0.349065850   52.031825560   41.936276098   12.584212240
    1.963495408    0.349065850   59.091031494   29.101904346    8.105343054
    2.159844949    0.349065850   63.241893582   12.871293302    4.644023502
    2.356194490    0.349065850   64.096990366   -4.146047565    2.340560651
    2.552544031    0.349065850   61.671284812  -20.296339956    0.987485319
    2.748893572    0.349065850   56.281705913  -34.043055217    0.217435779
    2.945243113    0.349065850   48.597702540  -43.326205931   -0.349957755

   -3.141592654    0.698131701   40.669123932  -45.565481554   -1.274427460
   -2.945243113    0.698131701   31.993227370  -41.790934615   -1.320247828
   -2.748893572    0.698131701   24.615800495  -32.782204379   -1.435624777
   -2.552544031    0.698131701   19.212425705  -22.421433286   -1.740625580
   -2.356194490    0.698131701   15.614254904  -15.001150096   -2.304919964
   -2.159844949    0.698131701   12.977111788  -12.708866891   -3.107812164
   -1.963495408    0.698131701   10.374283323  -14.114027011   -4.000712746
   -1.767145868    0.698131701    7.474282535  -14.894883724   -4.716326836
   -1.570796327    0.698131701    4.866386764  -10.533325568   -4.958255133
   -1.374446786    0.698131701    3.795973278    0.723172123   -4.539800588
   -1.178097245    0.698131701    5.455581743   16.580756271   -3.488113023
   -0.981747704    0.698131701   10.271552763   31.901737770   -2.034652590
   -0.785398163    0.698131701   17.599282025   41.398994577   -0.479352364
   -0.589048623    0.698131701   25.947131095   42.003620154    0.987459142
   -0.392699082    0.698131701   33.519092839   33.728943587    2.422232869
   -0.196349541    0.698131701   38.785266767   19.101908329    4.125964859
    0.000000000    0.698131701   40.880419967    2.206189352    6.523576184
    0.196349541    0.698131701   39.821499822  -12.205685131    9.917620300
    0.392699082    0.698131701   36.548286441  -19.721167525   14.227874295
    0.589048623    0.698131701   32.721911304  -17.607501879   18.835103558
    0.785398163    0.698131701   30.256101498   -6.250168229   22.683941240
    0.981747704    0.698131701   30.644662266   10.576043602   24.665547741
    1.178097245    0.698131701   34.398970166   27.040852134   24.123603311
    1.374446786    0.698131701   40.889149150   37.745343754   21.176697399
    1.570796327    0.698131701   48.663058762   39.956772592   16.651984057
    1.767145868    0.698131701   56.051780766   34.128180448   11.678952209
    1.963495408    0.698131701   61.705363690   22.767542249    7.211181577
    2.159844949    0.698131701   64.815414853    8.645027353    3.762375578
    2.356194490    0.698131701   65.047888429   -6.308960781    1.409005807
    2.552544031    0.698131701   62.365412259  -20.842659056   -0.027834010
    2.748893572    0.698131701   56.977359872  -33.591175473   -0.805198031
    2.945243113    0.698131701   49.424960917  -42.544513195   -1.156775305

   -3.141592654    1.047197551   39.360747875  -45.935559390   -4.957813823
   -2.945243113    1.047197551   30.664830434  -41.632515181   -4.757466422
   -2.748893572    1.047197551   23.354020912  -32.297936021   -4.166403084
   -2.552544031    1.047197551   18.054282505  -21.899336721   -3.410029072
   -2.356194490    1.047197551   14.538928176  -14.715191583   -2.722991798
   -2.159844949    1.047197551   11.923839217  -12.768749879   -2.252999388
   -1.963495408    1.047197551    9.284655742  -14.381110244   -2.003997250
   -1.767145868    1.047197551    6.338206291  -15.038969040   -1.859069218
   -1.570796327    1.047197551    3.742735931  -10.219655778   -1.667307057
   -1.374446786    1.047197551    2.793124323    1.637984253   -1.331628383
   -1.178097245    1.047197551    4.684306330   17.982477253   -0.838312358
   -0.981747704    1.047197551    9.802714124   33.535555766   -0.217958268
   -0.785398163    1.047197551   17.457980358   43.086750945    0.529598314
   -0.589048623    1.047197551   26.148108710   43.847576038    1.483361022
   -0.392699082    1.047197551   34.130019376   36.148939741    2.822962467
   -0.196349541    1.047197551   39.977373230   22.704532061    4.780445578
    0.000000000    1.047197551   42.937210525    7.460021583    7.559796580
    0.196349541    1.047197551   43.074169107   -5.346124463   11.184823464
    0.392699082    1.047197551   41.244194059  -12.090409950   15.351775078
    0.589048623    1.047197551   38.867699061  -10.773166784   19.370791858
    0.785398163    1.047197551   37.515574724   -2.024489427   22.310700567
    0.981747704    1.047197551   38.364165053   10.900744109   23.335048377
    1.178097245    1.047197551   41.776263472   23.310715269   22.078424939
    1.374446786    1.047197551   47.214010914   31.009810786   18.829785894
    1.570796327    1.047197551   53.510184855   31.947097275   14.393899306
    1.767145868    1.047197551   59.338936876   26.475913347    9.722508900
    1.963495408    1.047197551   63.612281908   16.460039352    5.534194724
    2.159844949    1.047197551   65.640441042    3.920651873    2.151462708
    2.356194490    1.047197551   65.083181614   -9.685548241   -0.436645905
    2.552544031    1.047197551   61.840382766  -23.227084226   -2.372616206
    2.748893572    1.047197551   56.060028031  -35.228104409   -3.766622245
    2.945243113    1.047197551   48.250238483  -43.530507371   -4.636255683

   -3.141592654    1.396263402   35.650072538  -47.094947525   -9.706019515
   -2.945243113    1.396263402   26.901122498  -41.007297849   -9.849511247
   -2.748893572    1.396263402   19.868834758  -30.166709283   -9.114711902
   -2.552544031    1.396263402   15.083648479  -18.914934557   -7.707332463
   -2.356194490    1.396263402   12.175559201  -11.630802873   -5.950799442
   -2.159844949    1.396263402   10.127708219  -10.143082045   -4.157708734
   -1.963495408    1.396263402    7.936803846  -12.455541822   -2.532661446
   -1.767145868    1.396263402    5.299615782  -13.798894046   -1.160256998
   -1.570796327    1.396263402    2.891055431   -9.531114244   -0.056035277
   -1.374446786    1.396263402    2.037157255    1.955029059    0.785720310
   -1.178097245    1.396263402    3.973895315   18.172601928    1.392054810
   -0.981747704    1.396263402    9.144871235   33.941422281    1.844116805
   -0.785398163    1.396263402   16.934279327   44.105212923    2.302867146
   -0.589048623    1.396263402   25.915988685   45.850220716    2.982400315
   -0.392699082    1.396263402   34.410038823   39.387566120    4.113751496
   -0.196349541    1.396263402   41.023751538   27.271321371    5.875860355
    0.000000000    1.396263402   45.000391320   13.200156483    8.340295738
    0.196349541    1.396263402   46.340911839    1.051709784   11.381429893
    0.392699082    1.396263402   45.757414298   -5.985884193   14.618012785
    0.589048623    1.396263402   44.449326294   -6.210059019   17.431186960
    0.785398163    1.396263402   43.744211979   -0.150781732   19.122767078
    0.981747704    1.396263402   44.644341982    9.531505557   19.174404345
    1.178097245    1.396263402   47.488999627   19.026596585   17.479278358
    1.374446786    1.396263402   51.882517114   24.868716557   14.401066310
    1.570796327    1.396263402   56.897581224   25.243019341   10.601946881
    1.767145868    1.396263402   61.438860662   20.178808230    6.751167695
    1.963495408    1.396263402   64.551211281   10.944191739    3.266889783
    2.159844949    1.396263402   65.564029549   -0.954694546    0.251788553
    2.356194490    1.396263402   64.086778160  -14.221655568   -2.402318183
    2.552544031    1.396263402   59.975239206  -27.526682624   -4.813747428
    2.748893572    1.396263402   53.392606672  -39.022616377   -6.968100735
    2.945243113    1.396263402   44.930463413  -46.272728247   -8.684190964

   -3.141592654    1.745329252   30.707444978  -49.475766094  -13.914073397
   -2.945243113    1.745329252   21.706696114  -41.140814453  -14.417413633
   -2.748893572    1.745329252   14.871312229  -28.081894080  -13.607989722
   -2.552544031    1.745329252   10.668993944  -15.194508794  -11.634941686
   -2.356194490    1.745329252    8.580239218   -7.160278846   -8.856557690
   -2.159844949    1.745329252    7.412524638   -5.773602191   -5.697322935
   -1.963495408    1.745329252    6.018429576   -8.781763797   -2.527731376
   -1.767145868    1.745329252    4.008462654  -11.109680913    0.371756753
   -1.570796327    1.745329252    2.026969776   -7.859343251    2.792445735
   -1.374446786    1.745329252    1.414796904    2.789963666    4.590316244
   -1.178097245    1.745329252    3.463040619   18.546490051    5.722008165
   -0.981747704    1.745329252    8.704628568   34.376547600    6.285512815
   -0.785398163    1.745329252   16.630337689   45.129799564    6.516498153
   -0.589048623    1.745329252   25.905895271   47.858473117    6.707940240
   -0.392699082    1.745329252   34.905702988   42.523796476    7.127833757
   -0.196349541    1.745329252   42.237456998   31.403891874    7.931858243
    0.000000000    1.745329252   47.091003415   17.907263517    9.133304037
    0.196349541    1.745329252   49.358327827    5.652481828   10.568852793
    0.392699082    1.745329252   49.598929668   -2.339528558   11.915994475
    0.589048623    1.745329252   48.845821269   -4.316537619   12.765273834
    0.785398163    1.745329252   48.298517518   -0.468509435   12.764956802
    0.981747704    1.745329252   48.920960628    7.084880733   11.770351228
    1.178097245    1.745329252   51.122339207   15.053881739    9.911377842
    1.374446786    1.745329252   54.655246198   20.213414801    7.529554363
    1.570796327    1.745329252   58.751183470   20.628955591    5.006589896
    1.767145868    1.745329252   62.420703705   15.927232826    2.598116544
    1.963495408    1.745329252   64.727509764    6.943062203    0.338303860
    2.159844949    1.745329252   64.949479559   -5.075670485   -1.914735377
    2.356194490    1.745329252   62.622905420  -18.780809673   -4.348525026
    2.552544031    1.745329252   57.570433628  -32.511411539   -7.025803169
    2.748893572    1.745329252   50.001345441  -43.968278605   -9.784486566
    2.945243113    1.745329252   40.636409868  -50.364230280  -12.240595545

   -3.141592654    2.094395102   25.269366680  -52.256278247  -15.184625187
   -2.945243113    2.094395102   15.954127245  -41.492552572  -15.935707572
   -2.748893572    2.094395102    9.303980797  -25.873675335  -15.139427922
   -2.552544031    2.094395102    5.755220626  -10.855605710  -12.839278371
   -2.356194490    2.094395102    4.664824273   -1.475974840   -9.365562661
   -2.159844949    2.094395102    4.674486981    0.397090571   -5.201228189
   -1.963495408    2.094395102    4.477485571   -2.868629567   -0.844771444
   -1.767145868    2.094395102    3.555752229   -6.017368434    3.256891455
   -1.570796327    2.094395102    2.461736397   -3.956943508    6.725884418
   -1.374446786    2.094395102    2.485874684    5.368620107    9.277535689
   -1.178097245    2.094395102    4.920833872   19.952407624   10.777002450
   -0.981747704    2.094395102   10.355767026   35.019833336   11.287586786
   -0.785398163    2.094395102   18.375824982   45.520381934   11.057973984
   -0.589048623    2.094395102   27.740297734   48.420832823   10.421956934
   -0.392699082    2.094395102   36.885667551   43.442241704    9.686399376
   -0.196349541    2.094395102   44.428550873   32.600722824    9.023772941
    0.000000000    2.094395102   49.520401739   19.071831496    8.443887286
    0.196349541    2.094395102   51.978013419    6.349590271    7.803074376
    0.392699082    2.094395102   52.274956890   -2.521000368    6.893334893
    0.589048623    2.094395102   51.380448573   -5.582988376    5.569599385
    0.785398163    2.094395102   50.484823489   -2.696480334    3.867538898
    0.981747704    2.094395102   50.607661994    4.315156271    2.024741706
    1.178097245    2.094395102   52.255303466   12.270440217    0.374252827
    1.374446786    2.094395102   55.273188976   17.788324073   -0.832880479
    1.570796327    2.094395102   58.935705753   18.620516445   -1.567153119
    1.767145868    2.094395102   62.230653202   14.051253136   -2.035024836
    1.963495408    2.094395102   64.142921695    4.716436464   -2.591600768
    2.159844949    2.094395102   63.852549216   -8.132811040   -3.597217323
    2.356194490    2.094395102   60.821420971  -22.906365498   -5.286814081
    2.552544031    2.094395102   54.864710202  -37.525405965   -7.664819227
    2.748893572    2.094395102   46.272925550  -49.225099821  -10.464747572
    2.945243113    2.094395102   35.930167161  -54.885602159  -13.178943575

   -3.141592654    2.443460953   20.234729471  -55.133014443  -10.024646673
   -2.945243113    2.443460953   10.570659982  -42.075630299  -10.083274982
   -2.748893572    2.443460953    4.064132443  -23.824110841   -8.868950797
   -2.552544031    2.443460953    1.163906032   -6.373517036   -6.395125654
   -2.356194490    2.443460953    1.145225064    4.834664871   -2.892064915
   -2.159844949    2.443460953    2.509577539    7.748248384    1.284530106
   -1.963495408    2.443460953    3.791534483    4.712589283    5.725604681
   -1.767145868    2.443460953    4.318380909    1.035847994    9.982900134
   -1.570796327    2.443460953    4.502239665    1.907000002   13.578078862
   -1.374446786    2.443460953    5.519531219    9.561788163   16.071868390
   -1.178097245    2.443460953    8.595203022   22.279658564   17.194312125
   -0.981747704    2.443460953   14.313257932   35.623097280   16.952849064
   -0.785398163    2.443460953   22.314229582   44.791688562   15.629845992
   -0.589048623    2.443460953   31.444608808   46.831718428   13.647728627
   -0.392699082    2.443460953   40.224778227   41.342806139   11.398863795
   -0.196349541    2.443460953   47.317450440   30.111349049    9.101887527
    0.000000000    2.443460953   51.874316901   16.078074987    6.776687445
    0.196349541    2.443460953   53.678760992    2.664361272    4.306267787
    0.392699082    2.443460953   53.180283569   -6.912487673    1.584734220
    0.589048623    2.443460953   51.380702895  -10.310477978   -1.321326678
    0.785398163    2.443460953   49.583174743   -7.005080529   -4.095525282
    0.981747704    2.443460953   48.971462527    1.275787410   -6.259288555
    1.178097245    2.443460953   50.193568876   11.022515281   -7.397215528
    1.374446786    2.443460953   53.139005277   18.229453219   -7.391804251
    1.570796327    2.443460953   57.000681932   20.058777548   -6.505599168
    1.767145868    2.443460953   60.594763009   15.493037101   -5.266823452
    1.963495408    2.443460953   62.712107227    5.233805252   -4.251038237
    2.159844949    2.443460953   62.379226091   -9.147932878   -3.887851245
    2.356194490    2.443460953   58.981013820  -25.615815513   -4.363124212
    2.552544031    2.443460953   52.347525739  -41.618790423   -5.598658130
    2.748893572    2.443460953   42.873483064  -53.962245613   -7.284017948
    2.945243113    2.443460953   31.620690836  -59.232086911   -8.939530158

   -3.141592654    2.792526803   18.081703214  -55.804179112    0.212609018
   -2.945243113    2.792526803    8.422774050  -41.292928357    1.456264569
   -2.748893572    2.792526803    2.238235712  -21.314825241    3.190966615
   -2.552544031    2.792526803    0.000000000   -2.170236141    5.378913280
   -2.356194490    2.792526803    0.951108399   10.443351684    7.989805732
   -2.159844949    2.792526803    3.517271913   14.288834350   11.006600655
   -1.963495408    2.792526803    6.124756792   11.556019941   14.344794037
   -1.767145868    2.792526803    7.962931097    7.411584471   17.731769491
   -1.570796327    2.792526803    9.284413726    6.985352216   20.669389717
   -1.374446786    2.792526803   11.112277701   12.649861704   22.559070084
   -1.178097245    2.792526803   14.567902694   23.046547693   22.944447400
   -0.981747704    2.792526803   20.216494192   34.207752919   21.721104045
   -0.785398163    2.792526803   27.764567995   41.689177739   19.172482095
   -0.589048623    2.792526803   36.169697682   42.637075804   15.811559021
   -0.392699082    2.792526803   44.057030873   36.487923422   12.140408802
   -0.196349541    2.792526803   50.147515650   24.763156733    8.452867887
    0.000000000    2.792526803   53.603991170   10.209075159    4.785990415
    0.196349541    2.792526803   54.203740196   -3.717721727    1.022187560
    0.392699082    2.792526803   52.423269219  -13.501532177   -2.903473553
    0.589048623    2.792526803   49.365830769  -16.375919954   -6.801120273
    0.785398163    2.792526803   46.510022626  -11.542674746  -10.172894490
    0.981747704    2.792526803   45.231030637   -0.867210158  -12.380445922
    1.178097245    2.792526803   46.295589831   11.550095223  -12.964018866
    1.374446786    2.792526803   49.570670844   20.921440736  -11.916674933
    1.570796327    2.792526803   54.087193468   23.833180238   -9.710854391
    1.767145868    2.792526803   58.428258736   19.143871369   -7.078132596
    1.963495408    2.792526803   61.171442882    7.847189729   -4.687379061
    2.159844949    2.792526803   61.210649052   -7.999696344   -2.928248562
    2.356194490    2.792526803   57.893629878  -25.899030770   -1.864548148
    2.552544031    2.792526803   51.092333970  -42.961706585   -1.317148404
    2.748893572    2.792526803   41.297432921  -55.777125817   -0.985920454
    2.945243113    2.792526803   29.699095235  -60.819228644   -0.558073171
