#! FIELDS phi psi file.free der_phi der_psi
#! SET min_phi -pi
#! SET max_phi pi
#! SET nbins_phi  32
#! SET periodic_phi true
#! SET min_psi -pi
#! SET max_psi pi
#! SET nbins_psi  18
#! SET periodic_psi true
   -3.141592654   -3.141592654   18.450178208  -54.275252379   17.531395645
   -2.945243113   -3.141592654    9.585446843  -35.287009063   20.016484100
   -2.748893572   -3.141592654    4.748577169  -14.257070806   21.497593276
   -2.552544031   -3.141592654    3.747594087    2.953994622   22.187482564
   -2.356194490   -3.141592654    5.417172610   12.620588628   22.620083350
   -2.159844949   -3.141592654    8.199214193   14.599929818   23.461729402
   -1.963495408   -3.141592654   10.858715763   12.120311732   25.211073902
   -1.767145868   -3.141592654   12.988530112   10.019791629   27.914643119
   -1.570796327   -3.141592654   15.085544009   12.254178324   31.071888561
   -1.374446786   -3.141592654   18.178406954   20.101496918   33.804989989
   -1.178097245   -3.141592654   23.237728668   31.726623263   35.207490349
   -0.981747704   -3.141592654   30.645101399   43.287229407   34.674924642
   -0.785398163   -3.141592654   39.961824024   50.469129493   32.048955310
   -0.589048623   -3.141592654   49.987065163   50.102439079   27.558810724
   -0.392699082   -3.141592654   59.072186433   40.822836028   21.656337602
   -0.196349541   -3.141592654   65.501605062   23.402887833   14.869386316
    0.000000000   -3.141592654   67.925023062    0.681173264    7.723687078
    0.196349541   -3.141592654   65.750204007  -22.474674167    0.737540111
    0.392699082   -3.141592654   59.484997110  -39.946927499   -5.559739707
    0.589048623   -3.141592654   50.827000191  -46.035503276  -10.623078986
    0.785398163   -3.141592654   42.362558876  -37.872360719  -13.969428879
    0.981747704   -3.141592654   36.795095521  -17.260191095  -15.326231938
    1.178097245   -3.141592654   35.991062597    9.265952210  -14.778071747
    1.374446786   -3.141592654   40.236784111   32.647970571  -12.780840323
    1.570796327   -3.141592654   48.084762905   44.916247596   -9.973980207
    1.767145868   -3.141592654   56.878000084   42.033982204   -6.906366985
    1.963495408   -3.141592654   63.664034957   25.044790705   -3.828186452
    2.159844949   -3.141592654   66.119061459   -0.984325089   -0.695160460
    2.356194490   -3.141592654   63.148834147  -28.992690656    2.671032299
    2.552544031   -3.141592654   55.062473669  -52.048220855    6.374707084
    2.748893572   -3.141592654   43.377701234  -64.999199991   10.314197077
    2.945243113   -3.141592654   30.366094448  -65.463475251   14.175029379

   -3.141592654   -2.792526803   26.422364531  -49.481098583   25.642402289
   -2.945243113   -2.792526803   18.278790071  -32.773104850   27.969490425
   -2.748893572   -2.792526803   13.721689685  -13.836703945   28.948667004
   -2.552544031   -2.792526803   12.662002354    2.127349048   28.925880282
   -2.356194490   -2.792526803   14.151796774   11.849883103   28.567262731
   -2.159844949   -2.792526803   16.897748675   15.190024512   28.617070845
   -1.963495408   -2.792526803   19.873978342   14.804692792   29.571746693
   -1.767145868   -2.792526803   22.724347646   14.542491331   31.410995783
   -1.570796327   -2.792526803   25.792384802   17.346118985   33.543051900
   -1.374446786   -2.792526803   29.790177598   23.908167902   35.019149964
   -1.178097245   -2.792526803   35.320996360   32.477625805   34.911718959
   -0.981747704   -2.792526803   42.477268110   39.876379425   32.664647497
   -0.785398163   -2.792526803   50.693622328   42.730745860   28.246488929
   -0.589048623   -2.792526803   58.825152555   38.738273238   22.091019225
   -0.392699082   -2.792526803   65.426140479   27.146590913   14.895971678
   -0.196349541   -2.792526803   69.072903859    9.015879738    7.422538093
    0.000000000   -2.792526803   68.733248516  -12.819288453    0.345059833
    0.196349541   -2.792526803   64.108189749  -33.733236089   -5.797533414
    0.392699082   -2.792526803   55.935102723  -47.993849984  -10.599299157
    0.589048623   -2.792526803   46.057208372  -50.370707854  -13.764107321
    0.785398163   -2.792526803   37.108097597  -38.516074344  -15.131076124
    0.981747704   -2.792526803   31.733418298  -14.777261472  -14.739325330
    1.178097245   -2.792526803   31.642553007   13.867464253  -12.885631193
    1.374446786   -2.792526803   36.904299287   38.229298390  -10.074037468
    1.570796327   -2.792526803   45.869223702   50.618200545   -6.824799091
    1.767145868   -2.792526803   55.765598246   47.581370729   -3.463272323
    1.963495408   -2.792526803   63.643732187   30.699902999   -0.007131923
    2.159844949   -2.792526803   67.258780950    5.249638669    3.736366066
    2.356194490   -2.792526803   65.594334701  -21.923900283    7.959564405
    2.552544031   -2.792526803   58.965267922  -44.358894928   12.649424951
    2.748893572   -2.792526803   48.799016641  -57.372340941   17.508713385
    2.945243113   -2.792526803   37.203818902  -58.830331873   22.024910321

   -3.141592654   -2.443460953   34.743338341  -44.947721310   22.380933497
   -2.945243113   -2.443460953   27.289428735  -30.290192892   24.190886976
   -2.748893572   -2.443460953   23.038190758  -13.111024444   24.930794326
   -2.552544031   -2.443460953   22.010195461    1.891350270   24.891492725
   -2.356194490   -2.443460953   23.444504265   11.694795654   24.553149737
   -2.159844949   -2.443460953   26.242017205   15.972692409   24.405679809
   -1.963495408   -2.443460953   29.488753182   16.745150965   24.724935562
   -1.767145868   -2.443460953   32.787997588   16.999426904   25.405082359
   -1.570796327   -2.443460953   36.282600158   18.978700324   25.950126644
   -1.374446786   -2.443460953   40.392566239   23.184712266   25.656708502
   -1.178097245   -2.443460953   45.452033830   28.285128482   23.902821489
   -0.981747704   -2.443460953   51.413260623   31.937053296   20.405861428
   -0.785398163   -2.443460953   57.747824985   31.685015802   15.322728232
   -0.589048623   -2.443460953   63.508370067   25.894964867    9.183902449
   -0.392699082   -2.443460953   67.540118046   14.098056461    2.701835916
   -0.196349541   -2.443460953   68.726512686   -2.774646039   -3.418568945
    0.000000000   -2.443460953   66.286053940  -22.288704545   -8.641493408
    0.196349541   -2.443460953   60.078151371  -40.333354846  -12.650370480
    0.392699082   -2.443460953   50.901736544  -51.618964687  -15.327893506
    0.589048623   -2.443460953   40.590416293  -51.202495988  -16.676926879
    0.785398163   -2.443460953   31.724279513  -36.900834068  -16.758225012
    0.981747704   -2.443460953   26.866586011  -11.211163474  -15.673986925
    1.178097245   -2.443460953   27.614465260   18.737078647  -13.606774763
    1.374446786   -2.443460953   33.903098221   43.724621472  -10.830082873
    1.570796327   -2.443460953   43.965049170   56.244565817   -7.638154970
    1.767145868   -2.443460953   54.966901753   53.234026235   -4.238790551
    1.963495408   -2.443460953   63.975752056   36.622053736   -0.674002294
    2.159844949   -2.443460953   68.809678399   11.786122076    3.126105911
    2.356194490   -2.443460953   68.502225403  -14.659124300    7.217879840
    2.552544031   -2.443460953   63.350484890  -36.671339454   11.511004818
    2.748893572   -2.443460953   54.681846688  -49.949167718   15.731541501
    2.945243113   -2.443460953   44.449980026  -52.511143272   19.483268160

   -3.141592654   -2.094395102   40.860898937  -41.180930620   12.850776015
   -2.945243113   -2.094395102   34.009660310  -27.932729715   13.897119079
   -2.748893572   -2.094395102   30.089565854  -12.053923838   14.451767331
   -2.552544031   -2.094395102   29.170252419    2.021990823   14.664330506
   -2.356194490   -2.094395102   30.580887205   11.405807137   14.687828223
   -2.159844949   -2.094395102   33.313945129   15.641679413   14.609363624
   -1.963495408   -2.094395102   36.493405604   16.343569330   14.382370701
   -1.767145868   -2.094395102   39.665184520   15.972263035   13.805719634
   -1.570796327   -2.094395102   42.823182606   16.418363653   12.578211310
   -1.374446786   -2.094395102   46.208150911   18.256778580   10.424882147
   -1.178097245   -2.094395102   50.036523223   20.693625838    7.231531535
   -0.981747704   -2.094395102   54.278315401   22.166670952    3.127557189
   -0.785398163   -2.094395102   58.571626957   20.904532265   -1.529690496
   -0.589048623   -2.094395102   62.234815344   15.557407316   -6.241401540
   -0.392699082   -2.094395102   64.387972794    5.489778567  -10.502992896
   -0.196349541   -2.094395102   64.120726907   -8.895446900  -13.914329608
    0.000000000   -2.094395102   60.738229418  -25.786957152  -16.286317592
    0.196349541   -2.094395102   54.072548927  -41.587200891  -17.655099579
    0.392699082   -2.094395102   44.820292035  -51.236733028  -18.226134974
    0.589048623   -2.094395102   34.698630223  -49.720627505  -18.233062286
    0.785398163   -2.094395102   26.205536833  -34.601832583  -17.799454254
    0.981747704   -2.094395102   21.872617152   -8.158590546  -16.884629866
    1.178097245   -2.094395102   23.292721229   22.529479709  -15.364778672
    1.374446786   -2.094395102   30.391498724   48.162944929  -13.168392868
    1.570796327   -2.094395102   41.374430531   61.152306297  -10.360380432
    1.767145868   -2.094395102   53.374791691   58.477593921   -7.125839966
    1.963495408   -2.094395102   63.443382471   42.168823184   -3.676695574
    2.159844949   -2.094395102   69.399088143   17.662297693   -0.198198400
    2.356194490   -2.094395102   70.275390648   -8.508835641    3.166700280
    2.552544031   -2.094395102   66.341724401  -30.476648789    6.281487163
    2.748893572   -2.094395102   58.862094226  -44.116254776    9.008806206
    2.945243113   -2.094395102   49.701447628  -47.514470393   11.223149966

   -3.141592654   -1.745329252   43.326374552  -38.859766356    4.424995250
   -2.945243113   -1.745329252   36.879785425  -26.162236004    4.868423993
   -2.748893572   -1.745329252   33.242093195  -10.972902658    5.193271559
   -2.552544031   -1.745329252   32.457388364    2.295079120    5.352033485
   -2.356194490   -1.745329252   33.836406532   10.798481908    5.193298723
   -2.159844949   -1.745329252   36.356903547   14.062675022    4.509462948
   -1.963495408   -1.745329252   39.117380620   13.618909157    3.098742767
   -1.767145868   -1.745329252   41.621601556   11.857125330    0.839989371
   -1.570796327   -1.745329252   43.819301676   10.740155554   -2.245026942
   -1.374446786   -1.745329252   45.940433401   11.109700186   -5.957313283
   -1.178097245   -1.745329252   48.258054073   12.573089054   -9.941753862
   -0.981747704   -1.745329252   50.878042456   13.937542235  -13.756656229
   -0.785398163   -1.745329252   53.630339614   13.617361634  -16.972658062
   -0.589048623   -1.745329252   56.034920384   10.159250463  -19.258490492
   -0.392699082   -1.745329252   57.365386190    2.574011403  -20.450367562
   -0.196349541   -1.745329252   56.777232051   -9.288810214  -20.574314512
    0.000000000   -1.745329252   53.526252743  -24.183838450  -19.870777301
    0.196349541   -1.745329252   47.296138807  -38.927109715  -18.740647014
    0.392699082   -1.745329252   38.585630163  -48.525114531  -17.632988376
    0.589048623   -1.745329252   28.943134284  -47.612172702  -16.862581376
    0.785398163   -1.745329252   20.796754891  -33.128525327  -16.455123103
    0.981747704   -1.745329252   16.730111368   -6.804539911  -16.122775237
    1.178097245   -1.745329252   18.462377238   24.462043468  -15.422134661
    1.374446786   -1.745329252   26.038838625   51.133718834  -13.997255850
    1.570796327   -1.745329252   37.711858321   65.164098685  -11.762191744
    1.767145868   -1.745329252   50.574827417   63.165722472   -8.922831641
    1.963495408   -1.745329252   61.589724870   47.027363286   -5.850054125
    2.159844949   -1.745329252   68.481733568   22.280894286   -2.928180739
    2.356194490   -1.745329252   70.222056212   -4.356759855   -0.432370236
    2.552544031   -1.745329252   67.053803877  -26.834408536    1.502546296
    2.748893572   -1.745329252   60.243213109  -40.935990152    2.881731749
    2.945243113   -1.745329252   51.665968514  -44.749662804    3.806279527

   -3.141592654   -1.396263402   41.607097604  -39.313370677    2.468116817
   -2.945243113   -1.396263402   35.111291766  -26.198221930    2.301261466
   -2.748893572   -1.396263402   31.503901947  -10.679265313    2.082728908
   -2.552544031   -1.396263402   30.774286398    2.455426814    1.696025526
   -2.356194490   -1.396263402   32.116503057   10.134770876    0.878501353
   -2.159844949   -1.396263402   34.366727007   11.865348384   -0.685912532
   -1.963495408   -1.396263402   36.503437630    9.418292662   -3.233464028
   -1.767145868   -1.396263402   37.981000810    5.646578407   -6.778517001
   -1.570796327   -1.396263402   38.804925130    3.103041589  -11.041989142
   -1.374446786   -1.396263402   39.373373221    3.147118720  -15.489009832
   -1.178097245   -1.396263402   40.206467502    5.643245012  -19.472400968
   -0.981747704   -1.396263402   41.671366034    9.279366764  -22.415155787
   -0.785398163   -1.396263402   43.800714855   12.009995499  -23.954633484
   -0.589048623   -1.396263402   46.205542442   11.730227138  -23.993620261
   -0.392699082   -1.396263402   48.118773147    6.806897806  -22.693039135
   -0.196349541   -1.396263402   48.540851008   -3.442216614  -20.412081070
    0.000000000   -1.396263402   46.487123618  -18.074009762  -17.664168065
    0.196349541   -1.396263402   41.368960335  -33.921856227  -15.013015296
    0.392699082   -1.396263402   33.445488838  -45.629121015  -12.935231764
    0.589048623   -1.396263402   24.135069535  -47.097207232  -11.659422730
    0.785398163   -1.396263402   15.900927665  -34.367102506  -11.073866643
    0.981747704   -1.396263402   11.523302775   -8.492559187  -10.773920330
    1.178097245   -1.396263402   12.999252092   23.745401933  -10.260428607
    1.374446786   -1.396263402   20.613141835   52.308128398   -9.170556402
    1.570796327   -1.396263402   32.716517358   68.300701819   -7.425161570
    1.767145868   -1.396263402   46.336049827   67.563246022   -5.222752369
    1.963495408   -1.396263402   58.250473633   51.595254912   -2.906910278
    2.159844949   -1.396263402   65.972135711   26.021455010   -0.821894766
    2.356194490   -1.396263402   68.314743389   -2.020905617    0.799890728
    2.552544031   -1.396263402   65.460348266  -25.938553611    1.862482572
    2.748893572   -1.396263402   58.714146876  -41.082284134    2.402746242
    2.945243113   -1.396263402   50.055191896  -45.327508997    2.548057336

   -3.141592654   -1.047197551   38.764796226  -42.080940742    4.552622983
   -2.945243113   -1.047197551   31.785906551  -28.297678753    3.443648987
   -2.748893572   -1.047197551   27.845787622  -11.994119568    2.126687321
   -2.552544031   -1.047197551   26.906216129    1.517544237    0.583351985
   -2.356194490   -1.047197551   28.036653467    8.757880299   -1.358572431
   -2.159844949   -1.047197551   29.898353580    9.152318582   -3.960642623
   -1.963495408   -1.047197551   31.323928325    4.857554154   -7.419785164
   -1.767145868   -1.047197551   31.736324098   -0.533633187  -11.674622152
   -1.570796327   -1.047197551   31.266268550   -3.672488822  -16.302029240
   -1.374446786   -1.047197551   30.567216083   -2.726151746  -20.583745369
   -1.178097245   -1.047197551   30.456259607    2.105781915  -23.735160700
   -0.981747704   -1.047197551   31.533760972    8.953442949  -25.178268382
   -0.785398163   -1.047197551   33.928384156   14.987473558  -24.722654673
   -0.589048623   -1.047197551   37.195678601   17.375425868  -22.581867108
   -0.392699082   -1.047197551   40.389738503   13.990993188  -19.276304568
   -0.196349541   -1.047197551   42.262105691    3.906533673  -15.463195555
    0.000000000   -1.047197551   41.556699669  -11.897827997  -11.784302135
    0.196349541   -1.047197551   37.449373500  -29.927057676   -8.710155512
    0.392699082   -1.047197551   30.058368755  -44.201034812   -6.444225775
    0.589048623   -1.047197551   20.803389418  -47.831632731   -4.912003771
    0.785398163   -1.047197551   12.298305668  -36.178621165   -3.850832494
    0.981747704   -1.047197551    7.572079826  -10.021109263   -2.953462451
    1.178097245   -1.047197551    8.871258136   23.600529841   -1.996475202
    1.374446786   -1.047197551   16.635009162   53.976214348   -0.883755209
    1.570796327   -1.047197551   29.222542557   71.443186751    0.372931518
    1.767145868   -1.047197551   43.535179297   71.303720129    1.702513693
    1.963495408   -1.047197551   56.158469225   54.905094270    3.010011134
    2.159844949   -1.047197551   64.418455770   28.088191202    4.184275624
    2.356194490   -1.047197551   67.008300895   -1.600318334    5.106777513
    2.552544031   -1.047197551   64.075042023  -27.118570163    5.657208705
    2.748893572   -1.047197551   56.970868719  -43.452492878    5.748509272
    2.945243113   -1.047197551   47.781175531  -48.242750471    5.359409869

   -3.141592654   -0.698131701   38.880143938  -45.476802530    4.376157002
   -2.945243113   -0.698131701   31.207385086  -31.911016508    1.929029520
   -2.748893572   -0.698131701   26.556075172  -15.610774629   -0.732212458
   -2.552544031   -0.698131701   24.899596029   -2.218681714   -3.449707258
   -2.356194490   -0.698131701   25.251257468    4.475789671   -6.261446758
   -2.159844949   -0.698131701   26.177688668    3.846997773   -9.364193278
   -1.963495408   -0.698131701   26.447786019   -1.569541831  -12.920227640
   -1.767145868   -0.698131701   25.530697832   -7.483934783  -16.803986914
   -1.570796327   -0.698131701   23.744567352   -9.876778168  -20.485332586
   -1.374446786   -0.698131701   22.024189332   -6.685942319  -23.163842233
   -1.178097245   -0.698131701   21.452280727    1.495373957  -24.109653396
   -0.981747704   -0.698131701   22.766883792   11.939711466  -23.003127436
   -0.785398163   -0.698131701   26.051806494   20.892170372  -20.077977847
   -0.589048623   -0.698131701   30.659545804   24.869033249  -16.000230951
   -0.392699082   -0.698131701   35.354823766   21.538270941  -11.602247706
   -0.196349541   -0.698131701   38.602687902   10.182145248   -7.591626851
    0.000000000   -0.698131701   38.935824356   -7.670398421   -4.362414498
    0.196349541   -0.698131701   35.447455879  -27.796715953   -1.923904189
    0.392699082   -0.698131701   28.316081509  -43.539424132    0.014885591
    0.589048623   -0.698131701   19.128378819  -47.639615420    1.830466137
    0.785398163   -0.698131701   10.693647884  -35.539288113    3.740371341
    0.981747704   -0.698131701    6.181333905   -8.461816833    5.677005217
    1.178097245   -0.698131701    7.877326858   26.027603709    7.360313000
    1.374446786   -0.698131701   16.172331819   56.872932643    8.520245208
    1.570796327   -0.698131701   29.335770942   74.334144844    9.080592984
    1.767145868   -0.698131701   44.184233205   73.817646981    9.190137900
    1.963495408   -0.698131701   57.244241823   56.804660788    9.096305233
    2.159844949   -0.698131701   65.803658203   29.215367410    8.975850189
    2.356194490   -0.698131701   68.527170092   -1.388143980    8.832683692
    2.552544031   -0.698131701   65.535171041  -27.940342495    8.499343627
    2.748893572   -0.698131701   58.164406314  -45.336545383    7.736698969
    2.945243113   -0.698131701   48.510919960  -51.043321578    6.366639267

   -3.141592654   -0.349065850   40.040019094  -50.656880563    3.452244465
   -2.945243113   -0.349065850   31.277713804  -37.709205660    0.047078448
   -2.748893572   -0.349065850   25.478984720  -21.404845240   -3.446575992
   -2.552544031   -0.349065850   22.714945818   -7.688002078   -6.753318812
   -2.356194490   -0.349065850   22.017356652   -0.790426241   -9.822765475
   -2.159844949   -0.349065850   21.901214780   -1.553801187  -12.802490620
   -1.963495408   -0.349065850   21.088391036   -7.156058875  -15.818245368
   -1.767145868   -0.349065850   19.101593146  -12.622264592  -18.698082557
   -1.570796327   -0.349065850   16.451234342  -13.297733728  -20.873980955
   -1.374446786   -0.349065850   14.339892661   -7.057582814  -21.584730829
   -1.178097245   -0.349065850   14.055827026    4.822300659  -20.292362995
   -0.981747704   -0.349065850   16.356711221   18.484776341  -17.032620855
   -0.785398163   -0.349065850   21.127573471   29.184708381  -12.469059992
   -0.589048623   -0.349065850   27.381493588   33.036238911   -7.613044466
   -0.392699082   -0.349065850   33.534529608   28.012772810   -3.399925586
   -0.196349541   -0.349065850   37.818220601   14.210521187   -0.331066426
    0.000000000   -0.349065850   38.714771433   -5.845539247    1.671181089
    0.196349541   -0.349065850   35.450407739  -27.120549899    3.164822372
    0.392699082   -0.349065850   28.451236697  -42.654222218    4.880269551
    0.589048623   -0.349065850   19.546777327  -45.538828995    7.311336862
    0.785398163   -0.349065850   11.666040752  -32.059738298   10.411469282
    0.981747704   -0.349065850    7.921828713   -4.300050752   13.588246339
    1.178097245   -0.349065850   10.413955369   29.788723929   16.030559803
    1.374446786   -0.349065850   19.335472362   59.398040341   17.168133512
    1.570796327   -0.349065850   32.851470146   75.424414559   16.950315087
    1.767145868   -0.349065850   47.800531787   73.845931672   15.797616992
    1.963495408   -0.349065850   60.808940323   56.338481973   14.296074524
    2.159844949   -0.349065850   69.260213119   28.607631569   12.874427234
    2.356194490   -0.349065850   71.847987702   -2.208183820   11.629351301
    2.552544031   -0.349065850   68.640497072  -29.399714641   10.352653703
    2.748893572   -0.349065850   60.878098742  -47.938648615    8.701936275
    2.945243113   -0.349065850   50.578243274  -55.034213300    6.412469090

   -3.141592654    0.000000000   40.919832515  -56.945886080    1.533196380
   -2.945243113    0.000000000   30.867721097  -44.409634672   -1.944659312
   -2.748893572    0.000000000   23.774087971  -27.778374857   -5.284025554
   -2.552544031    0.000000000   19.828879078  -13.310041303   -8.220727727
   -2.356194490    0.000000000   18.100984707   -5.694758191  -10.722935850
   -2.159844949    0.000000000   17.071913945   -5.977167999  -12.942823490
   -1.963495408    0.000000000   15.437168296  -11.046178233  -14.985971515
   -1.767145868    0.000000000   12.788591815  -15.305586435  -16.660244889
   -1.570796327    0.000000000    9.821260335  -13.640572488  -17.431636812
   -1.374446786    0.000000000    7.954993021   -4.115581914  -16.679581316
   -1.178097245    0.000000000    8.584210607   11.092016362  -14.112930215
   -0.981747704    0.000000000   12.358265948   26.944914778  -10.049731048
   -0.785398163    0.000000000   18.849794821   37.903415832   -5.355321194
   -0.589048623    0.000000000   26.679493096   40.094439209   -1.061403800
   -0.392699082    0.000000000   33.954927361   32.293021071    2.099195674
   -0.196349541    0.000000000   38.805633492   15.824559615    3.993973997
    0.000000000    0.000000000   39.853331720   -5.643283296    5.118037949
    0.196349541    0.000000000   36.640355422  -26.489338949    6.337302585
    0.392699082    0.000000000   29.942208677  -40.033231649    8.461462317
    0.589048623    0.000000000   21.798385900  -40.458554542   11.802873576
    0.785398163    0.000000000   15.091376853  -25.455145730   15.952810970
    0.981747704    0.000000000   12.644427954    1.955741148   19.923997978
    1.178097245    0.000000000   16.177213150   33.884286961   22.630752206
    1.374446786    0.000000000   25.611486450   60.492242028   23.419960711
    1.570796327    0.000000000   39.071001475   73.915554629   22.334953428
    1.767145868    0.000000000   53.562015842   70.915053556   19.989641796
    1.963495408    0.000000000   65.956786086   53.187418985   17.176973287
    2.159844949    0.000000000   73.824448340   25.855524544   14.493466711
    2.356194490    0.000000000   75.906206678   -4.682540935   12.137707712
    2.552544031    0.000000000   72.190517073  -32.223663224    9.946165052
    2.748893572    0.000000000   63.781955083  -51.792475384    7.585313088
    2.945243113    0.000000000   52.594697162  -60.230641232    4.789304900

   -3.141592654    0.349065850   42.625138370  -61.676900334    1.013853902
   -2.945243113    0.349065850   31.609486101  -49.399552367   -1.313733832
   -2.748893572    0.349065850   23.547378490  -32.571096395   -3.394917816
   -2.552544031    0.349065850   18.706909937  -17.601459683   -5.140795935
   -2.356194490    0.349065850   16.189752835   -9.444100372   -6.605899601
   -2.159844949    0.349065850   14.473507131   -9.215795448   -7.917563401
   -1.963495408    0.349065850   12.268290803  -13.541160892   -9.100792242
   -1.767145868    0.349065850    9.253322146  -16.401691000   -9.935694367
   -1.570796327    0.349065850    6.276633612  -12.513705538   -9.996234832
   -1.374446786    0.349065850    4.890304976   -0.348576800   -8.897616852
   -1.178097245    0.349065850    6.487292041   17.019267304   -6.595393565
   -0.981747704    0.349065850   11.529253552   33.650099019   -3.511878042
   -0.785398163    0.349065850   19.271669083   43.667302759   -0.374571501
   -0.589048623    0.349065850   28.030795706   43.666400257    2.147388541
   -0.392699082    0.349065850   35.766878565   33.478598385    3.791212502
   -0.196349541    0.349065850   40.688615349   15.606666379    4.830830869
    0.000000000    0.349065850   41.696921256   -5.506064010    5.963469072
    0.196349541    0.349065850   38.696832163  -24.201414674    7.978895982
    0.392699082    0.349065850   32.750574017  -34.606076423   11.362913402
    0.589048623    0.349065850   25.960630580  -32.293495043   15.978337790
    0.785398163    0.349065850   20.988872014  -16.336190476   21.007518570
    0.981747704    0.349065850   20.227294259    9.592181237   25.229485547
    1.178097245    0.349065850   24.942131337   38.039478128   27.544849462
    1.374446786    0.349065850   34.778781982   60.445543893   27.451286538
    1.570796327    0.349065850   47.863038709   70.361628568   25.209556058
    1.767145868    0.349065850   61.436691172   65.418841895   21.628943865
    1.963495408    0.349065850   72.697921734   47.378656701   17.641946718
    2.159844949    0.349065850   79.486442902   20.779918315   13.942776005
    2.356194490    0.349065850   80.669652847   -8.782170462   10.812665996
    2.552544031    0.349065850   76.215089903  -35.750894737    8.176536747
    2.748893572    0.349065850   67.117386960  -55.392518267    5.784890589
    2.945243113    0.349065850   55.174837020  -64.371800076    3.416793470

   -3.141592654    0.698131701   44.546043428  -63.710503873    0.789371715
   -2.945243113    0.698131701   33.111481595  -51.615839158    0.384871101
   -2.748893572    0.698131701   24.597301755  -34.937794085    0.209073111
   -2.552544031    0.698131701   19.282950762  -20.040431769    0.074211910
   -2.356194490    0.698131701   16.286035767  -11.865062555   -0.192860085
   -2.159844949    0.698131701   14.108944976  -11.443175777   -0.678835785
   -1.963495408    0.698131701   11.511470945  -15.237515493   -1.319575443
   -1.767145868    0.698131701    8.252788711  -17.108831685   -1.901521584
   -1.570796327    0.698131701    5.265886718  -11.874760317   -2.157009274
   -1.374446786    0.698131701    4.138697404    1.602092382   -1.919382366
   -1.178097245    0.698131701    6.205576516   19.721603662   -1.227986348
   -0.981747704    0.698131701   11.779307458   36.207821045   -0.301334956
   -0.785398163    0.698131701   19.942621317   45.302910016    0.622517381
   -0.589048623    0.698131701   28.909937445   44.186296275    1.473210970
   -0.392699082    0.698131701   36.680436727   33.466927066    2.453226850
   -0.196349541    0.698131701   41.643594591   16.272304688    3.978959149
    0.000000000    0.698131701   42.961671771   -2.809874327    6.519791048
    0.196349541    0.698131701   40.769903701  -18.585051380   10.355333880
    0.392699082    0.698131701   36.214082069  -26.181663649   15.361547611
    0.589048623    0.698131701   31.255951663  -22.371381465   20.901125068
    0.785398163    0.698131701   28.204289565   -7.104217932   25.926713193
    0.981747704    0.698131701   28.999173906   15.880613637   29.304810538
    1.178097245    0.698131701   34.534175577   39.974480131   30.252498431
    1.374446786    0.698131701   44.308055005   57.983118034   28.644029088
    1.570796327    0.698131701   56.566658140   64.693181055   25.020142276
    1.767145868    0.698131701   68.857916687   58.332015409   20.308704358
    1.963495408    0.698131701   78.727958570   40.529396981   15.436821718
    2.159844949    0.698131701   84.284715676   15.185316547   11.067453556
    2.356194490    0.698131701   84.520668348  -12.848161238    7.511787303
    2.552544031    0.698131701   79.396733013  -38.582760080    4.813761980
    2.748893572    0.698131701   69.820471671  -57.530713381    2.879153384
    2.945243113    0.698131701   57.484029990  -66.311193963    1.578482907

   -3.141592654    1.047197551   43.327199104  -64.103925586   -4.293180630
   -2.945243113    1.047197551   31.905579790  -51.125230541   -3.087601393
   -2.748893572    1.047197551   23.544173903  -33.933676443   -1.571832092
   -2.552544031    1.047197551   18.441956074  -18.948830607   -0.163421171
   -2.356194490    1.047197551   15.636616774  -11.048457766    0.862517333
   -2.159844949    1.047197551   13.576282966  -11.078751563    1.429457935
   -1.963495408    1.047197551   11.007846839  -15.283896779    1.619170849
   -1.767145868    1.047197551    7.713694086  -17.392135405    1.563685673
   -1.570796327    1.047197551    4.660955364  -12.249628402    1.348978587
   -1.374446786    1.047197551    3.453152462    1.140979888    0.990751832
   -1.178097245    1.047197551    5.413982680   19.082011216    0.506004825
   -0.981747704    1.047197551   10.843469602   35.395212050    0.017543884
   -0.785398163    1.047197551   18.852825827   44.627350528   -0.185045996
   -0.589048623    1.047197551   27.754793340   44.337392232    0.304774395
   -0.392699082    1.047197551   35.710175894   35.348511854    1.890699510
   -0.196349541    1.047197551   41.281201582   20.688133544    4.815117777
    0.000000000    1.047197551   43.745859749    4.447697916    9.063280109
    0.196349541    1.047197551   43.225790407   -8.968469791   14.298374648
    0.392699082    1.047197551   40.685193546  -15.565157596   19.862765399
    0.589048623    1.047197551   37.749736601  -12.743026690   24.852029405
    0.785398163    1.047197551   36.321080451   -0.506867919   28.308436594
    0.981747704    1.047197551   37.992691898   18.072810031   29.499728979
    1.178097245    1.047197551   43.499003529   37.561545884   28.181653665
    1.374446786    1.047197551   52.418790910   51.932930702   24.683004781
    1.570796327    1.047197551   63.264203638   56.641488065   19.752824766
    1.767145868    1.047197551   73.913426882   49.890151242   14.262720876
    1.963495408    1.047197551   82.184324294   32.813773846    8.927419620
    2.159844949    1.047197551   86.343202477    8.699810183    4.207907839
    2.356194490    1.047197551   85.435957236  -18.012723602    0.352702253
    2.552544031    1.047197551   79.422671892  -42.487782450   -2.485733394
    2.748893572    1.047197551   69.198853297  -60.223654652   -4.201622625
    2.945243113    1.047197551   56.450328619  -67.813405881   -4.764711417

   -3.141592654    1.396263402   38.216204520  -61.988970834  -10.030936957
   -2.945243113    1.396263402   27.410109742  -47.116023343   -8.396230692
   -2.748893572    1.396263402   19.934774062  -29.102968056   -6.323546257
   -2.552544031    1.396263402   15.773844007  -14.343030255   -4.231367680
   -2.356194490    1.396263402   13.789541954   -7.370584632   -2.378425319
   -2.159844949    1.396263402   12.334735837   -8.605291231   -0.839648826
   -1.963495408    1.396263402   10.131719348  -14.030049570    0.405948383
   -1.767145868    1.396263402    6.967001091  -17.329066981    1.351401628
   -1.570796327    1.396263402    3.809996397  -13.377111984    1.913067557
   -1.374446786    1.396263402    2.272923266   -1.046398773    2.005086541
   -1.178097245    1.396263402    3.738848546   16.343154163    1.691425594
   -0.981747704    1.396263402    8.655203740   33.098531519    1.284989707
   -0.785398163    1.396263402   16.361363802   44.041229657    1.309497959
   -0.589048623    1.396263402   25.411758422   46.584112628    2.309969608
   -0.392699082    1.396263402   34.136117560   40.953329700    4.640703931
   -0.196349541    1.396263402   41.120138141   29.356942904    8.304865438
    0.000000000    1.396263402   45.502333007   15.069300907   12.936959874
    0.196349541    1.396263402   47.122708218    1.895042190   17.859003440
    0.392699082    1.396263402   46.578673899   -6.417702852   22.215215916
    0.589048623    1.396263402   45.123840233   -7.052802138   25.150182670
    0.785398163    1.396263402   44.379930854    0.689742626   26.028401744
    0.981747704    1.396263402   45.836107724   14.776076677   24.629837698
    1.178097245    1.396263402   50.329507657   30.770544479   21.231189655
    1.374446786    1.396263402   57.698194802   43.185789965   16.497565355
    1.570796327    1.396263402   66.756261243   47.381674403   11.218593338
    1.767145868    1.396263402   75.615134323   40.998549835    6.041586088
    1.963495408    1.396263402   82.204460981   24.589261666    1.327810009
    2.159844949    1.396263402   84.816739096    1.177174390   -2.782589908
    2.356194490    1.396263402   82.513809301  -24.643917547   -6.216147091
    2.552544031    1.396263402   75.326233231  -47.702116336   -8.826631843
    2.748893572    1.396263402   64.275235941  -63.314358803  -10.405055263
    2.945243113    1.396263402   51.172282430  -68.276280662  -10.793918120

   -3.141592654    1.745329252   31.825083649  -59.941289337  -16.130099179
   -2.945243113    1.745329252   21.607334836  -43.298464727  -14.543313047
   -2.748893572    1.745329252   14.984402193  -24.392886538  -12.307072352
   -2.552544031    1.745329252   11.765440385   -9.583966062   -9.758037747
   -2.356194490    1.745329252   10.670168435   -3.148408112   -7.102186076
   -2.159844949    1.745329252    9.964486778   -5.235759629   -4.408241897
   -1.963495408    1.745329252    8.323683865  -11.705132707   -1.712787687
   -1.767145868    1.745329252    5.498871634  -16.222269053    0.853018234
   -1.570796327    1.745329252    2.432109733  -13.563561899    3.042530580
   -1.374446786    1.745329252    0.750219247   -2.254977130    4.618974043
   -1.178097245    1.745329252    1.940585861   14.912285642    5.551282878
   -0.981747704    1.745329252    6.654434845   32.683181820    6.117994161
   -0.785398163    1.745329252   14.483559444   45.879719214    6.829320034
   -0.589048623    1.745329252   24.182500942   51.402421037    8.182194859
   -0.392699082    1.745329252   34.141219493   48.597463577   10.418031744
   -0.196349541    1.745329252   42.823680287   38.774458926   13.378612839
    0.000000000    1.745329252   49.092701611   24.555364276   16.547681078
    0.196349541    1.745329252   52.424982327    9.534735084   19.187169490
    0.392699082    1.745329252   53.062104456   -2.248096910   20.554504827
    0.589048623    1.745329252   52.005858728   -7.221178829   20.128667081
    0.785398163    1.745329252   50.807744934   -3.645955849   17.796132667
    0.981747704    1.745329252   51.090400328    7.413397149   13.908236107
    1.178097245    1.745329252   53.975598957   22.034414523    9.161634681
    1.374446786    1.745329252   59.621987716   34.575114629    4.328812802
    1.570796327    1.745329252   67.076851989   39.727064975   -0.035062471
    1.767145868    1.745329252   74.535651474   34.342882700   -3.738871284
    1.963495408    1.745329252   79.884277586   18.530332287   -6.908363814
    2.159844949    1.745329252   81.334846514   -4.620491264   -9.764573389
    2.356194490    1.745329252   77.923974517  -30.058312702  -12.399227595
    2.552544031    1.745329252   69.757387648  -52.124296643  -14.655817608
    2.748893572    1.745329252   58.000636952  -65.946163626  -16.206643691
    2.945243113    1.745329252   44.604590744  -68.566742006  -16.735845065

   -3.141592654    2.094395102   25.121578096  -58.655999139  -19.065324074
   -2.945243113    2.094395102   15.304343220  -40.578126466  -17.846355023
   -2.748893572    2.094395102    9.318732802  -20.709694600  -15.793339826
   -2.552544031    2.094395102    6.882642734   -5.353037289  -13.092301101
   -2.356194490    2.094395102    6.652220237    1.400898605   -9.886570685
   -2.159844949    2.094395102    6.862327036   -0.480085304   -6.269731293
   -1.963495408    2.094395102    6.161744780   -6.934286095   -2.357723324
   -1.767145868    2.094395102    4.246371254  -11.808536856    1.622136825
   -1.570796327    2.094395102    1.975533172   -9.936186686    5.329168596
   -1.374446786    2.094395102    0.911214152    0.411369711    8.426694613
   -1.178097245    2.094395102    2.553610238   16.939188079   10.754249987
   -0.981747704    2.094395102    7.663703257   34.832644681   12.414745783
   -0.785398163    2.094395102   15.995606887   48.955387718   13.703974842
   -0.589048623    2.094395102   26.425903158   55.779658944   14.904424671
   -0.392699082    2.094395102   37.349708100   53.920888419   16.096635493
   -0.196349541    2.094395102   47.089988258   44.009973017   17.067064270
    0.000000000    2.094395102   54.263546678   28.290098466   17.378580865
    0.196349541    2.094395102   58.070529362   10.445084067   16.522185320
    0.392699082    2.094395102   58.540005193   -4.928592773   14.137147550
    0.589048623    2.094395102   56.606347707  -13.373091998   10.211170854
    0.785398163    2.094395102   53.938226980  -12.222199680    5.179394778
    0.981747704    2.094395102   52.430923763   -1.944017325   -0.166650834
    1.178097245    2.094395102   53.539307232   13.533438543   -4.953948487
    1.374446786    2.094395102   57.692286595   27.959028890   -8.570850760
    1.570796327    2.094395102   64.051900294   35.135943394  -10.891879140
    1.767145868    2.094395102   70.761134322   31.155511918  -12.255463676
    1.963495408    2.094395102   75.546836172   15.843479564  -13.235750413
    2.159844949    2.094395102   76.459990408   -7.471407009  -14.331679209
    2.356194490    2.094395102   72.459830487  -33.163624849  -15.742882150
    2.552544031    2.094395102   63.693056683  -55.014434057  -17.310361743
    2.748893572    2.094395102   51.448974659  -67.889344191  -18.642882145
    2.945243113    2.094395102   37.814367964  -68.978155356  -19.317106340

   -3.141592654    2.443460953   18.711169978  -58.113042773  -12.932984784
   -2.945243113    2.443460953    9.134709257  -38.690990914  -11.536122323
   -2.748893572    2.443460953    3.644043445  -17.592052037   -9.554329729
   -2.552544031    2.443460953    1.930501776   -1.134232001   -7.061610961
   -2.356194490    2.443460953    2.631396085    6.655394851   -4.073774479
   -2.159844949    2.443460953    3.971155558    5.750461113   -0.558119679
   -1.963495408    2.443460953    4.574945902    0.063885248    3.474456263
   -1.767145868    2.443460953    4.074706264   -4.489716857    7.847076284
   -1.570796327    2.443460953    3.222851035   -2.910186911   12.179590198
   -1.374446786    2.443460953    3.462890388    6.595500886   15.989679526
   -1.178097245    2.443460953    6.212532922   22.011849071   18.884776054
   -0.981747704    2.443460953   12.211994835   38.840757697   20.702376978
   -0.785398163    2.443460953   21.240698809   52.060227473   21.502368999
   -0.589048623    2.443460953   32.195133395   57.983522586   21.418872306
   -0.392699082    2.443460953   43.438810179   54.879998369   20.508304154
   -0.196349541    2.443460953   53.193662293   43.074366065   18.674909869
    0.000000000    2.443460953   59.936780709   24.730393867   15.737881100
    0.196349541    2.443460953   62.748126390    3.835936425   11.567010208
    0.392699082    2.443460953   61.633789737  -14.341724597    6.251895905
    0.589048623    2.443460953   57.659174040  -24.496399069    0.223474461
    0.785398163    2.443460953   52.779555091  -23.297213586   -5.761164349
    0.981747704    2.443460953   49.256939467  -11.109503296  -10.817224587
    1.178097245    2.443460953   48.864047885    7.543543505  -14.248889989
    1.374446786    2.443460953   52.178466594   25.348559364  -15.829883903
    1.570796327    2.443460953   58.295771861   35.076314566  -15.873066811
    1.767145868    2.443460953   65.129355235   32.239441172  -15.052203084
    1.963495408    2.443460953   70.125446030   16.718828499  -14.091700821
    2.159844949    2.443460953   71.117352834   -7.612612110  -13.491185881
    2.356194490    2.443460953   66.976611398  -34.401236583  -13.396301083
    2.552544031    2.443460953   57.897378489  -56.836308225  -13.629938101
    2.748893572    2.443460953   45.301371467  -69.514081260  -13.843030024
    2.945243113    2.443460953   31.425779580  -69.713476710  -13.684157523

   -3.141592654    2.792526803   15.479937037  -57.058330651    1.455277640
   -2.945243113    2.792526803    6.178954074  -36.935183909    3.577017897
   -2.748893572    2.792526803    1.112973384  -15.011645155    5.480242654
   -2.552544031    2.792526803    0.000000000    2.427548488    7.194629992
   -2.356194490    2.792526803    1.512395895   11.383785995    8.973209585
   -2.159844949    2.792526803    3.906354960   11.762481317   11.201493876
   -1.963495408    2.792526803    5.809821425    7.240288885   14.187295431
   -1.767145868    2.792526803    6.798012663    3.385928426   17.925697408
   -1.570796327    2.792526803    7.499826043    4.895415250   22.002610032
   -1.374446786    2.792526803    9.195412673   13.481535814   25.714472231
   -1.178097245    2.792526803   13.148942061   27.297109018   28.345168545
   -0.981747704    2.792526803   19.994236493   42.124169214   29.422109306
   -0.785398163    2.792526803   29.453013279   53.124491362   28.807077802
   -0.589048623    2.792526803   40.382845942   56.628807199   26.607732915
   -0.392699082    2.792526803   51.102058529   50.841696165   23.028323658
   -0.196349541    2.792526803   59.781402120   36.135253736   18.265964976
    0.000000000    2.792526803   64.878575675   14.953251545   12.515219767
    0.196349541    2.792526803   65.534895876   -8.186037073    6.042971057
    0.392699082    2.792526803   61.936574387  -27.361802888   -0.717343700
    0.589048623    2.792526803   55.448671644  -36.755171180   -7.121255141
    0.785398163    2.792526803   48.389080475  -32.957076549  -12.398644708
    0.981747704    2.792526803   43.338757489  -16.857066282  -15.875858207
    1.178097245    2.792526803   42.234627887    6.008978878  -17.242602208
    1.374446786    2.792526803   45.603261112   27.233541322  -16.702480050
    1.570796327    2.792526803   52.305711144   38.880286285  -14.875799925
    1.767145868    2.792526803   59.941884526   36.380668123  -12.516789585
    1.963495408    2.792526803   65.685313868   20.064713923  -10.204735958
    2.159844949    2.792526803   67.212732113   -5.517516274   -8.190491627
    2.356194490    2.792526803   63.367354588  -33.422497958   -6.422862883
    2.552544031    2.792526803   54.407300180  -56.509652212   -4.696462077
    2.748893572    2.792526803   41.855325124  -69.309418805   -2.822394412
    2.945243113    2.792526803   28.043954144  -69.213470265   -0.739770191
