#! FIELDS phi psi file.free der_phi der_psi
#! SET min_phi -pi
#! SET max_phi pi
#! SET nbins_phi  32
#! SET periodic_phi true
#! SET min_psi -pi
#! SET max_psi pi
#! SET nbins_psi  18
#! SET periodic_psi true
   -3.141592654   -3.141592654   19.770423203  -54.891808803   13.394849714
   -2.945243113   -3.141592654   10.528918669  -38.156122389   15.993686604
   -2.748893572   -3.141592654    5.079913448  -17.215708464   18.084953074
   -2.552544031   -3.141592654    3.643394984    1.720684533   19.669342599
   -2.356194490   -3.141592654    5.294923345   13.667998357   21.001192483
   -2.159844949   -3.141592654    8.447816405   17.128007389   22.474861483
   -1.963495408   -3.141592654   11.623830861   14.601025766   24.381689571
   -1.767145868   -3.141592654   14.111519772   10.995213019   26.661861167
   -1.570796327   -3.141592654   16.175617219   10.882053485   28.826602611
   -1.374446786   -3.141592654   18.749197674   16.221816284   30.131109323
   -1.178097245   -3.141592654   22.821950726   25.669906668   29.913301230
   -0.981747704   -3.141592654   28.867938505   35.615730613   27.895217848
   -0.785398163   -3.141592654   36.577540836   41.943372827   24.275000354
   -0.589048623   -3.141592654   44.926703942   41.786805307   19.586833126
   -0.392699082   -3.141592654   52.514189095   34.170303413   14.438632573
   -0.196349541   -3.141592654   57.936198971   20.084648672    9.281696841
    0.000000000   -3.141592654   60.151323621    2.070620023    4.315464065
    0.196349541   -3.141592654   58.754723362  -15.947760589   -0.440227476
    0.392699082   -3.141592654   54.206158293  -29.242711357   -4.958439846
    0.589048623   -3.141592654   47.880017211  -33.436606764   -9.010915184
    0.785398163   -3.141592654   41.827323137  -26.399636291  -12.126937107
    0.981747704   -3.141592654   38.161673333   -9.742662623  -13.766236308
    1.178097245   -3.141592654   38.292961871   11.157472874  -13.626623472
    1.374446786   -3.141592654   42.348866795   29.024768137  -11.866901874
    1.570796327   -3.141592654   49.088065870   37.717908775   -9.055354359
    1.767145868   -3.141592654   56.365338865   34.368418829   -5.893442437
    1.963495408   -3.141592654   61.860438072   20.027227702   -2.887806910
    2.159844949   -3.141592654   63.757816002   -1.483331937   -0.200242979
    2.356194490   -3.141592654   61.138913895  -25.106352741    2.298384118
    2.552544031   -3.141592654   54.090487317  -45.805719558    4.840170765
    2.748893572   -3.141592654   43.623594651  -59.297897629    7.580967490
    2.945243113   -3.141592654   31.475708487  -62.612980359   10.497951696

   -3.141592654   -2.792526803   26.118355699  -49.346209435   20.309696813
   -2.945243113   -2.792526803   17.838586838  -34.005384494   23.202366370
   -2.748893572   -2.792526803   13.041351780  -14.732735264   25.104361234
   -2.552544031   -2.792526803   11.949030911    2.847218155   26.064977014
   -2.356194490   -2.792526803   13.754143116   14.272555076   26.467115781
   -2.159844949   -2.792526803   17.055813617   18.184432034   26.855022256
   -1.963495408   -2.792526803   20.535679792   16.673223312   27.635080541
   -1.767145868   -2.792526803   23.516848599   13.833414395   28.804299935
   -1.570796327   -2.792526803   26.131988282   13.434226828   29.887728181
   -1.374446786   -2.792526803   29.063181186   17.087766499   30.142772648
   -1.178097245   -2.792526803   33.043849633   23.742167072   28.919172538
   -0.981747704   -2.792526803   38.401002885   30.547071818   25.964407278
   -0.785398163   -2.792526803   44.840384239   34.216414537   21.508739372
   -0.589048623   -2.792526803   51.490818654   32.407685450   16.121502245
   -0.392699082   -2.792526803   57.164361143   24.231655489   10.441728237
   -0.196349541   -2.792526803   60.650896021   10.423567272    4.953506431
    0.000000000   -2.792526803   61.037367513   -6.836772761   -0.110457987
    0.196349541   -2.792526803   57.986028386  -23.857800897   -4.691833810
    0.392699082   -2.792526803   52.002650114  -35.882904861   -8.733860784
    0.589048623   -2.792526803   44.534258453  -38.330521793  -12.017010211
    0.785398163   -2.792526803   37.741224658  -28.943331780  -14.146260307
    0.981747704   -2.792526803   33.841334488   -9.546541889  -14.722764625
    1.178097245   -2.792526803   34.270351882   13.918767786  -13.611610615
    1.374446786   -2.792526803   39.059509165   33.574737819  -11.096750757
    1.570796327   -2.792526803   46.781513227   43.011808985   -7.773862894
    1.767145868   -2.792526803   55.101284921   39.604219174   -4.263633762
    1.963495408   -2.792526803   61.592535035   24.944202614   -0.918731708
    2.159844949   -2.792526803   64.441125493    3.355467167    2.255822309
    2.356194490   -2.792526803   62.800082089  -19.922169023    5.481762163
    2.552544031   -2.792526803   56.827867808  -40.013992956    8.978537346
    2.748893572   -2.792526803   47.552394601  -53.011351771   12.785627090
    2.945243113   -2.792526803   36.649371127  -56.334033211   16.694315936

   -3.141592654   -2.443460953   33.063201738  -43.878535559   19.033218886
   -2.945243113   -2.443460953   25.717432316  -30.043649390   21.434384616
   -2.748893572   -2.443460953   21.531131096  -12.465042256   22.903138746
   -2.552544031   -2.443460953   20.741191458    3.759739502   23.475215338
   -2.356194490   -2.443460953   22.651606721   14.573596234   23.444695142
   -2.159844949   -2.443460953   26.016622174   18.631049663   23.230154980
   -1.963495408   -2.443460953   29.628417533   17.562879063   23.146611638
   -1.767145868   -2.443460953   32.798993829   14.744346684   23.202604470
   -1.570796327   -2.443460953   35.515965559   13.370932213   23.062599160
   -1.374446786   -2.443460953   38.248118467   14.972012603   22.210421871
   -1.178097245   -2.443460953   41.554948473   18.959043642   20.221622579
   -0.981747704   -2.443460953   45.715921081   23.239038999   16.983722995
   -0.785398163   -2.443460953   50.534778572   25.199606563   12.741442811
   -0.589048623   -2.443460953   55.336750654   22.789990698    7.972158446
   -0.392699082   -2.443460953   59.145253777   15.000165295    3.168403921
   -0.196349541   -2.443460953   60.908109540    2.162975123   -1.325514969
    0.000000000   -2.443460953   59.784024267  -13.957471574   -5.379160805
    0.196349541   -2.443460953   55.442296827  -29.886729455   -8.990978041
    0.392699082   -2.443460953   48.383586624  -40.770543247  -12.134900590
    0.589048623   -2.443460953   40.093254492  -41.725528747  -14.618985453
    0.785398163   -2.443460953   32.826516106  -30.267127526  -16.078914180
    0.981747704   -2.443460953   28.908248356   -8.361372929  -16.134937678
    1.178097245   -2.443460953   29.813198171   17.516689104  -14.643121469
    1.374446786   -2.443460953   35.491082305   38.879037488  -11.846965331
    1.570796327   -2.443460953   44.339409539   49.013663336   -8.293587077
    1.767145868   -2.443460953   53.837693966   45.516280913   -4.573522456
    1.963495408   -2.443460953   61.455443292   30.509984343   -1.041898847
    2.159844949   -2.443460953   65.380213985    8.815089914    2.264040966
    2.356194490   -2.443460953   64.834739088  -14.167128976    5.519245255
    2.552544031   -2.443460953   60.042132269  -33.751628561    8.899481795
    2.748893572   -2.443460953   52.035462477  -46.417770410   12.426527257
    2.945243113   -2.443460953   42.418120775  -49.949791297   15.914533641

   -3.141592654   -2.094395102   38.787971270  -39.499288203   12.875542240
   -2.945243113   -2.094395102   32.185744622  -26.923579710   14.238197629
   -2.748893572   -2.094395102   28.467866070  -10.826946751   15.008293932
   -2.552544031   -2.094395102   27.861889531    4.049290545   15.222538265
   -2.356194490   -2.094395102   29.731499946   13.957555462   15.017609981
   -2.159844949   -2.094395102   32.928235304   17.602365930   14.559405614
   -1.963495408   -2.094395102   36.318114799   16.327964743   13.937733522
   -1.767145868   -2.094395102   39.207723459   13.035441387   13.091801391
   -1.570796327   -2.094395102   41.493374657   10.575703761   11.833029504
   -1.374446786   -2.094395102   43.520929648   10.528541069    9.961527010
   -1.178097245   -2.094395102   45.779256331   12.763313130    7.404811056
   -0.981747704   -2.094395102   48.588163432   15.797407301    4.288569416
   -0.785398163   -2.094395102   51.897332320   17.438912668    0.894665646
   -0.589048623   -2.094395102   55.221719686   15.638778153   -2.452270912
   -0.392699082   -2.094395102   57.735763935    9.030691755   -5.516415230
   -0.196349541   -2.094395102   58.450753376   -2.565245810   -8.208624309
    0.000000000   -2.094395102   56.496083306  -17.754273544  -10.589084161
    0.196349541   -2.094395102   51.467657600  -33.131532765  -12.768277567
    0.392699082   -2.094395102   43.813206130  -43.572647800  -14.778400248
    0.589048623   -2.094395102   35.039601196  -43.751332113  -16.455440527
    0.785398163   -2.094395102   27.504046525  -30.854430377  -17.433584901
    0.981747704   -2.094395102   23.662894081   -6.912737382  -17.289633701
    1.178097245   -2.094395102   25.066168059   21.111589188  -15.788225835
    1.374446786   -2.094395102   31.622833306   44.107760148  -13.056414099
    1.570796327   -2.094395102   41.586406189   54.984587518   -9.552000011
    1.767145868   -2.094395102   52.262922813   51.442088763   -5.844697633
    1.963495408   -2.094395102   61.006825221   36.034262710   -2.349121045
    2.159844949   -2.094395102   65.982446539   14.034744706    0.784716330
    2.356194490   -2.094395102   66.456109824   -8.964510472    3.617609898
    2.552544031   -2.094395102   62.701094630  -28.378176132    6.257536913
    2.748893572   -2.094395102   55.761748155  -40.963691891    8.741849954
    2.945243113   -2.094395102   47.195716812  -44.777977178   10.995657285

   -3.141592654   -1.745329252   41.987080033  -37.209118829    6.552574940
   -2.945243113   -1.745329252   35.760779366  -25.436611814    6.964246177
   -2.748893572   -1.745329252   32.239778789  -10.334859585    7.003276818
   -2.552544031   -1.745329252   31.627318095    3.497690593    6.660805606
   -2.356194490   -1.745329252   33.294395421   12.474674430    5.927394174
   -2.159844949   -1.745329252   36.122474592   15.356697681    4.789317629
   -1.963495408   -1.745329252   39.005048681   13.410614101    3.222835169
   -1.767145868   -1.745329252   41.253679771    9.411355746    1.209028804
   -1.570796327   -1.745329252   42.752629648    6.184512608   -1.222049034
   -1.374446786   -1.745329252   43.847654349    5.458926552   -3.941933800
   -1.178097245   -1.745329252   45.069573966    7.359831009   -6.710069572
   -0.981747704   -1.745329252   46.828087327   10.602746198   -9.224837166
   -0.785398163   -1.745329252   49.184014032   13.009677143  -11.222772916
   -0.589048623   -1.745329252   51.744492553   12.319651160  -12.571225933
   -0.392699082   -1.745329252   53.719613472    6.844292806  -13.324281056
   -0.196349541   -1.745329252   54.092907416   -3.929538377  -13.691544132
    0.000000000   -1.745329252   51.911463242  -18.785273176  -13.976422598
    0.196349541   -1.745329252   46.675059852  -34.273694887  -14.445937745
    0.392699082   -1.745329252   38.770611491  -44.958466387  -15.204489239
    0.589048623   -1.745329252   29.725172579  -45.035780953  -16.095963785
    0.785398163   -1.745329252   22.006616967  -31.290739155  -16.716342846
    0.981747704   -1.745329252   18.228824192   -5.724807080  -16.568718226
    1.178097245   -1.745329252   20.058571566   24.271852302  -15.312642819
    1.374446786   -1.745329252   27.409310558   48.929562052  -12.954203333
    1.570796327   -1.745329252   38.418868970   60.654131949   -9.850034096
    1.767145868   -1.745329252   50.219044055   57.088064410   -6.522703000
    1.963495408   -1.745329252   60.020357700   41.097771367   -3.412563583
    2.159844949   -1.745329252   65.920270762   18.392769160   -0.747570115
    2.356194490   -1.745329252   67.192157709   -5.161916236    1.447978020
    2.552544031   -1.745329252   64.146742672  -24.928645539    3.235626800
    2.748893572   -1.745329252   57.858632386  -37.781897176    4.675122685
    2.945243113   -1.745329252   49.886438000  -41.938641726    5.783723248

   -3.141592654   -1.396263402   41.568781138  -38.005449277    4.379747153
   -2.945243113   -1.396263402   35.178963940  -26.299046735    4.135981099
   -2.748893572   -1.396263402   31.484325320  -11.260920659    3.467671555
   -2.552544031   -1.396263402   30.669596594    2.316033115    2.380489400
   -2.356194490   -1.396263402   32.054224683   10.720293640    0.849264039
   -2.159844949   -1.396263402   34.453718501   12.697688310   -1.175755471
   -1.963495408   -1.396263402   36.707695539    9.654954153   -3.729060829
   -1.767145868   -1.396263402   38.116056125    4.654491413   -6.752446846
   -1.570796327   -1.396263402   38.617839225    0.893174918  -10.031273510
   -1.374446786   -1.396263402   38.683465921    0.414343073  -13.195033860
   -1.178097245   -1.396263402   39.011779630    3.444758529  -15.803497966
   -0.981747704   -1.396263402   40.171553380    8.503637681  -17.489964341
   -0.785398163   -1.396263402   42.317986965   12.973578697  -18.088970153
   -0.589048623   -1.396263402   45.054973448   14.062300652  -17.682436770
   -0.392699082   -1.396263402   47.491121121    9.657584410  -16.573656739
   -0.196349541   -1.396263402   48.446319414   -0.976993934  -15.177711657
    0.000000000   -1.396263402   46.785185591  -16.567557221  -13.917380851
    0.196349541   -1.396263402   41.861925522  -33.359980756  -13.088417712
    0.392699082   -1.396263402   34.000034755  -45.396706026  -12.764167644
    0.589048623   -1.396263402   24.776445910  -46.275849279  -12.756110503
    0.785398163   -1.396263402   16.815721054  -32.336629705  -12.679420601
    0.981747704   -1.396263402   12.939550883   -5.535815590  -12.118952370
    1.178097245   -1.396263402   14.983298118   26.305005654  -10.832050224
    1.374446786   -1.396263402   22.913198010   52.713212110   -8.860112242
    1.570796327   -1.396263402   34.783722618   65.480953536   -6.488327069
    1.767145868   -1.396263402   47.556924785   62.012845766   -4.082002524
    1.963495408   -1.396263402   58.267379623   45.322167146   -1.908031167
    2.159844949   -1.396263402   64.889580336   21.483400099   -0.071770896
    2.356194490   -1.396263402   66.647714562   -3.296036256    1.444386689
    2.552544031   -1.396263402   63.859028525  -24.143963949    2.673910982
    2.748893572   -1.396263402   57.639525392  -37.819262169    3.608594688
    2.945243113   -1.396263402   49.604230069  -42.493847354    4.195390918

   -3.141592654   -1.047197551   39.982039292  -40.857980027    4.402241836
   -2.945243113   -1.047197551   33.018264743  -29.231479080    3.519247552
   -2.748893572   -1.047197551   28.767351520  -13.963033240    1.981308509
   -2.552544031   -1.047197551   27.449494699   -0.133818561   -0.115300681
   -2.356194490   -1.047197551   28.355156168    8.219528593   -2.683533373
   -2.159844949   -1.047197551   30.219508313    9.670166724   -5.685628000
   -1.963495408   -1.047197551   31.798192557    5.781934046   -9.093452405
   -1.767145868   -1.047197551   32.369801484    0.075697490  -12.771170539
   -1.570796327   -1.047197551   31.955721038   -3.702855426  -16.381731713
   -1.374446786   -1.047197551   31.199850048   -3.178247867  -19.411687797
   -1.178097245   -1.047197551   31.000605603    1.790418471  -21.331091034
   -0.981747704   -1.047197551   32.068256230    9.242680981  -21.807676476
   -0.785398163   -1.047197551   34.584066793   15.914564352  -20.846907325
   -0.589048623   -1.047197551   38.057542740   18.460107602  -18.781810102
   -0.392699082   -1.047197551   41.417385756   14.490721852  -16.156943392
   -0.196349541   -1.047197551   43.280375085    3.279445617  -13.535793255
    0.000000000   -1.047197551   42.336204044  -13.610945593  -11.346546967
    0.196349541   -1.047197551   37.840829331  -31.957075268   -9.757513076
    0.392699082   -1.047197551   30.121497459  -45.258462647   -8.657448566
    0.589048623   -1.047197551   20.858652623  -46.670835121   -7.745673674
    0.785398163   -1.047197551   12.842235738  -32.371760705   -6.706198258
    0.981747704   -1.047197551    9.055169997   -4.521883091   -5.376837927
    1.178097245   -1.047197551   11.423604052   28.581250587   -3.820282189
    1.374446786   -1.047197551   19.903725866   55.949882901   -2.249539933
    1.570796327   -1.047197551   32.454909727   69.057092750   -0.879731980
    1.767145868   -1.047197551   45.910411158   65.288233223    0.200203981
    1.963495408   -1.047197551   57.195725498   47.841855043    1.058368974
    2.159844949   -1.047197551   64.219138187   23.029168723    1.842349351
    2.356194490   -1.047197551   66.178749519   -2.796039031    2.667234823
    2.552544031   -1.047197551   63.384908795  -24.693361556    3.519028279
    2.748893572   -1.047197551   56.958222023  -39.362770216    4.243801063
    2.945243113   -1.047197551   48.535467972  -44.855691889    4.608589515

   -3.141592654   -0.698131701   40.255284490  -43.125166763    2.736787431
   -2.945243113   -0.698131701   32.741600758  -32.527769395    0.901283467
   -2.748893572   -0.698131701   27.764002004  -18.013966328   -1.646813681
   -2.552544031   -0.698131701   25.599233090   -4.676456988   -4.677543386
   -2.356194490   -0.698131701   25.574248581    3.285009186   -7.990045702
   -2.159844949   -0.698131701   26.428452597    4.309413467  -11.483298632
   -1.963495408   -0.698131701   26.916693486    0.073825842  -15.089037228
   -1.767145868   -0.698131701   26.366935269   -5.522360089  -18.603258566
   -1.570796327   -0.698131701   24.934155478   -8.308168264  -21.582850429
   -1.374446786   -0.698131701   23.456250022   -5.766932451  -23.432624843
   -1.178097245   -0.698131701   23.008575059    1.916735137  -23.663697807
   -0.981747704   -0.698131701   24.374887862   12.097339285  -22.157789423
   -0.785398163   -0.698131701   27.665955387   20.794191443  -19.256123360
   -0.589048623   -0.698131701   32.203301438   24.205286937  -15.618413122
   -0.392699082   -0.698131701   36.675870245   19.896101437  -11.969126865
   -0.196349541   -0.698131701   39.489806358    7.448461573   -8.833693646
    0.000000000   -0.698131701   39.210883734  -11.010447050   -6.397663102
    0.196349541   -0.698131701   35.091669022  -30.631798878   -4.488458924
    0.392699082   -0.698131701   27.567075090  -44.456061746   -2.714639063
    0.589048623   -0.698131701   18.480975643  -45.554958667   -0.720277762
    0.785398163   -0.698131701   10.760408269  -30.443243379    1.567193214
    0.981747704   -0.698131701    7.432437699   -1.841749638    3.853717042
    1.178097245   -0.698131701   10.362200941   31.505110085    5.635290327
    1.374446786   -0.698131701   19.390227989   58.512843487    6.509628496
    1.570796327   -0.698131701   32.376904220   70.897982993    6.414511254
    1.767145868   -0.698131701   46.121743829   66.423026990    5.655189237
    1.963495408   -0.698131701   57.582599892   48.547249606    4.723586587
    2.159844949   -0.698131701   64.728040858   23.605743555    4.048527410
    2.356194490   -0.698131701   66.798912028   -2.244382068    3.817565012
    2.552544031   -0.698131701   64.098896161  -24.338039981    3.923461340
    2.748893572   -0.698131701   57.693347395  -39.571564503    4.035068200
    2.945243113   -0.698131701   49.142869130  -46.002002582    3.745549230

   -3.141592654   -0.349065850   40.884185894  -46.414786841    1.081743227
   -2.945243113   -0.349065850   32.580487909  -37.212562003   -1.259356523
   -2.748893572   -0.349065850   26.585698579  -23.581437905   -4.232098787
   -2.552544031   -0.349065850   23.288204288  -10.564051279   -7.532135854
   -2.356194490   -0.349065850   22.105447703   -2.587057298  -10.902514579
   -2.159844949   -0.349065850   21.817336111   -1.443646474  -14.215338807
   -1.963495408   -0.349065850   21.199167741   -5.388703096  -17.381797116
   -1.767145868   -0.349065850   19.647580339  -10.128848497  -20.161395281
   -1.570796327   -0.349065850   17.472008143  -11.087172735  -22.070834415
   -1.374446786   -0.349065850   15.709609919   -5.757096365  -22.526549124
   -1.178097245   -0.349065850   15.575042085    5.084338176  -21.164901552
   -0.981747704   -0.349065850   17.835272149   17.867627428  -18.113482869
   -0.785398163   -0.349065850   22.411058798   27.859660848  -14.005801049
   -0.589048623   -0.349065850   28.336631740   31.041109018   -9.718224571
   -0.392699082   -0.349065850   34.029776786   25.356203484   -6.005045591
   -0.196349541   -0.349065850   37.741322566   11.128984687   -3.206775021
    0.000000000   -0.349065850   38.037975935   -8.708809936   -1.161707328
    0.196349541   -0.349065850   34.311330208  -28.755386307    0.671316350
    0.392699082   -0.349065850   27.198827244  -41.996074194    2.907864004
    0.589048623   -0.349065850   18.700942789  -42.011926401    5.852254190
    0.785398163   -0.349065850   11.761711366  -26.165875375    9.237396311
    0.981747704   -0.349065850    9.264958759    2.129535775   12.281796001
    1.178097245   -0.349065850   12.849298398   34.032660773   14.086282532
    1.374446786   -0.349065850   22.177498309   59.011349667   14.138693410
    1.570796327   -0.349065850   35.077440296   69.626090439   12.583470645
    1.767145868   -0.349065850   48.468605028   64.268235972   10.111155292
    1.963495408   -0.349065850   59.503991124   46.516793945    7.575449607
    2.159844949   -0.349065850   66.320530299   22.347747532    5.612024364
    2.356194490   -0.349065850   68.229446018   -2.675699180    4.436487875
    2.552544031   -0.349065850   65.488520738  -24.439280396    3.855643074
    2.748893572   -0.349065850   59.031721435  -40.130829590    3.415498184
    2.945243113   -0.349065850   50.264783663  -47.748903568    2.611216798

   -3.141592654    0.000000000   40.944977062  -50.107166662   -0.733168978
   -2.945243113    0.000000000   31.793374510  -42.070654227   -3.015875743
   -2.748893572    0.000000000   24.771328173  -29.074283477   -5.685654541
   -2.552544031    0.000000000   20.380942819  -16.118741484   -8.471224397
   -2.356194490    0.000000000   18.131723313   -7.858657089  -11.173955834
   -2.159844949    0.000000000   16.848739778   -6.284497166  -13.714377759
   -1.963495408    0.000000000   15.340069532   -9.550537624  -16.017518535
   -1.767145868    0.000000000   13.085386205  -12.990368190  -17.834945042
   -1.570796327    0.000000000   10.549796215  -11.735675774  -18.698887503
   -1.374446786    0.000000000    8.941462641   -3.466474068  -18.109179612
   -1.178097245    0.000000000    9.552249664   10.300881979  -15.856652361
   -0.981747704    0.000000000   13.052620281   25.056524925  -12.241295985
   -0.785398163    0.000000000   19.107722028   35.466132139   -8.004972217
   -0.589048623    0.000000000   26.441527412   37.571491649   -4.005877686
   -0.392699082    0.000000000   33.236877257   29.990135549   -0.833944099
   -0.196349541    0.000000000   37.676427530   14.009579411    1.429029944
    0.000000000    0.000000000   38.443165335   -6.590249213    3.214189743
    0.196349541    0.000000000   35.169637765  -26.040506196    5.228691090
    0.392699082    0.000000000   28.737602138  -37.686237378    8.066868305
    0.589048623    0.000000000   21.251407464  -36.131973905   11.808122286
    0.785398163    0.000000000   15.528853658  -19.951179934   15.839056630
    0.981747704    0.000000000   14.131633325    6.782080822   19.057881511
    1.178097245    0.000000000   18.342501896   35.578509719   20.418166248
    1.374446786    0.000000000   27.628123504   57.088298613   19.483855179
    1.570796327    0.000000000   39.878076651   65.174832671   16.638208756
    1.767145868    0.000000000   52.280031034   58.932950950   12.842271357
    1.963495408    0.000000000   62.309774698   41.814620801    9.135882941
    2.159844949    0.000000000   68.337968879   19.081953866    6.219799721
    2.356194490    0.000000000   69.749236542   -4.545345093    4.283222154
    2.552544031    0.000000000   66.726146302  -25.588654514    3.082670062
    2.748893572    0.000000000   60.038698553  -41.486515824    2.140422987
    2.945243113    0.000000000   50.918305092  -50.099459273    0.972056133

   -3.141592654    0.349065850   41.733154610  -52.189021962   -0.939181202
   -2.945243113    0.349065850   32.072234083  -45.133343330   -2.307661316
   -2.748893572    0.349065850   24.371929595  -32.845782243   -3.856422212
   -2.552544031    0.349065850   19.203488877  -20.204522483   -5.476131075
   -2.356194490    0.349065850   16.148277023  -11.934068327   -7.095314932
   -2.159844949    0.349065850   14.088100935  -10.075876869   -8.679322406
   -1.963495408    0.349065850   11.893741225  -12.656311696  -10.133158418
   -1.767145868    0.349065850    9.147662372  -14.764789820  -11.199599461
   -1.570796327    0.349065850    6.454865771  -11.455110297  -11.482912363
   -1.374446786    0.349065850    5.139970961   -0.748714508  -10.635280715
   -1.178097245    0.349065850    6.503310358   15.122920099   -8.597323407
   -0.981747704    0.349065850   11.074956134   30.927970665   -5.705902117
   -0.785398163    0.349065850   18.275065042   41.044512336   -2.568029572
   -0.589048623    0.349065850   26.587227353   41.849976943    0.232129803
   -0.392699082    0.349065850   34.069993540   32.751473876    2.424989391
   -0.196349541    0.349065850   38.951749195   15.925578869    4.177667584
    0.000000000    0.349065850   40.112376836   -4.266526076    6.017978014
    0.196349541    0.349065850   37.440543046  -22.068350090    8.558097110
    0.392699082    0.349065850   32.001427859  -31.557017898   12.131513118
    0.589048623    0.349065850   25.882605533  -28.567156239   16.481457689
    0.785398163    0.349065850   21.639746092  -12.826805856   20.712355789
    0.981747704    0.349065850   21.413062558   11.227912037   23.605099357
    1.178097245    0.349065850   26.101426062   35.853256038   24.193336137
    1.374446786    0.349065850   35.017658155   53.185321743   22.252880058
    1.570796327    0.349065850   46.197044843   58.496488252   18.398180001
    1.767145868    0.349065850   57.181735585   51.518895093   13.741038071
    1.963495408    0.349065850   65.833935241   35.433232553    9.361608150
    2.159844949    0.349065850   70.793842054   14.655443662    5.929131776
    2.356194490    0.349065850   71.535025286   -7.004978192    3.594488779
    2.552544031    0.349065850   68.172542680  -26.727572137    2.125946618
    2.748893572    0.349065850   61.316731214  -42.220544554    1.117114944
    2.945243113    0.349065850   52.021630512  -51.262067566    0.179195723

   -3.141592654    0.698131701   42.890079169  -52.388053831   -1.068914910
   -2.945243113    0.698131701   33.128971752  -45.966558944   -1.169332151
   -2.748893572    0.698131701   25.193222690  -34.399264326   -1.280347293
   -2.552544031    0.698131701   19.654987169  -22.387412873   -1.524534321
   -2.356194490    0.698131701   16.125199701  -14.539403497   -1.992605832
   -2.159844949    0.698131701   13.537721096  -12.775754003   -2.695087531
   -1.963495408    0.698131701   10.840872515  -14.986216684   -3.512970942
   -1.767145868    0.698131701    7.719118480  -16.168443414   -4.198706259
   -1.570796327    0.698131701    4.882025268  -11.464216666   -4.458400230
   -1.374446786    0.698131701    3.717275249    0.770505695   -4.089386690
   -1.178097245    0.698131701    5.505240815   17.831511348   -3.089230538
   -0.981747704    0.698131701   10.669546062   34.124047533   -1.653084530
   -0.785398163    0.698131701   18.483836336   44.003224372   -0.051626819
   -0.589048623    0.698131701   27.319032041   44.206958857    1.536574407
   -0.392699082    0.698131701   35.217406543   34.710196725    3.153153036
   -0.196349541    0.698131701   40.501357635   18.216727091    5.059015904
    0.000000000    0.698131701   42.221292210   -0.712922751    7.629797727
    0.196349541    0.698131701   40.428192766  -16.618611176   11.131699378
    0.392699082    0.698131701   36.239230629  -24.391761304   15.476158743
    0.589048623    0.698131701   31.603504482  -20.913364119   20.062594884
    0.785398163    0.698131701   28.752206634   -6.664524012   23.865017397
    0.981747704    0.698131701   29.427546695   13.988777579   25.795770867
    1.178097245    0.698131701   34.237636585   34.291056491   25.203996285
    1.374446786    0.698131701   42.453219090   47.811471281   22.202099644
    1.570796327    0.698131701   52.332054804   50.958112377   17.610159474
    1.767145868    0.698131701   61.787586344   43.793018393   12.557964627
    1.963495408    0.698131701   69.036229046   29.055917814    8.004574597
    2.159844949    0.698131701   72.941174959   10.334011924    4.470084294
    2.356194490    0.698131701   73.036593588   -9.315824625    2.029134575
    2.552544031    0.698131701   69.377510210  -27.546043934    0.496490995
    2.748893572    0.698131701   62.451649268  -42.232616589   -0.389123814
    2.945243113    0.698131701   53.178754182  -51.119220263   -0.854096365

   -3.141592654    1.047197551   41.526437649  -52.659354444   -5.201703670
   -2.945243113    1.047197551   31.774354400  -45.620472357   -4.633513963
   -2.748893572    1.047197551   23.944879197  -33.712296848   -3.697384806
   -2.552544031    1.047197551   18.545360494  -21.720703962   -2.690152371
   -2.356194490    1.047197551   15.117489655  -14.206857175   -1.873516584
   -2.159844949    1.047197551   12.551445139  -12.885606338   -1.381344023
   -1.963495408    1.047197551    9.800439333  -15.381659659   -1.189388314
   -1.767145868    1.047197551    6.600520371  -16.506302633   -1.164441227
   -1.570796327    1.047197551    3.731659610  -11.406194403   -1.153385552
   -1.374446786    1.047197551    2.632243056    1.378842089   -1.052051399
   -1.178097245    1.047197551    4.589819876   18.918814425   -0.811728933
   -0.981747704    1.047197551   10.000233118   35.512571795   -0.389502234
   -0.785398163    1.047197551   18.108354266   45.607380545    0.307557011
   -0.589048623    1.047197551   27.291162114   46.196288496    1.434456372
   -0.392699082    1.047197551   35.651870860   37.514761316    3.189556068
   -0.196349541    1.047197551   41.611977650   22.388619109    5.745030162
    0.000000000    1.047197551   44.318334173    5.192118360    9.177394035
    0.196349541    1.047197551   43.846959494   -9.149365121   13.351664909
    0.392699082    1.047197551   41.207061622  -16.310418928   17.821962509
    0.589048623    1.047197551   38.086897916  -13.870721732   21.818095952
    0.785398163    1.047197551   36.363773480   -2.498038203   24.415834565
    0.981747704    1.047197551   37.464564572   14.034618682   24.870290549
    1.178097245    1.047197551   41.864529074   30.169287388   22.961433444
    1.374446786    1.047197551   48.950104644   40.695732193   19.122923469
    1.570796327    1.047197551   57.285563843   42.668304249   14.251690560
    1.767145868    1.047197551   65.138201164   35.979300386    9.314077296
    1.963495408    1.047197551   70.983210415   22.661194298    4.978551899
    2.159844949    1.047197551   73.790690140    5.527163310    1.501729923
    2.356194490    1.047197551   73.076874425  -12.811869506   -1.163514113
    2.552544031    1.047197551   68.830811497  -30.076044510   -3.141444783
    2.748893572    1.047197551   61.485891542  -43.984918624   -4.489690047
    2.945243113    1.047197551   51.941236636  -52.126804895   -5.182673812

   -3.141592654    1.396263402   37.266915907  -52.709804735  -10.379561899
   -2.945243113    1.396263402   27.693352925  -43.799063097   -9.907501544
   -2.748893572    1.396263402   20.360496389  -30.599861774   -8.655487306
   -2.552544031    1.396263402   15.631088584  -18.151098190   -6.933453722
   -2.356194490    1.396263402   12.884341827  -10.946750632   -5.083366237
   -2.159844949    1.396263402   10.887360435  -10.397246963   -3.362761914
   -1.963495408    1.396263402    8.536047117  -13.799492724   -1.899663731
   -1.767145868    1.396263402    5.562898892  -15.758648040   -0.729142057
   -1.570796327    1.396263402    2.771083036  -11.342636335    0.146079729
   -1.374446786    1.396263402    1.634256051    0.973699081    0.736237654
   -1.178097245    1.396263402    3.494843050   18.403785910    1.102175164
   -0.981747704    1.396263402    8.837159798   35.431270171    1.405267814
   -0.785398163    1.396263402   17.024195585   46.586781688    1.908917725
   -0.589048623    1.396263402   26.548934298   48.767713253    2.907294126
   -0.392699082    1.396263402   35.594488403   41.927285588    4.641766301
   -0.196349541    1.396263402   42.595950162   28.533455714    7.209125320
    0.000000000    1.396263402   46.639764920   12.551201186   10.515541108
    0.196349541    1.396263402   47.658802026   -1.518797591   14.223084180
    0.392699082    1.396263402   46.438865395   -9.718417694   17.747517309
    0.589048623    1.396263402   44.393965557   -9.731723241   20.344704000
    0.785398163    1.396263402   43.150931950   -1.861395048   21.323321268
    0.981747704    1.396263402   44.007197159   10.960031598   20.317887653
    1.178097245    1.396263402   47.496658423   24.173183345   17.475624525
    1.374446786    1.396263402   53.234902883   33.227101618   13.417608508
    1.570796327    1.396263402   60.082068343   35.183299125    8.966049539
    1.767145868    1.396263402   66.540993456   29.343466823    4.803321020
    1.963495408    1.396263402   71.181308903   16.994300968    1.241183254
    2.159844949    1.396263402   72.943489895    0.475054170   -1.752386013
    2.356194490    1.396263402   71.268948546  -17.570531275   -4.360687307
    2.552544031    1.396263402   66.119070042  -34.469538367   -6.679745062
    2.748893572    1.396263402   57.985547801  -47.511012338   -8.614815185
    2.945243113    1.396263402   47.887495056  -54.126618518   -9.925101269

   -3.141592654    1.745329252   31.732323031  -53.694452143  -15.214723904
   -2.945243113    1.745329252   22.182877023  -42.578488763  -15.043951212
   -2.748893572    1.745329252   15.281568977  -27.524341938  -13.682861039
   -2.552544031    1.745329252   11.279293746  -13.964968367  -11.391615193
   -2.356194490    1.745329252    9.393535093   -6.499519467   -8.537119975
   -2.159844949    1.745329252    8.236543161   -6.384360508   -5.463949092
   -1.963495408    1.745329252    6.592738120  -10.657251560   -2.436924245
   -1.767145868    1.745329252    4.133505702  -13.682755400    0.335824136
   -1.570796327    1.745329252    1.644101240  -10.321589661    2.666268525
   -1.374446786    1.745329252    0.622603605    1.185822246    4.404741440
   -1.178097245    1.745329252    2.486085503   18.322262760    5.515611358
   -0.981747704    1.745329252    7.842276658   35.777071950    6.141407306
   -0.785398163    1.745329252   16.199463352   48.069693010    6.583946225
   -0.589048623    1.745329252   26.168668265   51.851208131    7.189272414
   -0.392699082    1.745329252   35.984405991   46.648662494    8.224651381
   -0.196349541    1.745329252   44.042854981   34.472162859    9.768235195
    0.000000000    1.745329252   49.305984980   18.863157029   11.678389833
    0.196349541    1.745329252   51.509413776    4.027973585   13.584935881
    0.392699082    1.745329252   51.203895531   -6.140972464   14.959758660
    0.589048623    1.745329252   49.588981982   -9.033783182   15.269297388
    0.785398163    1.745329252   48.173441302   -4.284124145   14.190228365
    0.981747704    1.745329252   48.289452060    6.008585316   11.781318180
    1.178097245    1.745329252   50.655413934   17.911422201    8.494726701
    1.374446786    1.745329252   55.145871167   26.968944078    4.987149432
    1.570796327    1.745329252   60.841186189   29.792215550    1.819570411
    1.767145868    1.745329252   66.342714289   24.941487641   -0.769144780
    1.963495408    1.745329252   70.180213407   13.112828382   -2.915418449
    2.159844949    1.745329252   71.177700798   -3.525812072   -4.962893417
    2.356194490    1.745329252   68.673241916  -22.033877715   -7.213377901
    2.552544031    1.745329252   62.613099650  -39.195091162   -9.709363222
    2.748893572    1.745329252   53.579173554  -51.807706477  -12.185429621
    2.945243113    1.745329252   42.751341446  -57.110895333  -14.174361067

   -3.141592654    2.094395102   25.731919439  -55.319065585  -16.984167278
   -2.945243113    2.094395102   16.087070602  -41.906061836  -17.117474481
   -2.748893572    2.094395102    9.537018827  -24.684267574  -15.821056821
   -2.552544031    2.094395102    6.264538665   -9.484304862  -13.235720981
   -2.356194490    2.094395102    5.363897275   -1.063962040   -9.690056878
   -2.159844949    2.094395102    5.314505814   -0.637805940   -5.578703870
   -1.963495408    2.094395102    4.784897660   -5.136355176   -1.283926953
   -1.767145868    2.094395102    3.350407757   -8.835076805    2.833596559
   -1.570796327    2.094395102    1.717403441   -6.493319447    6.427507001
   -1.374446786    2.094395102    1.333704617    3.850825093    9.202560002
   -1.178097245    2.094395102    3.617983511   19.994846418   11.000475568
   -0.981747704    2.094395102    9.242575739   36.929293881   11.870157373
   -0.785398163    2.094395102   17.823443543   49.277866260   12.054122414
   -0.589048623    2.094395102   28.073749340   53.548431264   11.877700623
   -0.392699082    2.094395102   38.282023760   48.921901346   11.621009065
   -0.196349541    2.094395102   46.821956341   37.020645202   11.399761749
    0.000000000    2.094395102   52.561944410   21.044501184   11.127735057
    0.196349541    2.094395102   55.091697588    5.032772018   10.529251390
    0.392699082    2.094395102   54.807973568   -7.015785704    9.259086022
    0.589048623    2.094395102   52.809578520  -12.057032907    7.096407135
    0.785398163    2.094395102   50.615059203   -9.071012180    4.131049074
    0.981747704    2.094395102   49.693586256    0.426586635    0.809811956
    1.178097245    2.094395102   50.981922991   12.704759174   -2.224393949
    1.374446786    2.094395102   54.561639972   22.988383075   -4.433011948
    1.570796327    2.094395102   59.616937394   27.222135032   -5.645533573
    1.767145868    2.094395102   64.714228896   23.263157236   -6.124770437
    1.963495408    2.094395102   68.236743943   11.429363034   -6.427031608
    2.159844949    2.094395102   68.832774833   -6.035442266   -7.129760846
    2.356194490    2.094395102   65.721253962  -25.707134379   -8.581918487
    2.552544031    2.094395102   58.845497815  -43.723832276  -10.759938364
    2.748893572    2.094395102   48.903550832  -56.352717135  -13.285852523
    2.945243113    2.094395102   37.266844291  -60.627245281  -15.563576745

   -3.141592654    2.443460953   20.089284061  -57.223978082  -11.262445609
   -2.945243113    2.443460953   10.280961102  -41.616768268  -10.858552057
   -2.748893572    2.443460953    4.018061823  -22.072980572   -9.308422946
   -2.552544031    2.443460953    1.467264680   -4.818653663   -6.682570585
   -2.356194490    2.443460953    1.644839131    5.156138537   -3.183919150
   -2.159844949    2.443460953    2.922022917    6.554072467    0.929230681
   -1.963495408    2.443460953    3.850392564    2.418714271    5.365556232
   -1.767145868    2.443460953    3.883167906   -1.554512136    9.763917239
   -1.570796327    2.443460953    3.599906345   -0.130083965   13.674394884
   -1.374446786    2.443460953    4.330159844    8.760476538   16.628788191
   -1.178097245    2.443460953    7.410456278   23.171697157   18.292014844
   -0.981747704    2.443460953   13.491251625   38.431955567   18.594970679
   -0.785398163    2.443460953   22.228578810   49.428112842   17.749969713
   -0.589048623    2.443460953   32.410417126   52.758758939   16.128001505
   -0.392699082    2.443460953   42.397842155   47.482146739   14.092920938
   -0.196349541    2.443460953   50.596480949   34.962077679   11.850826633
    0.000000000    2.443460953   55.852255451   18.108220897    9.406542235
    0.196349541    2.443460953   57.688121001    0.842348407    6.607410314
    0.392699082    2.443460953   56.440835400  -12.631636724    3.296687367
    0.589048623    2.443460953   53.224240033  -18.731110290   -0.482659964
    0.785398163    2.443460953   49.692163039  -15.809687269   -4.359545052
    0.981747704    2.443460953   47.547694522   -5.070445662   -7.700604459
    1.178097245    2.443460953   47.967766334    9.483209902   -9.874070409
    1.374446786    2.443460953   51.166118070   22.290825874  -10.571967095
    1.570796327    2.443460953   56.284971856   28.397208503   -9.977248339
    1.767145868    2.443460953   61.696024115   25.056980632   -8.678789060
    1.963495408    2.443460953   65.521089568   12.525062725   -7.409227425
    2.159844949    2.443460953   66.184439139   -6.540933501   -6.757313624
    2.356194490    2.443460953   62.791757308  -28.040609944   -6.986840198
    2.552544031    2.443460953   55.310211078  -47.435811573   -7.995712018
    2.748893572    2.443460953   44.577158069  -60.515559440   -9.395707981
    2.945243113    2.443460953   32.168916569  -64.140581882  -10.655499105

   -3.141592654    2.792526803   17.452134876  -57.476511232    0.693727511
   -2.945243113    2.792526803    7.728390642  -40.461257715    2.252309478
   -2.748893572    2.792526803    1.850050914  -19.307280924    4.140754583
   -2.552544031    2.792526803    0.000000000   -0.471375706    6.322261136
   -2.356194490    2.792526803    1.171199158   10.881403973    8.835893747
   -2.159844949    2.792526803    3.680786388   13.311248779   11.774555130
   -1.963495408    2.792526803    5.996930592    9.695412247   15.160637782
   -1.767145868    2.792526803    7.453033884    5.532777697   18.785741140
   -1.570796327    2.792526803    8.473974059    5.924034428   22.152323650
   -1.374446786    2.792526803   10.225928003   13.003256640   24.599669134
   -1.178097245    2.792526803   13.919617776   25.135110175   25.566766612
   -0.981747704    2.792526803   20.156888952   38.094388580   24.830737658
   -0.785398163    2.792526803   28.628575029   47.132740680   22.574144479
   -0.589048623    2.792526803   38.207728666   48.992539168   19.252831118
   -0.392699082    2.792526803   47.344940490   42.629576860   15.370739929
   -0.196349541    2.792526803   54.499899253   29.191236242   11.276687845
    0.000000000    2.792526803   58.531883686   11.407430184    7.089425993
    0.196349541    2.792526803   58.960641069   -6.767596475    2.762210835
    0.392699082    2.792526803   56.153943039  -20.807328416   -1.733056401
    0.589048623    2.792526803   51.341194551  -26.627475175   -6.196591155
    0.785398163    2.792526803   46.384709904  -22.200452783  -10.121631229
    0.981747704    2.792526803   43.230449435   -8.799525619  -12.839938977
    1.178097245    2.792526803   43.229368956    8.945023346  -13.843418942
    1.374446786    2.792526803   46.609677626   24.547040055  -13.082098808
    1.570796327    2.792526803   52.354327204   32.284826990  -11.015050757
    1.767145868    2.792526803   58.570318847   29.141877292   -8.396095630
    1.963495408    2.792526803   63.116230726   15.634326718   -5.935124821
    2.159844949    2.792526803   64.239920883   -5.005135611   -4.052434896
    2.356194490    2.792526803   60.990578182  -28.070008875   -2.811635874
    2.552544031    2.792526803   53.384496491  -48.571239071   -2.010342200
    2.748893572    2.792526803   42.375744958  -62.062392371   -1.332104644
    2.945243113    2.792526803   29.684527136  -65.359613955   -0.488539805
