#! FIELDS phi psi file.free der_phi der_psi
#! SET min_phi -pi
#! SET max_phi pi
#! SET nbins_phi  32
#! SET periodic_phi true
#! SET min_psi -pi
#! SET max_psi pi
#! SET nbins_psi  18
#! SET periodic_psi true
   -3.141592654   -3.141592654   18.944096077  -55.064416445   16.524932508
   -2.945243113   -3.141592654    9.878090568  -36.444137080   18.999412996
   -2.748893572   -3.141592654    4.823805869  -15.216960297   20.600878179
   -2.552544031   -3.141592654    3.685457985    2.557323589   21.485291283
   -2.356194490   -3.141592654    5.334508309   12.783616856   22.122777710
   -2.159844949   -3.141592654    8.178101774   14.997754500   23.124434638
   -1.963495408   -3.141592654   10.901675329   12.310916938   24.943745211
   -1.767145868   -3.141592654   13.019274805    9.672077467   27.592097012
   -1.570796327   -3.141592654   14.985027557   11.278252926   30.550005997
   -1.374446786   -3.141592654   17.832605840   18.619625544   32.949385960
   -1.178097245   -3.141592654   22.567788139   29.952619985   33.935661721
   -0.981747704   -3.141592654   29.613120746   41.406651779   32.995397523
   -0.785398163   -3.141592654   38.560676117   48.617136140   30.082472434
   -0.589048623   -3.141592654   48.236054770   48.427970644   25.526150830
   -0.392699082   -3.141592654   57.028459232   39.571531154   19.827327929
   -0.196349541   -3.141592654   63.280748827   22.917534390   13.483817609
    0.000000000   -3.141592654   65.711440670    1.293978137    6.909458857
    0.196349541   -3.141592654   63.779424964  -20.603107784    0.459548539
    0.392699082   -3.141592654   57.995253696  -36.964550941   -5.490654331
    0.589048623   -3.141592654   49.993320292  -42.436942475  -10.477133429
    0.785398163   -3.141592654   42.235068005  -34.406921979  -13.988848467
    0.981747704   -3.141592654   37.268255126  -14.722578887  -15.628071667
    1.178097245   -3.141592654   36.821953316   10.320510623  -15.316144708
    1.374446786   -3.141592654   41.118164819   32.152316415  -13.385244074
    1.570796327   -3.141592654   48.752115612   43.362085737  -10.446569529
    1.767145868   -3.141592654   57.205265236   40.285441940   -7.124888635
    1.963495408   -3.141592654   63.700580051   23.955318688   -3.804977798
    2.159844949   -3.141592654   66.046903084   -0.973932392   -0.568240012
    2.356194490   -3.141592654   63.178483041  -28.035702163    2.706378024
    2.552544031   -3.141592654   55.323776725  -50.767678232    6.152318432
    2.748893572   -3.141592654   43.860705853  -64.122310775    9.762207595
    2.945243113   -3.141592654   30.940498538  -65.439217415   13.333513814

   -3.141592654   -2.792526803   26.555990898  -50.023782901   24.303487460
   -2.945243113   -2.792526803   18.282876358  -33.464579022   26.808645401
   -2.748893572   -2.792526803   13.611079262  -14.239478742   28.053225493
   -2.552544031   -2.792526803   12.522003072    2.253703696   28.305917147
   -2.356194490   -2.792526803   14.082828123   12.410300137   28.170457854
   -2.159844949   -2.792526803   16.950663601   15.796066593   28.354803827
   -1.963495408   -2.792526803   20.009117286   14.964141893   29.337930126
   -1.767145868   -2.792526803   22.814355570   13.886829533   31.092235996
   -1.570796327   -2.792526803   25.663347010   15.789298673   33.030427026
   -1.374446786   -2.792526803   29.281149855   21.657109164   34.230570707
   -1.178097245   -2.792526803   34.332062197   29.921566188   33.827544290
   -0.981747704   -2.792526803   40.990524310   37.434423288   31.356726278
   -0.785398163   -2.792526803   48.767344717   40.752598644   26.882477757
   -0.589048623   -2.792526803   56.577026432   37.480153533   20.900034260
   -0.392699082   -2.792526803   63.016795753   26.793019941   14.099541126
   -0.196349541   -2.792526803   66.692037683    9.676566151    7.153250562
    0.000000000   -2.792526803   66.581586192  -11.151875476    0.584865125
    0.196349541   -2.792526803   62.369788687  -31.226730719   -5.230136813
    0.392699082   -2.792526803   54.744076029  -44.984707671   -9.998582163
    0.589048623   -2.792526803   45.468319804  -47.323361094  -13.435704968
    0.785398163   -2.792526803   37.078750230  -35.939281443  -15.279467512
    0.981747704   -2.792526803   32.125391855  -13.118258094  -15.392704390
    1.178097245   -2.792526803   32.246622422   14.355246216  -13.895689506
    1.374446786   -2.792526803   37.490592062   37.606883922  -11.193619859
    1.570796327   -2.792526803   46.254307614   49.289135507   -7.825430731
    1.767145868   -2.792526803   55.870492313   46.172102449   -4.236468030
    1.963495408   -2.792526803   63.514441150   29.810111557   -0.598324621
    2.159844949   -2.792526803   67.033598968    5.180999949    3.169626117
    2.356194490   -2.792526803   65.429121181  -21.295354420    7.240075491
    2.552544031   -2.792526803   58.955215113  -43.493983562   11.669811885
    2.748893572   -2.792526803   48.937036120  -56.797390271   16.278325992
    2.945243113   -2.792526803   37.397646288  -58.850408857   20.657716877

   -3.141592654   -2.443460953   34.547328508  -45.127022899   21.622187962
   -2.945243113   -2.443460953   27.049656086  -30.493932552   23.657242162
   -2.748893572   -2.443460953   22.780894141  -13.033220004   24.648729781
   -2.552544031   -2.443460953   21.808749111    2.392376022   24.822572726
   -2.356194490   -2.443460953   23.373246715   12.480136957   24.620824694
   -2.159844949   -2.443460953   26.321465504   16.648469257   24.527451635
   -1.963495408   -2.443460953   29.649575176   16.827541786   24.831454760
   -1.767145868   -2.443460953   32.875024545   16.131992592   25.444606310
   -1.570796327   -2.443460953   36.098288609   17.108989753   25.889010610
   -1.374446786   -2.443460953   39.763417622   20.605153271   25.485439583
   -1.178097245   -2.443460953   44.288151121   25.525610221   23.653660334
   -0.981747704   -2.443460953   49.737191174   29.576409164   20.165406937
   -0.785398163   -2.443460953   55.685631014   30.178300317   15.224751397
   -0.589048623   -2.443460953   61.254760905   25.477272054    9.372265171
   -0.392699082   -2.443460953   65.313169801   14.776374184    3.272111862
   -0.196349541   -2.443460953   66.725822190   -1.185260283   -2.475385403
    0.000000000   -2.443460953   64.660780954  -20.107650303   -7.465564053
    0.196349541   -2.443460953   58.907885875  -37.935484772  -11.490644404
    0.392699082   -2.443460953   50.193689418  -49.351412727  -14.470198784
    0.589048623   -2.443460953   40.291681264  -49.328614364  -16.345450035
    0.785398163   -2.443460953   31.739845223  -35.585706719  -17.031382564
    0.981747704   -2.443460953   27.076628987  -10.548965791  -16.453283528
    1.178097245   -2.443460953   27.886788234   18.715658078  -14.658062310
    1.374446786   -2.443460953   34.108397631   43.092378585  -11.882839903
    1.570796327   -2.443460953   44.002336087   55.219427513   -8.495506887
    1.767145868   -2.443460953   54.791833923   52.165874596   -4.847258820
    1.963495408   -2.443460953   63.617338875   35.881391242   -1.119182375
    2.159844949   -2.443460953   68.357958029   11.597072933    2.686588881
    2.356194490   -2.443460953   68.066265587  -14.334071288    6.646447380
    2.552544031   -2.443460953   63.006629902  -36.110548296   10.757270385
    2.748893572   -2.443460953   54.441012698  -49.504605940   14.848745384
    2.945243113   -2.443460953   44.264393688  -52.401287594   18.594488950

   -3.141592654   -2.094395102   40.611528270  -41.011329292   12.963625616
   -2.945243113   -2.094395102   33.788130442  -27.774031127   14.151915962
   -2.748893572   -2.094395102   29.915375804  -11.691407312   14.818407058
   -2.552544031   -2.094395102   29.095659119    2.679059029   15.088817345
   -2.356194490   -2.094395102   30.654340698   12.222138323   15.119931742
   -2.159844949   -2.094395102   33.535121377   16.265418857   15.025841873
   -1.963495408   -2.094395102   36.782166770   16.346110165   14.793623296
   -1.767145868   -2.094395102   39.865707709   15.045078285   14.246835490
   -1.570796327   -2.094395102   42.745986111   14.549305263   13.095320618
   -1.374446786   -2.094395102   45.695968057   15.785660860   11.065075535
   -1.178097245   -2.094395102   49.025850828   18.203402323    8.044666106
   -0.981747704   -2.094395102   52.827417945   20.272506397    4.167746554
   -0.785398163   -2.094395102   56.844376933   20.038780360   -0.212699621
   -0.589048623   -2.094395102   60.450910206   15.845326690   -4.628212531
   -0.392699082   -2.094395102   62.760511550    6.749064031   -8.638750218
   -0.196349541   -2.094395102   62.803576394   -7.064017740  -11.931609783
    0.000000000   -2.094395102   59.796925529  -23.861007730  -14.397041462
    0.196349541   -2.094395102   53.483658220  -39.971015180  -16.103805739
    0.392699082   -2.094395102   44.497924138  -50.145757388  -17.216409192
    0.589048623   -2.094395102   34.536588533  -49.155118499  -17.855107761
    0.785398163   -2.094395102   26.113621041  -34.415393274  -17.992780378
    0.981747704   -2.094395102   21.792515417   -8.197421202  -17.455301055
    1.178097245   -2.094395102   23.188388073   22.327191614  -16.054396322
    1.374446786   -2.094395102   30.229707873   47.779794219  -13.747469807
    1.570796327   -2.094395102   41.118153695   60.583826800  -10.703366573
    1.767145868   -2.094395102   52.995685080   57.829377611   -7.235735357
    1.963495408   -2.094395102   62.945655490   41.653223306   -3.649765084
    2.159844949   -2.094395102   68.830593428   17.487557191   -0.154387217
    2.356194490   -2.094395102   69.712401767   -8.278577388    3.150491350
    2.552544031   -2.094395102   65.853206759  -29.976557808    6.201629372
    2.748893572   -2.094395102   58.477130988  -43.594111372    8.922385623
    2.945243113   -2.094395102   49.403231182  -47.164581967   11.207605823

   -3.141592654   -1.745329252   43.305448209  -38.660970845    4.961246973
   -2.945243113   -1.745329252   36.888584285  -26.018451826    5.450573015
   -2.748893572   -1.745329252   33.290037947  -10.678764962    5.752523044
   -2.552544031   -1.745329252   32.587498469    2.847917095    5.834645471
   -2.356194490   -1.745329252   34.093892009   11.518040656    5.587923689
   -2.159844949   -1.745329252   36.748352904   14.653508519    4.858664555
   -1.963495408   -1.745329252   39.580767180   13.706421397    3.490429910
   -1.767145868   -1.745329252   42.028125983   11.169309707    1.382449706
   -1.570796327   -1.745329252   44.011427021    9.276323411   -1.451696417
   -1.374446786   -1.745329252   45.792703829    9.199010670   -4.846244888
   -1.178097245   -1.745329252   47.734380389   10.763015735   -8.488884092
   -0.981747704   -1.745329252   50.054164436   12.775409486  -11.982105215
   -0.785398163   -1.745329252   52.670237728   13.424778675  -14.937856875
   -0.589048623   -1.745329252   55.132657683   10.913237195  -17.066961456
   -0.392699082   -1.745329252   56.677737523    3.936068510  -18.248712620
   -0.196349541   -1.745329252   56.374653963   -7.828242567  -18.544640625
    0.000000000   -1.745329252   53.378553456  -23.109535762  -18.204964389
    0.196349541   -1.745329252   47.295617646  -38.518205596  -17.595091849
    0.392699082   -1.745329252   38.598676520  -48.756563835  -17.077478439
    0.589048623   -1.745329252   28.869174452  -48.196486307  -16.845922423
    0.785398163   -1.745329252   20.604756000  -33.677462568  -16.809923320
    0.981747704   -1.745329252   16.456686788   -7.052347413  -16.613858766
    1.178097245   -1.745329252   18.172273945   24.523632936  -15.822991721
    1.374446786   -1.745329252   25.774876397   51.299839216  -14.163297371
    1.570796327   -1.745329252   37.469691496   65.192925050  -11.667076184
    1.767145868   -1.745329252   50.315530733   62.975157085   -8.641800797
    1.963495408   -1.745329252   61.280597882   46.753794351   -5.500121823
    2.159844949   -1.745329252   68.130412677   22.169312663   -2.599906186
    2.356194490   -1.745329252   69.878655385   -4.147255836   -0.148756383
    2.552544031   -1.745329252   66.779828414  -26.353386648    1.781666517
    2.748893572   -1.745329252   60.072597248  -40.395983296    3.220478080
    2.945243113   -1.745329252   51.588502174  -44.358004969    4.246567721

   -3.141592654   -1.396263402   41.948000516  -39.180767778    2.986869400
   -2.945243113   -1.396263402   35.455180453  -26.258831978    2.814879233
   -2.748893572   -1.396263402   31.836569334  -10.682099718    2.488874470
   -2.552544031   -1.396263402   31.128473676    2.704473889    1.928755793
   -2.356194490   -1.396263402   32.545829673   10.643940374    0.937030693
   -2.159844949   -1.396263402   34.905486536   12.431092813   -0.731152162
   -1.963495408   -1.396263402   37.133058725    9.730768782   -3.256737974
   -1.767145868   -1.396263402   38.624516063    5.454028294   -6.632296207
   -1.570796327   -1.396263402   39.355082868    2.364568746  -10.595153605
   -1.374446786   -1.396263402   39.740923435    2.091995123  -14.662339972
   -1.178097245   -1.396263402   40.366891077    4.670380167  -18.256983907
   -0.981747704   -1.396263402   41.680403718    8.769070110  -20.874309425
   -0.785398163   -1.396263402   43.770703188   12.133812175  -22.210323838
   -0.589048623   -1.396263402   46.253948396   12.366355220  -22.207679145
   -0.392699082   -1.396263402   48.313257474    7.591759254  -21.045811234
   -0.196349541   -1.396263402   48.866250395   -2.956605758  -19.078232808
    0.000000000   -1.396263402   46.848637524  -18.220701384  -16.782183045
    0.196349541   -1.396263402   41.631800795  -34.754389356  -14.650788434
    0.392699082   -1.396263402   33.497235310  -46.865555737  -13.064544602
    0.589048623   -1.396263402   23.944106238  -48.234545513  -12.153994259
    0.785398163   -1.396263402   15.536923474  -34.920560377  -11.739922086
    0.981747704   -1.396263402   11.126564225   -8.264843922  -11.406204085
    1.178097245   -1.396263402   12.709601953   24.548577370  -10.703587356
    1.374446786   -1.396263402   20.498783342   53.208475043   -9.361822791
    1.570796327   -1.396263402   32.748421496   68.838001717   -7.400038720
    1.767145868   -1.396263402   46.420732111   67.578095507   -5.079505467
    1.963495408   -1.396263402   58.300736126   51.295933710   -2.746783831
    2.159844949   -1.396263402   65.964803207   25.806337715   -0.695098461
    2.356194490   -1.396263402   68.298883210   -1.858761509    0.913843074
    2.552544031   -1.396263402   65.514582837  -25.404785422    2.031716885
    2.748893572   -1.396263402   58.888407643  -40.440685075    2.692999806
    2.945243113   -1.396263402   50.339686281  -44.880331160    2.976549091

   -3.141592654   -1.047197551   39.447894730  -42.010051604    4.508011671
   -2.945243113   -1.047197551   32.440946398  -28.610161514    3.471662129
   -2.748893572   -1.047197551   28.425428124  -12.383949840    2.090672634
   -2.552544031   -1.047197551   27.426780432    1.354762921    0.384341552
   -2.356194490   -1.047197551   28.559526748    8.958708070   -1.744944785
   -2.159844949   -1.047197551   30.489646518    9.624915770   -4.476910279
   -1.963495408   -1.047197551   32.014605007    5.354907766   -7.944276178
   -1.767145868   -1.047197551   32.504551190   -0.269736522  -12.058183417
   -1.570796327   -1.047197551   32.051019066   -3.768645151  -16.410972345
   -1.374446786   -1.047197551   31.301954613   -3.100675125  -20.342255088
   -1.178097245   -1.047197551   31.107071515    1.679120123  -23.151237445
   -0.981747704   -1.047197551   32.114719939    8.708263195  -24.346036932
   -0.785398163   -1.047197551   34.487376117   15.013616468  -23.798292409
   -0.589048623   -1.047197551   37.777785067   17.553363060  -21.744561577
   -0.392699082   -1.047197551   40.998593856   14.037645183  -18.685846278
   -0.196349541   -1.047197551   42.840565952    3.514620288  -15.226170685
    0.000000000   -1.047197551   41.999643965  -12.884255072  -11.933879941
    0.196349541   -1.047197551   37.647303025  -31.383097176   -9.201454300
    0.392699082   -1.047197551   29.955765153  -45.708654310   -7.166897666
    0.589048623   -1.047197551   20.444311696  -48.838944517   -5.718396865
    0.785398163   -1.047197551   11.827041695  -36.261491905   -4.594992306
    0.981747704   -1.047197551    7.181762827   -9.137279820   -3.531600237
    1.178097245   -1.047197551    8.718836096   25.047762849   -2.376873430
    1.374446786   -1.047197551   16.768494516   55.337276543   -1.115439984
    1.570796327   -1.047197551   29.566911015   72.174273407    0.179111047
    1.767145868   -1.047197551   43.945754543   71.276061828    1.420409083
    1.963495408   -1.047197551   56.512489997   54.448054706    2.555193581
    2.159844949   -1.047197551   64.684744571   27.746608462    3.557289189
    2.356194490   -1.047197551   67.252924721   -1.436508723    4.397576694
    2.552544031   -1.047197551   64.403758975  -26.452386535    5.005990732
    2.748893572   -1.047197551   57.452153028  -42.632095002    5.280068772
    2.945243113   -1.047197551   48.402562288  -47.690387596    5.125036649

   -3.141592654   -0.698131701   39.616595080  -45.069235410    3.963202157
   -2.945243113   -0.698131701   31.957287033  -32.144576245    1.692461080
   -2.748893572   -0.698131701   27.221187114  -16.163231239   -0.935777308
   -2.552544031   -0.698131701   25.458271484   -2.677279780   -3.739822372
   -2.356194490   -0.698131701   25.753024047    4.394115684   -6.693263050
   -2.159844949   -0.698131701   26.704792202    4.182002443   -9.917807091
   -1.963495408   -0.698131701   27.068203297   -0.990782057  -13.514859744
   -1.767145868   -0.698131701   26.266604886   -6.922742475  -17.331708973
   -1.570796327   -0.698131701   24.570189733   -9.545621868  -20.851401459
   -1.374446786   -0.698131701   22.884914136   -6.648379266  -23.325580053
   -1.178097245   -0.698131701   22.295434997    1.307652726  -24.099154674
   -0.981747704   -0.698131701   23.560245747   11.648523469  -22.922600451
   -0.785398163   -0.698131701   26.783393268   20.564184154  -20.066312459
   -0.589048623   -0.698131701   31.320096960   24.462765592  -16.185304118
   -0.392699082   -0.698131701   35.916971478   20.923540897  -12.056575023
   -0.196349541   -0.698131701   39.011607613    9.229055478   -8.309241915
    0.000000000   -0.698131701   39.121449285   -8.970268223   -5.262588917
    0.196349541   -0.698131701   35.357562448  -29.245527974   -2.877548282
    0.392699082   -0.698131701   27.957668159  -44.739484804   -0.854017526
    0.589048623   -0.698131701   18.595473202  -48.142069358    1.154298272
    0.785398163   -0.698131701   10.154929144  -35.070416782    3.306080935
    0.981747704   -0.698131701    5.823752091   -7.132876328    5.461864694
    1.178097245   -0.698131701    7.824394706   27.694995863    7.274387356
    1.374446786   -0.698131701   16.421013886   58.170415451    8.426574912
    1.570796327   -0.698131701   29.755734519   74.735885595    8.828255524
    1.767145868   -0.698131701   44.587110999   73.293298939    8.658487083
    1.963495408   -0.698131701   57.489546967   55.845562298    8.237347052
    2.159844949   -0.698131701   65.876801587   28.542837547    7.840405660
    2.356194490   -0.698131701   68.541402917   -1.260125175    7.561890993
    2.552544031   -0.698131701   65.657783870  -27.000234214    7.280271465
    2.748893572   -0.698131701   58.515980066  -44.039042463    6.735562335
    2.945243113   -0.698131701   49.101431060  -49.994379881    5.669661296

   -3.141592654   -0.349065850   40.665014115  -49.718944088    2.845952312
   -2.945243113   -0.349065850   31.998706959  -37.645741644   -0.240120797
   -2.748893572   -0.349065850   26.147786381  -21.916428920   -3.574057368
   -2.552544031   -0.349065850   23.265600035   -8.287793798   -6.866035292
   -2.356194490   -0.349065850   22.475381157   -1.073846132  -10.008156834
   -2.159844949   -0.349065850   22.348646880   -1.367012829  -13.079948670
   -1.963495408   -0.349065850   21.611034678   -6.608903285  -16.153942545
   -1.767145868   -0.349065850   19.745485204  -11.977539770  -19.036759898
   -1.570796327   -0.349065850   17.207755347  -12.831876029  -21.173243829
   -1.374446786   -0.349065850   15.154832407   -6.936389981  -21.842316791
   -1.178097245   -0.349065850   14.856499166    4.570360267  -20.556225319
   -0.981747704   -0.349065850   17.076201553   17.937525334  -17.385552989
   -0.785398163   -0.349065850   21.718522597   28.447033053  -12.992799993
   -0.589048623   -0.349065850   27.815032015   32.184837060   -8.348846627
   -0.392699082   -0.349065850   33.791666211   27.075053925   -4.322365146
   -0.196349541   -0.349065850   37.882327155   13.192768180   -1.347432061
    0.000000000   -0.349065850   38.574097842   -6.889880627    0.696924256
    0.196349541   -0.349065850   35.113424894  -28.032923516    2.373390006
    0.392699082   -0.349065850   27.968624314  -43.166261034    4.375695747
    0.589048623   -0.349065850   19.025326270  -45.377811578    7.128381579
    0.785398163   -0.349065850   11.252598575  -31.119762113   10.500941377
    0.981747704   -0.349065850    7.753306545   -2.805598556   13.822700149
    1.178097245   -0.349065850   10.548828347   31.278288313   16.229769225
    1.374446786   -0.349065850   19.705612247   60.208877035   17.137914005
    1.570796327   -0.349065850   33.274391852   75.126353256   16.526100038
    1.767145868   -0.349065850   48.059315186   72.548875212   14.887134384
    1.963495408   -0.349065850   60.764803109   54.699277049   12.909063491
    2.159844949   -0.349065850   68.932532081   27.503407819   11.132140686
    2.356194490   -0.349065850   71.410141645   -2.160133868    9.742095083
    2.552544031   -0.349065850   68.331664014  -28.177981842    8.567647218
    2.748893572   -0.349065850   60.881945104  -46.094449335    7.232660136
    2.945243113   -0.349065850   50.940185861  -53.350976526    5.377346028

   -3.141592654    0.000000000   41.338809121  -55.207139146    0.881419147
   -2.945243113    0.000000000   31.519610952  -43.770599409   -2.202335380
   -2.748893572    0.000000000   24.459639436  -27.989244708   -5.308488387
   -2.552544031    0.000000000   20.431947857  -13.831921646   -8.164830770
   -2.356194490    0.000000000   18.612991173   -6.023263212  -10.691665712
   -2.159844949    0.000000000   17.560111991   -5.868335202  -12.984217626
   -1.963495408    0.000000000   15.985837617  -10.569872996  -15.105389242
   -1.767145868    0.000000000   13.444669931  -14.738573292  -16.847148569
   -1.570796327    0.000000000   10.570045087  -13.310800536  -17.684005213
   -1.374446786    0.000000000    8.725139124   -4.244469895  -17.015951156
   -1.178097245    0.000000000    9.277870495   10.456705430  -14.569421415
   -0.981747704    0.000000000   12.885537758   25.926914835  -10.660152968
   -0.785398163    0.000000000   19.156048025   36.717641533   -6.125209034
   -0.589048623    0.000000000   26.754169710   38.959576284   -1.950442182
   -0.392699082    0.000000000   33.823989244   31.356339098    1.178177130
   -0.196349541    0.000000000   38.514399661   15.139331505    3.158216500
    0.000000000    0.000000000   39.452063586   -6.070218514    4.487407898
    0.196349541    0.000000000   36.181938339  -26.627549976    6.004900561
    0.392699082    0.000000000   29.491591400  -39.786322574    8.466519717
    0.589048623    0.000000000   21.442392014  -39.722231678   12.109344211
    0.785398163    0.000000000   14.927542582  -24.249237557   16.441325685
    0.981747704    0.000000000   12.741880529    3.346663402   20.403814723
    1.178097245    0.000000000   16.521571905   34.908690630   22.876069486
    1.374446786    0.000000000   26.069162349   60.540740568   23.223375268
    1.570796327    0.000000000   39.411343016   72.668925175   21.560751606
    1.767145868    0.000000000   53.545653727   68.631391096   18.611601351
    1.963495408    0.000000000   65.454381965   50.699120919   15.287385295
    2.159844949    0.000000000   72.899666220   24.212313306   12.285825103
    2.356194490    0.000000000   74.806603705   -4.740228827    9.865971323
    2.552544031    0.000000000   71.244628648  -30.651756488    7.870936734
    2.748893572    0.000000000   63.255048783  -49.241705425    5.914887155
    2.945243113    0.000000000   52.583818566  -57.682623608    3.633180936

   -3.141592654    0.349065850   42.824281760  -59.076047464    0.347832064
   -2.945243113    0.349065850   32.189026163  -48.135417252   -1.627313174
   -2.748893572    0.349065850   24.255582631  -32.438739194   -3.487728997
   -2.552544031    0.349065850   19.374959569  -18.024081542   -5.138202731
   -2.356194490    0.349065850   16.768836464   -9.837696518   -6.600109650
   -2.159844949    0.349065850   15.006289387   -9.262063592   -7.963732318
   -1.963495408    0.349065850   12.825676456  -13.273240279   -9.228459765
   -1.767145868    0.349065850    9.872391140  -16.095379544  -10.163885799
   -1.570796327    0.349065850    6.931100275  -12.508676761  -10.341919682
   -1.374446786    0.349065850    5.496540307   -0.858384466   -9.370813366
   -1.178097245    0.349065850    6.940835291   16.000472955   -7.188715919
   -0.981747704    0.349065850   11.748522651   32.342565580   -4.188758630
   -0.785398163    0.349065850   19.231036987   42.391536694   -1.068331365
   -0.589048623    0.349065850   27.766567198   42.709211599    1.519395939
   -0.392699082    0.349065850   35.358531278   32.983668551    3.305347129
   -0.196349541    0.349065850   40.226723049   15.549277610    4.539070653
    0.000000000    0.349065850   41.256552176   -5.243286270    5.887483698
    0.196349541    0.349065850   38.329606274  -23.723950038    8.113989043
    0.392699082    0.349065850   32.494317898  -33.943330381   11.678589612
    0.589048623    0.349065850   25.852293210  -31.444698253   16.407847224
    0.785398163    0.349065850   21.059021957  -15.389193153   21.435184752
    0.981747704    0.349065850   20.470126307   10.343997319   25.491728978
    1.178097245    0.349065850   25.274128342   38.114763199   27.458468672
    1.374446786    0.349065850   35.018726454   59.379682497   26.864054455
    1.570796327    0.349065850   47.765885154   68.022551575   24.050150812
    1.767145868    0.349065850   60.785596876   62.244572035   19.934689260
    1.963495408    0.349065850   71.417376556   44.337671686   15.551500335
    2.159844949    0.349065850   77.714661025   18.995210339   11.663350966
    2.356194490    0.349065850   78.736902611   -8.560302165    8.574477803
    2.552544031    0.349065850   74.528361296  -33.533615354    6.189268727
    2.748893572    0.349065850   66.002977888  -51.949932267    4.199892866
    2.945243113    0.349065850   54.761939951  -60.856851342    2.302565638

   -3.141592654    0.698131701   44.517839921  -60.414963971    0.105845543
   -2.945243113    0.698131701   33.584811962  -49.820969397   -0.155020665
   -2.748893572    0.698131701   25.284953566  -34.463543523   -0.261166609
   -2.552544031    0.698131701   19.980134636  -20.294642590   -0.384529392
   -2.356194490    0.698131701   16.912857411  -12.234079296   -0.680178251
   -2.159844949    0.698131701   14.682362713  -11.584555578   -1.222171610
   -1.963495408    0.698131701   12.080443547  -15.168173576   -1.938994700
   -1.767145868    0.698131701    8.836289337  -17.080047229   -2.607329282
   -1.570796327    0.698131701    5.826473382  -12.175011084   -2.940640396
   -1.374446786    0.698131701    4.594823676    0.838834296   -2.740189113
   -1.178097245    0.698131701    6.472201972   18.595889241   -2.012022337
   -0.981747704    0.698131701   11.811393029   35.012709181   -0.954840198
   -0.785398163    0.698131701   19.760044416   44.371583011    0.182462516
   -0.589048623    0.698131701   28.589434339   43.740738180    1.284399904
   -0.392699082    0.698131701   36.322815248   33.527558749    2.488755198
   -0.196349541    0.698131701   41.334750892   16.681587437    4.156559084
    0.000000000    0.698131701   42.749195242   -2.261406785    6.736032726
    0.196349541    0.698131701   40.665775888  -18.035179905   10.525153249
    0.392699082    0.698131701   36.214599552  -25.653224975   15.436754067
    0.589048623    0.698131701   31.358731631  -21.852284009   20.856392977
    0.785398163    0.698131701   28.401519234   -6.684500289   25.727664393
    0.981747704    0.698131701   29.246029977   15.908023799   28.884897349
    1.178097245    0.698131701   34.711262335   39.165950633   29.521922508
    1.374446786    0.698131701   44.211291839   55.969314873   27.530332213
    1.570796327    0.698131701   55.951714766   61.482621884   23.515233849
    1.767145868    0.698131701   67.537381045   54.505526488   18.493324268
    1.963495408    0.698131701   76.680240290   37.157294358   13.464306173
    2.159844949    0.698131701   81.715649336   13.426028416    9.118270958
    2.356194490    0.698131701   81.828768702  -12.271545414    5.741505109
    2.552544031    0.698131701   77.047042269  -35.756706853    3.319895407
    2.748893572    0.698131701   68.179050789  -53.331320829    1.692389313
    2.945243113    0.698131701   56.697214941  -62.013992827    0.674151665

   -3.141592654    1.047197551   43.208596762  -60.671333030   -4.820859381
   -2.945243113    1.047197551   32.310319166  -49.241733862   -3.802886021
   -2.748893572    1.047197551   24.177144940  -33.405386871   -2.446031561
   -2.552544031    1.047197551   19.091504985  -19.187686279   -1.137368597
   -2.356194490    1.047197551   16.213912898  -11.455644796   -0.157814674
   -2.159844949    1.047197551   14.086699952  -11.320138595    0.387011735
   -1.963495408    1.047197551   11.489220357  -15.359231576    0.550448342
   -1.767145868    1.047197551    8.181034993  -17.498000302    0.460618417
   -1.570796327    1.047197551    5.087054373  -12.584533349    0.229734068
   -1.374446786    1.047197551    3.785751701    0.537623937   -0.080161186
   -1.178097245    1.047197551    5.612773112   18.367135790   -0.417091193
   -0.981747704    1.047197551   10.911518375   34.832939614   -0.660206128
   -0.785398163    1.047197551   18.842434337   44.421597349   -0.571356166
   -0.589048623    1.047197551   27.742093141   44.512747402    0.171570086
   -0.392699082    1.047197551   35.755971524   35.736513257    1.890050998
   -0.196349541    1.047197551   41.402286112   21.035027380    4.785425002
    0.000000000    1.047197551   43.915028560    4.584761119    8.862709611
    0.196349541    1.047197551   43.400181061   -9.026673831   13.855528394
    0.392699082    1.047197551   40.840569425  -15.660944950   19.190731449
    0.589048623    1.047197551   37.893904579  -12.743722206   24.019820068
    0.785398163    1.047197551   36.470089071   -0.485804680   27.389656905
    0.981747704    1.047197551   38.120272763   17.761332785   28.529878777
    1.178097245    1.047197551   43.490235021   36.405484320   27.151304021
    1.374446786    1.047197551   52.065613578   49.552861953   23.570117831
    1.570796327    1.047197551   62.323884791   53.110692688   18.569518608
    1.767145868    1.047197551   72.217165506   45.886758511   13.081448082
    1.963495408    1.047197551   79.745934388   29.472486830    7.862413559
    2.159844949    1.047197551   83.409406447    7.166103738    3.362161759
    2.356194490    1.047197551   82.436472661  -17.095972957   -0.238422159
    2.552544031    1.047197551   76.835091345  -39.308233259   -2.876999678
    2.748893572    1.047197551   67.383932694  -55.730265326   -4.515131492
    2.945243113    1.047197551   55.539492104  -63.306907599   -5.136441489

   -3.141592654    1.396263402   38.221168641  -59.211603518  -10.387719884
   -2.945243113    1.396263402   27.808981983  -45.866657812   -9.144291705
   -2.748893572    1.396263402   20.451292019  -29.051427186   -7.337854832
   -2.552544031    1.396263402   16.233108136  -14.858399088   -5.366113825
   -2.356194490    1.396263402   14.139110068   -7.894561403   -3.528032465
   -2.159844949    1.396263402   12.604264822   -8.876470969   -1.965382340
   -1.963495408    1.396263402   10.370734101  -14.092796931   -0.708200186
   -1.767145868    1.396263402    7.199405110  -17.363954395    0.230500623
   -1.570796327    1.396263402    4.026093255  -13.514546313    0.802815738
   -1.374446786    1.396263402    2.452288568   -1.261411378    0.974856532
   -1.178097245    1.396263402    3.879929748   16.205214794    0.836616503
   -0.981747704    1.396263402    8.789363442   33.193815664    0.675820544
   -0.785398163    1.396263402   16.538852582   44.382461164    0.939104705
   -0.589048623    1.396263402   25.666589234   46.994243724    2.076056145
   -0.392699082    1.396263402   34.454185018   41.146135427    4.372478143
   -0.196349541    1.396263402   41.434128038   29.108441687    7.826499951
    0.000000000    1.396263402   45.721549272   14.384596879   12.138098830
    0.196349541    1.396263402   47.183864693    1.037582675   16.739606607
    0.392699082    1.396263402   46.484763323   -7.071675704   20.883702725
    0.589048623    1.396263402   44.942389445   -7.268400728   23.776274451
    0.785398163    1.396263402   44.192502174    0.797819410   24.774719836
    0.981747704    1.396263402   45.663202855   14.717347348   23.596186680
    1.178097245    1.396263402   50.074483597   29.896349173   20.439441115
    1.374446786    1.396263402   57.151611828   41.062667758   15.922326959
    1.570796327    1.396263402   65.673650582   44.129355800   10.838725317
    1.767145868    1.396263402   73.840548414   37.381523420    5.873420266
    1.963495408    1.396263402   79.777714683   21.776134764    1.412158530
    2.159844949    1.396263402   82.006630480    0.234257217   -2.431860405
    2.356194490    1.396263402   79.746645603  -23.243755116   -5.665751082
    2.552544031    1.396263402   73.040557094  -44.322032170   -8.236417616
    2.748893572    1.396263402   62.765752815  -58.989582120   -9.983806180
    2.945243113    1.396263402   50.500468212  -64.259641415  -10.720971126

   -3.141592654    1.745329252   31.986031603  -58.243946374  -16.129742483
   -2.945243113    1.745329252   21.964196533  -42.950146065  -15.011892997
   -2.748893572    1.745329252   15.312448433  -24.920093520  -13.073209822
   -2.552544031    1.745329252   11.955230227  -10.356395450  -10.639797970
   -2.356194490    1.745329252   10.723259835   -3.712243100   -7.977126400
   -2.159844949    1.745329252    9.940684107   -5.453112505   -5.239231270
   -1.963495408    1.745329252    8.282969929  -11.686308363   -2.525320511
   -1.767145868    1.745329252    5.470879929  -16.132833720    0.022571183
   -1.570796327    1.745329252    2.421363469  -13.471106504    2.190577787
   -1.374446786    1.745329252    0.761695365   -2.098120319    3.787546928
   -1.178097245    1.745329252    1.997470398   15.239596914    4.798999105
   -0.981747704    1.745329252    6.793726858   33.193077820    5.470997178
   -0.785398163    1.745329252   14.727718592   46.403628578    6.240981665
   -0.589048623    1.745329252   24.505517427   51.631821885    7.533966344
   -0.392699082    1.745329252   34.454618548   48.239923423    9.564654582
   -0.196349541    1.745329252   42.999077802   37.745405200   12.217566849
    0.000000000    1.745329252   49.016596713   23.098191640   15.077215765
    0.196349541    1.745329252   52.060732525    8.161560228   17.522606232
    0.392699082    1.745329252   52.481265045   -2.996878261   18.894724963
    0.589048623    1.745329252   51.363283639   -7.088941190   18.688355899
    0.785398163    1.745329252   50.262124314   -2.866557533   16.734893534
    0.981747704    1.745329252   50.707151778    8.155341164   13.288486824
    1.178097245    1.745329252   53.665524476   21.920067400    8.953643325
    1.374446786    1.745329252   59.158813109   33.101905719    4.458713257
    1.570796327    1.745329252   66.196953577   37.053530878    0.374728735
    1.767145868    1.745329252   73.076800301   31.308755652   -3.060263628
    1.963495408    1.745329252   77.889996481   16.316230322   -5.946363589
    2.159844949    1.745329252   79.068596852   -5.055064393   -8.539165237
    2.356194490    1.745329252   75.776416871  -28.428852899  -11.020296830
    2.552544031    1.745329252   68.094924577  -48.955786901  -13.328751325
    2.748893572    1.745329252   57.025857815  -62.302285670  -15.174366562
    2.945243113    1.745329252   44.298222977  -65.557969173  -16.188006796

   -3.141592654    2.094395102   25.399592254  -57.942931079  -18.655021929
   -2.945243113    2.094395102   15.610516144  -40.925993832  -17.897936083
   -2.748893572    2.094395102    9.495990395  -21.558888480  -16.125840779
   -2.552544031    2.094395102    6.890867411   -6.137584319  -13.524561931
   -2.356194490    2.094395102    6.539342459    0.979818081  -10.298666347
   -2.159844949    2.094395102    6.702794986   -0.553177294   -6.624100730
   -1.963495408    2.094395102    6.006476850   -6.848150917   -2.679936600
   -1.767145868    2.094395102    4.109646696  -11.718583928    1.284321293
   -1.570796327    2.094395102    1.854375926   -9.849217051    4.939236196
   -1.374446786    2.094395102    0.814333328    0.597595765    7.969672368
   -1.178097245    2.094395102    2.509509428   17.301718355   10.219842426
   -0.981747704    2.094395102    7.701706334   35.283369427   11.771619306
   -0.785398163    2.094395102   16.108235680   49.214264938   12.887432227
   -0.589048623    2.094395102   26.540626532   55.493877574   13.836771024
   -0.392699082    2.094395102   37.334469386   52.875949142   14.733241676
   -0.196349541    2.094395102   46.799959728   42.312747067   15.443516555
    0.000000000    2.094395102   53.611804212   26.415281927   15.629699430
    0.196349541    2.094395102   57.088474454    9.079909954   14.857101683
    0.392699082    2.094395102   57.389757743   -5.197450124   12.780292658
    0.589048623    2.094395102   55.528091300  -12.385599210    9.336116356
    0.785398163    2.094395102   53.146180713  -10.406762685    4.864557383
    0.981747704    2.094395102   52.005027266   -0.193734036    0.057167426
    1.178097245    2.094395102   53.369691960   14.262211102   -4.279795147
    1.374446786    2.094395102   57.515981892   27.140012899   -7.547165407
    1.570796327    2.094395102   63.573751233   32.993627130   -9.585833609
    1.767145868    2.094395102   69.802824088   28.604966474  -10.690517697
    1.963495408    2.094395102   74.144222657   14.064305151  -11.423895748
    2.159844949    2.094395102   74.858031485   -7.627087007  -12.328707483
    2.356194490    2.094395102   71.002911804  -31.571953958  -13.687140182
    2.552544031    2.094395102   62.673042776  -52.307370115  -15.413787399
    2.748893572    2.094395102   50.985966480  -65.095856061  -17.129554977
    2.945243113    2.094395102   37.829163726  -67.019640786  -18.341769416

   -3.141592654    2.443460953   19.162339419  -58.257235203  -12.551360220
   -2.945243113    2.443460953    9.470594608  -39.624229206  -11.507970122
   -2.748893572    2.443460953    3.767224153  -18.711508227   -9.720285127
   -2.552544031    2.443460953    1.857967081   -1.937069880   -7.269989712
   -2.356194490    2.443460953    2.449056122    6.346495299   -4.226108786
   -2.159844949    2.443460953    3.766903748    5.800653386   -0.625770793
   -1.963495408    2.443460953    4.393555921    0.209172480    3.459018049
   -1.767145868    2.443460953    3.914619409   -4.430924871    7.813455338
   -1.570796327    2.443460953    3.063410027   -2.942141616   12.042469592
   -1.374446786    2.443460953    3.295675400    6.573245595   15.665227595
   -1.178097245    2.443460953    6.046553333   22.053323371   18.299073905
   -0.981747704    2.443460953   12.051456327   38.827380684   19.797185525
   -0.785398163    2.443460953   21.049681143   51.718476141   20.247255822
   -0.589048623    2.443460953   31.880868266   57.042619484   19.834032912
   -0.392699082    2.443460953   42.873420615   53.287357654   18.687686270
   -0.196349541    2.443460953   52.272463481   41.129827597   16.791308253
    0.000000000    2.443460953   58.647164311   23.049351608   14.015458977
    0.196349541    2.443460953   61.212458658    3.127036643   10.222788829
    0.392699082    2.443460953   60.096046685  -13.602809480    5.431342244
    0.589048623    2.443460953   56.410111614  -22.345345074   -0.039080756
    0.785398163    2.443460953   52.043603086  -20.363885730   -5.537395437
    0.981747704    2.443460953   49.090203499   -8.423617513  -10.237757395
    1.178097245    2.443460953   49.115341462    8.985651287  -13.438854596
    1.374446786    2.443460953   52.544233959   25.062161040  -14.857563710
    1.570796327    2.443460953   58.452410301   33.356602706  -14.735858807
    1.767145868    2.443460953   64.881660554   30.039398147  -13.707803590
    1.963495408    2.443460953   69.493059117   15.183318140  -12.516072070
    2.159844949    2.443460953   70.315383559   -7.729169627  -11.733224341
    2.356194490    2.443460953   66.298546689  -33.079421760  -11.595255343
    2.552544031    2.443460953   57.569061314  -54.744482442  -11.984454194
    2.748893572    2.443460953   45.380643667  -67.604673732  -12.543527324
    2.945243113    2.443460953   31.796875403  -68.730192269  -12.844150432

   -3.141592654    2.792526803   16.135764264  -57.691472537    1.154818751
   -2.945243113    2.792526803    6.639405396  -38.184628256    3.051678133
   -2.748893572    2.792526803    1.317693763  -16.255693924    4.883323645
   -2.552544031    2.792526803    0.000000000    1.645737085    6.655956264
   -2.356194490    2.792526803    1.414364070   11.158758674    8.570741767
   -2.159844949    2.792526803    3.801496896   11.867959796   10.950498256
   -1.963495408    2.792526803    5.729194443    7.333447836   14.040616780
   -1.767145868    2.792526803    6.712813108    3.226032950   17.782703050
   -1.570796327    2.792526803    7.352938416    4.444005914   21.726739304
   -1.374446786    2.792526803    8.937934134   12.834311389   25.160678414
   -1.178097245    2.792526803   12.752147271   26.541815587   27.395737972
   -0.981747704    2.792526803   19.436200154   41.228939946   28.021603187
   -0.785398163    2.792526803   28.694594079   51.963135654   26.990311414
   -0.589048623    2.792526803   39.361815085   55.121553221   24.511925741
   -0.392699082    2.792526803   49.759144240   49.120832768   20.878828723
   -0.196349541    2.792526803   58.110174816   34.605968075   16.330132502
    0.000000000    2.792526803   62.971963586   14.191832548   11.031001177
    0.196349541    2.792526803   63.597675172   -7.662522691    5.144662924
    0.392699082    2.792526803   60.247090210  -25.359924031   -1.040967292
    0.589048623    2.792526803   54.276465104  -33.575340400   -7.012340113
    0.785398163    2.792526803   47.895680601  -29.375532929  -12.061827190
    0.981747704    2.792526803   43.504424455  -13.888637388  -15.486616848
    1.178097245    2.792526803   42.849062528    7.512328477  -16.877737624
    1.374446786    2.792526803   46.338058177   26.975547459  -16.325412747
    1.570796327    2.792526803   52.845704743   37.291281991  -14.380405731
    1.767145868    2.792526803   60.116099936   34.435254888  -11.806054537
    1.963495408    2.792526803   65.530350823   18.816445320   -9.260693365
    2.159844949    2.792526803   66.936135774   -5.458650880   -7.103575163
    2.356194490    2.792526803   63.227987814  -32.155304064   -5.366300910
    2.552544031    2.792526803   54.580923210  -54.733735068   -3.863561781
    2.748893572    2.792526803   42.353629773  -67.909390332   -2.355809280
    2.945243113    2.792526803   28.725686695  -68.799427682   -0.685451705
