#! FIELDS phi psi file.free der_phi der_psi
#! SET min_phi -pi
#! SET max_phi pi
#! SET nbins_phi  32
#! SET periodic_phi true
#! SET min_psi -pi
#! SET max_psi pi
#! SET nbins_psi  18
#! SET periodic_psi true
   -3.141592654   -3.141592654   19.808946336  -54.049986674   13.435943364
   -2.945243113   -3.141592654   10.669263145  -37.942624119   16.116648993
   -2.748893572   -3.141592654    5.213065339  -17.455989256   18.293975932
   -2.552544031   -3.141592654    3.705441554    1.285733697   19.945291954
   -2.356194490   -3.141592654    5.269049328   13.233153595   21.303297211
   -2.159844949   -3.141592654    8.343040440   16.761977148   22.743887113
   -1.963495408   -3.141592654   11.450143992   14.248711738   24.546675682
   -1.767145868   -3.141592654   13.861040640   10.545936259   26.652709217
   -1.570796327   -3.141592654   15.819374586   10.242566652   28.592573463
   -1.374446786   -3.141592654   18.245754223   15.363978542   29.658814290
   -1.178097245   -3.141592654   22.130853308   24.632374066   29.234591347
   -0.981747704   -3.141592654   27.961918519   34.482539132   27.080338258
   -0.785398163   -3.141592654   35.449831830   40.844142907   23.415720721
   -0.589048623   -3.141592654   43.600559050   40.904504525   18.775408145
   -0.392699082   -3.141592654   51.055592915   33.751544763   13.747467646
   -0.196349541   -3.141592654   56.464206236   20.416849340    8.746825623
    0.000000000   -3.141592654   58.839371183    3.403925237    3.927180981
    0.196349541   -3.141592654   57.812491343  -13.515779591   -0.733613417
    0.392699082   -3.141592654   53.837844873  -25.882571259   -5.231382914
    0.589048623   -3.141592654   48.224119860  -29.647087338   -9.330865931
    0.785398163   -3.141592654   42.894682821  -22.966338374  -12.526849139
    0.981747704   -3.141592654   39.796448983   -7.530310427  -14.232628258
    1.178097245   -3.141592654   40.185908698   11.504156942  -14.108793315
    1.374446786   -3.141592654   44.110124902   27.367660817  -12.301555637
    1.570796327   -3.141592654   50.362208249   34.544437201   -9.394444883
    1.767145868   -3.141592654   56.944462403   30.648393020   -6.121014854
    1.963495408   -3.141592654   61.745898995   16.851727052   -3.020765473
    2.159844949   -3.141592654   63.142718615   -3.315685936   -0.274561582
    2.356194490   -3.141592654   60.320185591  -25.361512744    2.246456568
    2.552544031   -3.141592654   53.351965372  -44.827892320    4.790094711
    2.748893572   -3.141592654   43.143102278  -57.771245674    7.535752948
    2.945243113   -3.141592654   31.291143622  -61.218839168   10.480554027

   -3.141592654   -2.792526803   26.081267313  -48.225863491   20.284676141
   -2.945243113   -2.792526803   17.962336197  -33.480383120   23.283520098
   -2.748893572   -2.792526803   13.216923943  -14.694676588   25.280343112
   -2.552544031   -2.792526803   12.100275144    2.602702084   26.302487608
   -2.356194490   -2.792526803   13.843084131   13.903499429   26.716921906
   -2.159844949   -2.792526803   17.064648599   17.737280834   27.058670389
   -1.963495408   -2.792526803   20.444459668   16.084757458   27.730866327
   -1.767145868   -2.792526803   23.288262669   13.008734818   28.737233932
   -1.570796327   -2.792526803   25.714256091   12.333146591   29.624714028
   -1.374446786   -2.792526803   28.406246353   15.771563720   29.689019509
   -1.178097245   -2.792526803   32.118159317   22.353060889   28.326028010
   -0.981747704   -2.792526803   37.209216171   29.255197683   25.321693779
   -0.785398163   -2.792526803   43.418387658   33.191043517   20.924547501
   -0.589048623   -2.792526803   49.906399864   31.809749833   15.694950964
   -0.392699082   -2.792526803   55.517589452   24.224423286   10.235093156
   -0.196349541   -2.792526803   59.073855184   11.167946052    4.970186618
    0.000000000   -2.792526803   59.690197293   -5.224856668    0.063675823
    0.196349541   -2.792526803   57.041810630  -21.376244242   -4.486211232
    0.392699082   -2.792526803   51.617359756  -32.720430980   -8.650997793
    0.589048623   -2.792526803   44.803190807  -34.918042204  -12.192020755
    0.785398163   -2.792526803   38.651984952  -25.938673274  -14.650004424
    0.981747704   -2.792526803   35.241672352   -7.678579803  -15.537690959
    1.178097245   -2.792526803   35.877639680   14.096999717  -14.640195070
    1.374446786   -2.792526803   40.521350512   31.941646726  -12.197275834
    1.570796327   -2.792526803   47.775803996   39.999943567   -8.808512125
    1.767145868   -2.792526803   55.438356646   36.091118195   -5.137894635
    1.963495408   -2.792526803   61.273921193   21.937410834   -1.598598862
    2.159844949   -2.792526803   63.647711238    1.614798789    1.752720382
    2.356194490   -2.792526803   61.814495466  -20.145064992    5.111780142
    2.552544031   -2.792526803   55.927529103  -39.005064439    8.701182908
    2.748893572   -2.792526803   46.921466383  -51.390472494   12.582857428
    2.945243113   -2.792526803   36.342356742  -54.747246515   16.572119757

   -3.141592654   -2.443460953   33.097512075  -42.601895928   19.474286815
   -2.945243113   -2.443460953   25.939358604  -29.406434666   21.928565001
   -2.748893572   -2.443460953   21.820805778  -12.380816450   23.413163239
   -2.552544031   -2.443460953   21.008224508    3.484847803   23.964075474
   -2.356194490   -2.443460953   22.842845624   14.097951878   23.879631864
   -2.159844949   -2.443460953   26.099678120   18.004518368   23.583769723
   -1.963495408   -2.443460953   29.569611292   16.729518536   23.394083572
   -1.767145868   -2.443460953   32.549828343   13.630222777   23.323682169
   -1.570796327   -2.443460953   35.020115361   11.983887239   23.050642453
   -1.374446786   -2.443460953   37.463065206   13.445980375   22.086152237
   -1.178097245   -2.443460953   40.473728994   17.511334758   20.041164040
   -0.981747704   -2.443460953   44.376181841   22.087139625   16.832319757
   -0.785398163   -2.443460953   49.011934935   24.509353069   12.713641472
   -0.589048623   -2.443460953   53.731754046   22.659899060    8.144299504
   -0.392699082   -2.443460953   57.573824407   15.480186430    3.570311998
   -0.196349541   -2.443460953   59.492396794    3.271478139   -0.731465860
    0.000000000   -2.443460953   58.646204688  -12.240106477   -4.704547958
    0.196349541   -2.443460953   54.695373443  -27.640334490   -8.405551905
    0.392699082   -2.443460953   48.115998559  -38.172788240  -11.826347341
    0.589048623   -2.443460953   40.345175689  -39.094326980  -14.737496893
    0.785398163   -2.443460953   33.560406341  -28.075850181  -16.687695603
    0.981747704   -2.443460953   29.984960614   -7.146173223  -17.186361100
    1.178097245   -2.443460953   30.996448441   17.339915659  -15.992646646
    1.374446786   -2.443460953   36.492697320   37.230185925  -13.296457491
    1.570796327   -2.443460953   44.899837193   46.270625839   -9.647104671
    1.767145868   -2.443460953   53.812387861   42.440859053   -5.683542675
    1.963495408   -2.443460953   60.866482989   27.983738309   -1.832479515
    2.159844949   -2.443460953   64.407004053    7.504932738    1.800682593
    2.356194490   -2.443460953   63.745269264  -14.049081569    5.343848210
    2.552544031   -2.443460953   59.096369673  -32.483174710    8.953318939
    2.748893572   -2.443460953   51.404484351  -44.588540576   12.652663465
    2.945243113   -2.443460953   42.149142654  -48.181428374   16.266915682

   -3.141592654   -2.094395102   39.115080538  -38.215028536   13.701596411
   -2.945243113   -2.094395102   32.690793674  -26.386849555   15.025953681
   -2.748893572   -2.094395102   29.013546000  -10.912899860   15.714565132
   -2.552544031   -2.094395102   28.347965419    3.572826442   15.830026735
   -2.356194490   -2.094395102   30.101642198   13.278244098   15.531767296
   -2.159844949   -2.094395102   33.151339402   16.784215821   14.999485189
   -1.963495408   -2.094395102   36.363478577   15.321574540   14.323280021
   -1.767145868   -2.094395102   39.031506910   11.779927885   13.435516065
   -1.570796327   -2.094395102   41.048343167    9.112220607   12.142800634
   -1.374446786   -2.094395102   42.781948048    9.039300698   10.251326340
   -1.178097245   -2.094395102   44.765839394   11.504565229    7.705832196
   -0.981747704   -2.094395102   47.368673091   14.986937455    4.651662448
   -0.785398163   -2.094395102   50.572883340   17.191287139    1.380747268
   -0.589048623   -2.094395102   53.904340422   15.956727872   -1.791950593
   -0.392699082   -2.094395102   56.530777991    9.845610771   -4.666709019
   -0.196349541   -2.094395102   57.446482399   -1.351028544   -7.213892634
    0.000000000   -2.094395102   55.760411404  -16.248017372   -9.563128863
    0.196349541   -2.094395102   51.047237111  -31.443422979  -11.880212958
    0.392699082   -2.094395102   43.731844951  -41.829319918  -14.212181801
    0.589048623   -2.094395102   35.291503560  -42.134429498  -16.354137861
    0.785398163   -2.094395102   28.038715714  -29.643418539  -17.851506668
    0.981747704   -2.094395102   24.367542483   -6.448928626  -18.170761243
    1.178097245   -2.094395102   25.764330804   20.550385262  -16.981664028
    1.374446786   -2.094395102   32.104394218   42.485836983  -14.357900960
    1.570796327   -2.094395102   41.668923892   52.629382775  -10.755398198
    1.767145868   -2.094395102   51.862146882   49.000662179   -6.784902856
    1.963495408   -2.094395102   60.179864526   34.252494615   -2.926332563
    2.159844949   -2.094395102   64.918081947   13.458025427    0.601013744
    2.356194490   -2.094395102   65.410842775   -8.212196239    3.798991189
    2.552544031   -2.094395102   61.909760136  -26.626270895    6.735274145
    2.748893572   -2.094395102   55.363469212  -38.821163389    9.426206740
    2.945243113   -2.094395102   47.204599806  -42.860649224   11.793156272

   -3.141592654   -1.745329252   42.641759520  -36.074601827    7.665393081
   -2.945243113   -1.745329252   36.554043786  -25.137444695    7.918477704
   -2.748893572   -1.745329252   33.025096736  -10.666314926    7.769723790
   -2.552544031   -1.745329252   32.309468354    2.829874068    7.263504528
   -2.356194490   -1.745329252   33.831201354   11.689384971    6.427425918
   -2.159844949   -1.745329252   36.499924176   14.515606250    5.262103960
   -1.963495408   -1.745329252   39.206628061   12.441215170    3.734205051
   -1.767145868   -1.745329252   41.244535165    8.225514188    1.801381953
   -1.570796327   -1.745329252   42.490200228    4.809062610   -0.531770165
   -1.374446786   -1.745329252   43.310488643    4.080018015   -3.152841345
   -1.178097245   -1.745329252   44.283021779    6.249249841   -5.824390362
   -0.981747704   -1.745329252   45.869289218    9.989830227   -8.239852882
   -0.785398163   -1.745329252   48.163463852   13.001970271  -10.133338187
   -0.589048623   -1.745329252   50.779475337   12.882479162  -11.380662474
   -0.392699082   -1.745329252   52.910044698    7.838960587  -12.060960999
   -0.196349541   -1.745329252   53.505453055   -2.693112691  -12.421707785
    0.000000000   -1.745329252   51.574108792  -17.501698859  -12.805931163
    0.196349541   -1.745329252   46.581159672  -33.095591373  -13.505056155
    0.392699082   -1.745329252   38.889569689  -43.977200286  -14.617035661
    0.589048623   -1.745329252   30.012184078  -44.314692937  -15.941758041
    0.785398163   -1.745329252   22.401232699  -30.937424072  -17.003411623
    0.981747704   -1.745329252   18.642949318   -5.910775816  -17.224463104
    1.178097245   -1.745329252   20.369354352   23.387299093  -16.199581527
    1.374446786   -1.745329252   27.475998579   47.350800665  -13.899395629
    1.570796327   -1.745329252   38.128430125   58.671742503  -10.678357148
    1.767145868   -1.745329252   49.543710880   55.258536762   -7.084757332
    1.963495408   -1.745329252   59.053023178   40.050979796   -3.604593217
    2.159844949   -1.745329252   64.862097417   18.554767426   -0.524030610
    2.356194490   -1.745329252   66.289557137   -3.773372397    2.068480730
    2.552544031   -1.745329252   63.606056360  -22.723023162    4.174366175
    2.748893572   -1.745329252   57.778468981  -35.408408394    5.808310209
    2.945243113   -1.745329252   50.237139318  -40.006016866    6.970079752

   -3.141592654   -1.396263402   42.700496781  -37.159889175    5.349300994
   -2.945243113   -1.396263402   36.378053888  -26.415441173    4.908889536
   -2.748893572   -1.396263402   32.592006630  -12.006350560    4.032232002
   -2.552544031   -1.396263402   31.602208450    1.343519903    2.779853456
   -2.356194490   -1.396263402   32.797927862    9.801644712    1.162936716
   -2.159844949   -1.396263402   35.029784023   11.902144792   -0.855739872
   -1.963495408   -1.396263402   37.131806950    8.875070340   -3.322480573
   -1.767145868   -1.396263402   38.376094754    3.743886367   -6.207088099
   -1.570796327   -1.396263402   38.682035496   -0.181278045   -9.328902688
   -1.374446786   -1.396263402   38.530408155   -0.685961361  -12.345709423
   -1.178097245   -1.396263402   38.659068553    2.559419695  -14.833629585
   -0.981747704   -1.396263402   39.683950182    8.043922412  -16.431243690
   -0.785398163   -1.396263402   41.790520127   13.034169053  -16.975507452
   -0.589048623   -1.396263402   44.586789559   14.592014869  -16.554947849
   -0.392699082   -1.396263402   47.160002306   10.493653742  -15.487663399
   -0.196349541   -1.396263402   48.291659001   -0.050927013  -14.207127710
    0.000000000   -1.396263402   46.803457202  -15.759674884  -13.148362826
    0.196349541   -1.396263402   42.015262539  -32.803439207  -12.603123155
    0.392699082   -1.396263402   34.234668790  -45.119688135  -12.619386123
    0.589048623   -1.396263402   25.040715684  -46.242874750  -12.964298883
    0.785398163   -1.396263402   17.062940827  -32.547494689  -13.200973779
    0.981747704   -1.396263402   13.114865025   -6.077575155  -12.866051780
    1.178097245   -1.396263402   15.009869455   25.318007123  -11.684386500
    1.374446786   -1.396263402   22.701192447   51.291770745   -9.683439481
    1.570796327   -1.396263402   34.269355399   63.894360419   -7.151861339
    1.767145868   -1.396263402   46.755494267   60.776078108   -4.473930674
    1.963495408   -1.396263402   57.304679558   45.001822552   -1.949984373
    2.159844949   -1.396263402   63.984580416   22.414639637    0.266786447
    2.356194490   -1.396263402   66.044232426   -1.209672439    2.135723385
    2.552544031   -1.396263402   63.737775067  -21.428362149    3.632449235
    2.748893572   -1.396263402   58.053203327  -35.207102660    4.705693597
    2.945243113   -1.396263402   50.466808123  -40.613378391    5.289156588

   -3.141592654   -1.047197551   41.501609749  -40.365947324    4.855616816
   -2.945243113   -1.047197551   34.526819858  -29.774075845    3.834526173
   -2.748893572   -1.047197551   30.102652797  -15.098696409    2.156576723
   -2.552544031   -1.047197551   28.544193822   -1.372332546   -0.042098279
   -2.356194490   -1.047197551   29.225366328    7.209072537   -2.645768298
   -2.159844949   -1.047197551   30.921929258    8.962104953   -5.602187302
   -1.963495408   -1.047197551   32.380840605    5.233757518   -8.886300620
   -1.767145868   -1.047197551   32.842982327   -0.522478098  -12.382177418
   -1.570796327   -1.047197551   32.296244342   -4.457806377  -15.786452151
   -1.374446786   -1.047197551   31.381099036   -4.015818898  -18.624248664
   -1.178097245   -1.047197551   31.024684704    1.071803158  -20.399306496
   -0.981747704   -1.047197551   31.979364211    8.838927158  -20.800513364
   -0.785398163   -1.047197551   34.455458093   15.921779814  -19.842266284
   -0.589048623   -1.047197551   37.967463821   18.833039675  -17.857036162
   -0.392699082   -1.047197551   41.424077352   15.074943391  -15.382859056
   -0.196349541   -1.047197551   43.406071949    3.876318324  -12.970856601
    0.000000000   -1.047197551   42.565216191  -13.175834513  -11.029972195
    0.196349541   -1.047197551   38.131362342  -31.768049156   -9.704555030
    0.392699082   -1.047197551   30.425931461  -45.292446601   -8.860066558
    0.589048623   -1.047197551   21.140562810  -46.854318040   -8.178135268
    0.785398163   -1.047197551   13.075214639  -32.689928934   -7.332132595
    0.981747704   -1.047197551    9.205333356   -5.069398284   -6.150515390
    1.178097245   -1.047197551   11.432657036   27.675767874   -4.683163268
    1.374446786   -1.047197551   19.698188588   54.691691504   -3.124656306
    1.570796327   -1.047197551   31.987552016   67.722196214   -1.672074788
    1.767145868   -1.047197551   45.214734198   64.398824729   -0.409576685
    1.963495408   -1.047197551   56.415515627   47.951044481    0.712396935
    2.159844949   -1.047197551   63.585213364   24.421704685    1.797861529
    2.356194490   -1.047197551   65.933229306   -0.301584180    2.904495224
    2.552544031   -1.047197551   63.688674335  -21.717888981    3.965312281
    2.748893572   -1.047197551   57.827469573  -36.706445268    4.793703851
    2.945243113   -1.047197551   49.839747781  -43.157054790    5.153272580

   -3.141592654   -0.698131701   41.861941171  -42.760456789    2.600779350
   -2.945243113   -0.698131701   34.309220658  -33.220098342    0.745652557
   -2.748893572   -0.698131701   29.130590370  -19.275176306   -1.812988773
   -2.552544031   -0.698131701   26.706472924   -5.974242836   -4.834664818
   -2.356194490   -0.698131701   26.454753363    2.315049081   -8.105729360
   -2.159844949   -0.698131701   27.160484874    3.758003072  -11.511593213
   -1.963495408   -0.698131701   27.570469960   -0.212504375  -14.978859433
   -1.767145868   -0.698131701   26.969653363   -5.797296343  -18.315376865
   -1.570796327   -0.698131701   25.468160406   -8.747517538  -21.109650977
   -1.374446786   -0.698131701   23.886025709   -6.370914543  -22.809172791
   -1.178097245   -0.698131701   23.314229056    1.294848596  -22.963481374
   -0.981747704   -0.698131701   24.571000270   11.631003659  -21.473879817
   -0.785398163   -0.698131701   27.794993032   20.589265727  -18.678867351
   -0.589048623   -0.698131701   32.317180075   24.250950844  -15.217692073
   -0.392699082   -0.698131701   36.815049565   20.089173814  -11.783989484
   -0.196349541   -0.698131701   39.670040748    7.653482325   -8.868100436
    0.000000000   -0.698131701   39.422663207  -10.904992190   -6.620604990
    0.196349541   -0.698131701   35.310183109  -30.666739586   -4.842769963
    0.392699082   -0.698131701   27.766672468  -44.603084171   -3.136142211
    0.589048623   -0.698131701   18.644221986  -45.774838500   -1.161981003
    0.785398163   -0.698131701   10.870720127  -30.773948036    1.118423827
    0.981747704   -0.698131701    7.456287104   -2.416963185    3.380261921
    1.178097245   -0.698131701   10.237678846   30.557275763    5.111171910
    1.374446786   -0.698131701   19.044414361   57.237890936    5.929162488
    1.570796327   -0.698131701   31.772944977   69.625279623    5.808886230
    1.767145868   -0.698131701   45.312244293   65.705321165    5.083649767
    1.963495408   -0.698131701   56.732147069   48.922095995    4.246062368
    2.159844949   -0.698131701   64.080722439   25.299764716    3.696753899
    2.356194490   -0.698131701   66.596601874    0.513420952    3.583644040
    2.552544031   -0.698131701   64.488878518  -21.195672376    3.769987462
    2.748893572   -0.698131701   58.669986306  -36.867150318    3.916410438
    2.945243113   -0.698131701   50.553114494  -44.361346429    3.626876039

   -3.141592654   -0.349065850   42.304488151  -45.923138996    0.246352471
   -2.945243113   -0.349065850   33.991304807  -37.735513178   -1.977025909
   -2.748893572   -0.349065850   27.830255773  -24.661433027   -4.815680574
   -2.552544031   -0.349065850   24.309049737  -11.680246327   -7.987627900
   -2.356194490   -0.349065850   22.936360010   -3.360418999  -11.240781031
   -2.159844949   -0.349065850   22.541756267   -1.761338926  -14.434994252
   -1.963495408   -0.349065850   21.895269408   -5.402620078  -17.466729785
   -1.767145868   -0.349065850   20.347184945  -10.130063266  -20.095853971
   -1.570796327   -0.349065850   18.151139058  -11.322120865  -21.863290223
   -1.374446786   -0.349065850   16.311644509   -6.300108584  -22.225739793
   -1.178097245   -0.349065850   16.047227226    4.340380428  -20.855701181
   -0.981747704   -0.349065850   18.156817683   17.111585049  -17.892362303
   -0.785398163   -0.349065850   22.597100751   27.260545197  -13.949962194
   -0.589048623   -0.349065850   28.426905040   30.674954344   -9.863519135
   -0.392699082   -0.349065850   34.069726725   25.203298597   -6.338229400
   -0.196349541   -0.349065850   37.766367823   11.118556373   -3.671417480
    0.000000000   -0.349065850   38.068203109   -8.653801095   -1.671833051
    0.196349541   -0.349065850   34.354468600  -28.681988807    0.209132662
    0.392699082   -0.349065850   27.255835002  -41.930378676    2.565942945
    0.589048623   -0.349065850   18.766189469  -42.007441504    5.654036812
    0.785398163   -0.349065850   11.810978344  -26.358447740    9.145167530
    0.981747704   -0.349065850    9.241023209    1.547502233   12.210161678
    1.178097245   -0.349065850   12.661610194   32.942560361   13.938971905
    1.374446786   -0.349065850   21.732676097   57.528404683   13.848593781
    1.570796327   -0.349065850   34.334368455   68.165115810   12.134294227
    1.767145868   -0.349065850   47.489594943   63.432824039    9.527692149
    1.963495408   -0.349065850   58.467845930   46.839281953    6.894443057
    2.159844949   -0.349065850   65.480440188   24.014871926    4.856210668
    2.356194490   -0.349065850   67.828699894    0.048555967    3.611598238
    2.552544031   -0.349065850   65.672934463  -21.332815864    2.967913069
    2.748893572   -0.349065850   59.798263584  -37.430181546    2.491521135
    2.945243113   -0.349065850   51.470109583  -46.048395219    1.702009072

   -3.141592654    0.000000000   42.024236232  -49.315920409   -1.937163209
   -2.945243113    0.000000000   32.930699508  -42.218305040   -4.048627266
   -2.748893572    0.000000000   25.816794998  -29.782802822   -6.536239903
   -2.552544031    0.000000000   21.270886956  -16.916748996   -9.165402155
   -2.356194490    0.000000000   18.888401936   -8.370935860  -11.747196445
   -2.159844949    0.000000000   17.546501602   -6.373980251  -14.187242260
   -1.963495408    0.000000000   16.052792895   -9.350764220  -16.388587104
   -1.767145868    0.000000000   13.841310100  -12.806573532  -18.094503978
   -1.570796327    0.000000000   11.315049530  -11.861896593  -18.852565746
   -1.374446786    0.000000000    9.639036063   -4.030315244  -18.194486562
   -1.178097245    0.000000000   10.101084861    9.385016610  -15.939347280
   -0.981747704    0.000000000   13.404281955   24.006991535  -12.392438933
   -0.785398163    0.000000000   19.259849839   34.521633327   -8.272593169
   -0.589048623    0.000000000   26.431931718   36.893033204   -4.397221310
   -0.392699082    0.000000000   33.125185686   29.632825100   -1.312215750
   -0.196349541    0.000000000   37.524852248   13.955588655    0.935175863
    0.000000000    0.000000000   38.306031999   -6.397185963    2.795149494
    0.196349541    0.000000000   35.088838749  -25.671089040    4.972199553
    0.392699082    0.000000000   28.738473567  -37.242948754    8.031362123
    0.589048623    0.000000000   21.333234595  -35.784863577   11.997325570
    0.785398163    0.000000000   15.648613328  -19.953848990   16.191452084
    0.981747704    0.000000000   14.194272524    6.169737472   19.460198422
    1.178097245    0.000000000   18.214105760   34.249592887   20.741485895
    1.374446786    0.000000000   27.181355501   55.236880921   19.622911667
    1.570796327    0.000000000   39.056107607   63.312468001   16.534658822
    1.767145868    0.000000000   51.145727833   57.726706120   12.480536014
    1.963495408    0.000000000   61.049954577   41.810174592    8.522886010
    2.159844949    0.000000000   67.213451240   20.456115065    5.368450923
    2.356194490    0.000000000   69.010236157   -2.072134726    3.215138077
    2.552544031    0.000000000   66.530544253  -22.647406629    1.843843355
    2.748893572    0.000000000   60.406118574  -38.806765977    0.811358093
    2.945243113    0.000000000   51.737348069  -48.246538342   -0.343174860

   -3.141592654    0.349065850   42.350175462  -51.109456653   -2.247088524
   -2.945243113    0.349065850   32.811559812  -44.932062122   -3.441770281
   -2.748893572    0.349065850   25.085744966  -33.240151267   -4.802924073
   -2.552544031    0.349065850   19.815382441  -20.774691517   -6.263190173
   -2.356194490    0.349065850   16.663162620  -12.300716670   -7.768545413
   -2.159844949    0.349065850   14.567653802  -10.063072702   -9.277378634
   -1.963495408    0.349065850   12.407324521  -12.360053942  -10.675295399
   -1.767145868    0.349065850    9.723863228  -14.481237249  -11.689916710
   -1.570796327    0.349065850    7.058649394  -11.501140530  -11.924176344
   -1.374446786    0.349065850    5.687254915   -1.284183435  -11.040802364
   -1.178097245    0.349065850    6.901200779   14.171796262   -8.991067173
   -0.981747704    0.349065850   11.264194604   29.802966856   -6.111694896
   -0.785398163    0.349065850   18.249819048   40.031642913   -2.996212311
   -0.589048623    0.349065850   26.391774401   41.161072450   -0.209310745
   -0.392699082    0.349065850   33.779273475   32.478562629    1.998827733
   -0.196349541    0.349065850   38.648676432   16.068839233    3.810429501
    0.000000000    0.349065850   39.873478604   -3.767054038    5.763022417
    0.196349541    0.349065850   37.326504402  -21.315632798    8.468307897
    0.392699082    0.349065850   32.046746209  -30.719580692   12.242280674
    0.589048623    0.349065850   26.079923416  -27.906102357   16.790859600
    0.785398163    0.349065850   21.921419033  -12.682669337   21.170529118
    0.981747704    0.349065850   21.645740879   10.549172760   24.120352128
    1.178097245    0.349065850   26.109696974   34.257760909   24.655938995
    1.374446786    0.349065850   34.640287755   50.927258968   22.562015511
    1.570796327    0.349065850   45.356806074   56.157571169   18.479705321
    1.767145868    0.349065850   55.932858116   49.813245866   13.549081596
    1.963495408    0.349065850   64.360988734   34.926460219    8.872045164
    2.159844949    0.349065850   69.358678681   15.543792583    5.136739369
    2.356194490    0.349065850   70.395136477   -4.954639756    2.521222986
    2.552544031    0.349065850   67.505131504  -24.073123936    0.832231628
    2.748893572    0.349065850   61.175037092  -39.626318063   -0.297403671
    2.945243113    0.349065850   52.336139696  -49.280376179   -1.236021543

   -3.141592654    0.698131701   43.047799362  -50.978975905   -2.282857121
   -2.945243113    0.698131701   33.481912617  -45.369532386   -2.307119297
   -2.748893572    0.698131701   25.596513436  -34.431377889   -2.328139231
   -2.552544031    0.698131701   20.018282337  -22.696348212   -2.492312449
   -2.356194490    0.698131701   16.431071718  -14.763255903   -2.901619451
   -2.159844949    0.698131701   13.826532105  -12.712773166   -3.564176829
   -1.963495408    0.698131701   11.168162007  -14.686893318   -4.347981954
   -1.767145868    0.698131701    8.108491338  -15.888002925   -4.989862758
   -1.570796327    0.698131701    5.299785201  -11.497446034   -5.185238045
   -1.374446786    0.698131701    4.083183385    0.268684890   -4.730323785
   -1.178097245    0.698131701    5.730350892   16.933059342   -3.629753113
   -0.981747704    0.698131701   10.698230340   33.071126108   -2.089936473
   -0.785398163    0.698131701   18.314313378   43.084142272   -0.393003689
   -0.589048623    0.698131701   27.000203463   43.637694057    1.272589376
   -0.392699082    0.698131701   34.829711052   34.587428726    2.944354323
   -0.196349541    0.698131701   40.134197070   18.545450320    4.888101512
    0.000000000    0.698131701   41.958233940    0.006321061    7.493062652
    0.196349541    0.698131701   40.335174019  -15.630754871   11.041191801
    0.392699082    0.698131701   36.349894651  -23.347172564   15.451548468
    0.589048623    0.698131701   31.899236156  -20.132116407   20.115988241
    0.785398163    0.698131701   29.143095653   -6.536787159   23.988570457
    0.981747704    0.698131701   29.751240982   13.142412253   25.957810576
    1.178097245    0.698131701   34.290957453   32.401988158   25.355857834
    1.374446786    0.698131701   42.054789616   45.181762848   22.287664515
    1.570796327    0.698131701   51.393761054   48.211297864   17.573521761
    1.767145868    0.698131701   60.358742274   41.662230196   12.347760255
    1.963495408    0.698131701   67.298509185   28.111492788    7.579209602
    2.159844949    0.698131701   71.155293230   10.790368771    3.806360237
    2.356194490    0.698131701   71.465646653   -7.640543006    1.133373864
    2.552544031    0.698131701   68.217165287  -25.133719972   -0.589964695
    2.748893572    0.698131701   61.788159032  -39.682631349   -1.595908240
    2.945243113    0.698131701   52.983871870  -48.969647758   -2.099799890

   -3.141592654    1.047197551   41.380587859  -51.195185810   -6.010651783
   -2.945243113    1.047197551   31.837450220  -44.945879572   -5.468269299
   -2.748893572    1.047197551   24.072867074  -33.678195052   -4.529601993
   -2.552544031    1.047197551   18.643677763  -21.991899624   -3.498680585
   -2.356194490    1.047197551   15.163003725  -14.419409496   -2.651178054
   -2.159844949    1.047197551   12.580934433  -12.818772937   -2.134175309
   -1.963495408    1.047197551    9.870821656  -15.056210900   -1.924997118
   -1.767145868    1.047197551    6.742825835  -16.147383294   -1.877900621
   -1.570796327    1.047197551    3.924569857  -11.290424324   -1.819877709
   -1.374446786    1.047197551    2.809630375    1.095775702   -1.633389399
   -1.178097245    1.047197551    4.674713907   18.288617310   -1.273459174
   -0.981747704    1.047197551    9.943532949   34.743662756   -0.720091422
   -0.785398163    1.047197551   17.907586911   44.949015866    0.085477159
   -0.589048623    1.047197551   26.987216923   45.831349928    1.266695060
   -0.392699082    1.047197551   35.312003419   37.521723850    3.008369714
   -0.196349541    1.047197551   41.310775679   22.774013421    5.496163489
    0.000000000    1.047197551   44.126689152    5.914286672    8.842973419
    0.196349541    1.047197551   43.822917366   -8.184479653   12.958452033
    0.392699082    1.047197551   41.381883303  -15.288370488   17.430074068
    0.589048623    1.047197551   38.443839153  -13.095103266   21.495982047
    0.785398163    1.047197551   36.816735050   -2.357273772   24.214751123
    0.981747704    1.047197551   37.853736311   13.206281374   24.807261857
    1.178097245    1.047197551   41.985077611   28.274392392   23.016190718
    1.374446786    1.047197551   48.612380060   37.999165701   19.244419709
    1.570796327    1.047197551   56.386121369   39.761666808   14.370898625
    1.767145868    1.047197551   63.706564076   33.585137809    9.359999277
    1.963495408    1.047197551   69.182327031   21.372010229    4.894441028
    2.159844949    1.047197551   71.870135453    5.611003889    1.256399578
    2.356194490    1.047197551   71.300933900  -11.469108854   -1.572641482
    2.552544031    1.047197551   67.408889703  -27.900273068   -3.695270521
    2.748893572    1.047197551   60.526028999  -41.552167157   -5.158708041
    2.945243113    1.047197551   51.437801178  -49.988938167   -5.936307279

   -3.141592654    1.396263402   37.089301775  -51.499752479  -10.973253666
   -2.945243113    1.396263402   27.674120347  -43.375429013  -10.566014931
   -2.748893572    1.396263402   20.361997742  -30.757572520   -9.342202442
   -2.552544031    1.396263402   15.572957913  -18.535565607   -7.619181821
   -2.356194490    1.396263402   12.757494410  -11.213104312   -5.756851769
   -2.159844949    1.396263402   10.737254747  -10.353623663   -4.030423104
   -1.963495408    1.396263402    8.424332470  -13.474842735   -2.570265084
   -1.767145868    1.396263402    5.526780531  -15.355889852   -1.395180358
   -1.570796327    1.396263402    2.801400358  -11.104759504   -0.482925210
   -1.374446786    1.396263402    1.682220860    0.906147725    0.190703031
   -1.178097245    1.396263402    3.499997214   18.057107098    0.675152925
   -0.981747704    1.396263402    8.757920328   34.948665183    1.095622205
   -0.785398163    1.396263402   16.850695112   46.135820839    1.670483014
   -0.589048623    1.396263402   26.299715268   48.466672402    2.662194936
   -0.392699082    1.396263402   35.305978724   41.838067357    4.311258633
   -0.196349541    1.396263402   42.314454254   28.704022844    6.748214014
    0.000000000    1.396263402   46.420931714   13.027148492    9.934690868
    0.196349541    1.396263402   47.564340253   -0.732546101   13.589260041
    0.392699082    1.396263402   46.521233931   -8.733776408   17.164813248
    0.589048623    1.396263402   44.667392383   -8.828289111   19.923039813
    0.785398163    1.396263402   43.559631354   -1.458250839   21.147252967
    0.981747704    1.396263402   44.411283952   10.457861165   20.422661736
    1.178097245    1.396263402   47.695166089   22.579977268   17.837194277
    1.374446786    1.396263402   53.025431823   30.731038582   13.957233713
    1.570796327    1.396263402   59.336827245   32.338629496    9.569563013
    1.767145868    1.396263402   65.262977805   26.888639224    5.351044806
    1.963495408    1.396263402   69.514568495   15.579091760    1.638215493
    2.159844949    1.396263402   71.131248268    0.430811614   -1.557687836
    2.356194490    1.396263402   69.578832212  -16.328245581   -4.376381699
    2.552544031    1.396263402   64.764691241  -32.386396202   -6.885504150
    2.748893572    1.396263402   57.071962358  -45.210309694   -8.979960116
    2.945243113    1.396263402   47.397718861  -52.190322272  -10.419583610

   -3.141592654    1.745329252   31.593854620  -52.819036467  -15.534043179
   -2.945243113    1.745329252   22.139405735  -42.457129918  -15.421892103
   -2.748893572    1.745329252   15.206557167  -27.907008892  -14.092058227
   -2.552544031    1.745329252   11.109082207  -14.487374344  -11.812579272
   -2.356194490    1.745329252    9.134346574   -6.838811764   -8.968887081
   -2.159844949    1.745329252    7.943978716   -6.372707787   -5.924942667
   -1.963495408    1.745329252    6.336002678  -10.324144800   -2.949475484
   -1.767145868    1.745329252    3.959922668  -13.206330550   -0.234303323
   -1.570796327    1.745329252    1.559864462   -9.922327689    2.060203197
   -1.374446786    1.745329252    0.595579820    1.353201579    3.803155075
   -1.178097245    1.745329252    2.464637523   18.219611298    4.953772070
   -0.981747704    1.745329252    7.777490636   35.452799373    5.625388328
   -0.785398163    1.745329252   16.056245910   47.611900867    6.083033513
   -0.589048623    1.745329252   25.929855340   51.356508259    6.650186922
   -0.392699082    1.745329252   35.653859972   46.233854648    7.600986844
   -0.196349541    1.745329252   43.651371268   34.297806956    9.050517318
    0.000000000    1.745329252   48.918338145   19.105603611   10.910478240
    0.196349541    1.745329252   51.220095235    4.795350681   12.861415766
    0.392699082    1.745329252   51.112964540   -4.916502646   14.405657041
    0.589048623    1.745329252   49.760113854   -7.656980367   15.008312834
    0.785398163    1.745329252   48.589065409   -3.260884909   14.310783994
    0.981747704    1.745329252   48.826611219    6.148665740   12.307560802
    1.178097245    1.745329252   51.104478873   16.853209155    9.372397865
    1.374446786    1.745329252   55.273109014   24.804519143    6.089780808
    1.570796327    1.745329252   60.474624219   27.044679503    2.977471360
    1.767145868    1.745329252   65.442187799   22.389057430    0.276488085
    1.963495408    1.745329252   68.859396624   11.488937773   -2.103092693
    2.159844949    1.745329252   69.666373058   -3.809196634   -4.434033698
    2.356194490    1.745329252   67.237730363  -21.022794055   -6.952790811
    2.552544031    1.745329252   61.468194121  -37.345319772   -9.665300998
    2.748893572    1.745329252   52.826393722  -49.774484462  -12.301376168
    2.945243113    1.745329252   42.365150036  -55.488838026  -14.407376586

   -3.141592654    2.094395102   25.567905727  -54.557550892  -16.864885214
   -2.945243113    2.094395102   16.001269049  -41.841050737  -17.055028486
   -2.748893572    2.094395102    9.414279250  -25.067195820  -15.800113882
   -2.552544031    2.094395102    6.049983284   -9.977075697  -13.247892454
   -2.356194490    2.094395102    5.065476040   -1.387653062   -9.741934939
   -2.159844949    2.094395102    4.981367678   -0.657855688   -5.693726713
   -1.963495408    2.094395102    4.476340134   -4.882921297   -1.490944240
   -1.767145868    2.094395102    3.107119643   -8.454092399    2.516497420
   -1.570796327    2.094395102    1.546468964   -6.166727885    6.004111042
   -1.374446786    2.094395102    1.209346273    3.981492671    8.694699293
   -1.178097245    2.094395102    3.493572325   19.864475439   10.432095131
   -0.981747704    2.094395102    9.066148878   36.535695764   11.250797652
   -0.785398163    2.094395102   17.547510033   48.670652855   11.375164741
   -0.589048623    2.094395102   27.665037710   52.829253725   11.125034962
   -0.392699082    2.094395102   37.734521860   48.265655914   10.797063971
   -0.196349541    2.094395102   46.171907938   36.680852846   10.541931173
    0.000000000    2.094395102   51.898746457   21.293969219   10.314045407
    0.196349541    2.094395102   54.550976355    6.046625161    9.870096282
    0.392699082    2.094395102   54.539255403   -5.290618034    8.878113779
    0.589048623    2.094395102   52.922840873   -9.972338650    7.104592139
    0.785398163    2.094395102   51.123975989   -7.238083159    4.598439323
    0.981747704    2.094395102   50.481422455    1.334112976    1.739507075
    1.178097245    2.094395102   51.815731148   12.221784481   -0.909655434
    1.374446786    2.094395102   55.157979673   21.095222933   -2.882990364
    1.570796327    2.094395102   59.739408913   24.408724287   -4.049700349
    1.767145868    2.094395102   64.260887071   20.366792509   -4.661991037
    1.963495408    2.094395102   67.278306523    9.309202299   -5.218922148
    2.159844949    2.094395102   67.582917313   -6.829986078   -6.217870920
    2.356194490    2.094395102   64.453744702  -25.127146848   -7.938542532
    2.552544031    2.094395102   57.794765341  -42.195209388  -10.322380001
    2.748893572    2.094395102   48.191371476  -54.549430089  -12.991615644
    2.945243113    2.094395102   36.882660950  -59.171706116  -15.369534155

   -3.141592654    2.443460953   19.992055831  -56.567684631  -10.998665266
   -2.945243113    2.443460953   10.243545944  -41.634025507  -10.634413972
   -2.748893572    2.443460953    3.929677963  -22.516534554   -9.115998576
   -2.552544031    2.443460953    1.276389867   -5.361009463   -6.519622021
   -2.356194490    2.443460953    1.359533125    4.770759291   -3.060331445
   -2.159844949    2.443460953    2.586729783    6.438008266    0.986918077
   -1.963495408    2.443460953    3.516616442    2.533635871    5.319863966
   -1.767145868    2.443460953    3.584071232   -1.343422568    9.578812523
   -1.570796327    2.443460953    3.338387183    0.015398492   13.328998595
   -1.374446786    2.443460953    4.079786722    8.712579997   16.123345229
   -1.178097245    2.443460953    7.125156227   22.863405818   17.644104484
   -0.981747704    2.443460953   13.118308586   37.851990891   17.830579378
   -0.785398163    2.443460953   21.718705324   48.627693746   16.898536632
   -0.589048623    2.443460953   31.731049502   51.865126833   15.224745453
   -0.392699082    2.443460953   41.551219204   46.720094168   13.184955553
   -0.196349541    2.443460953   49.638253357   34.646068694   11.000266197
    0.000000000    2.443460953   54.902902797   18.566144867    8.687438484
    0.196349541    2.443460953   56.923263641    2.282508635    6.098464640
    0.392699082    2.443460953   56.053224839  -10.264992284    3.072370471
    0.589048623    2.443460953   53.361971067  -15.840239094   -0.362410860
    0.785398163    2.443460953   50.392010144  -13.108844793   -3.862092440
    0.981747704    2.443460953   48.691560897   -3.374784772   -6.835993193
    1.178097245    2.443460953   49.292339136    9.562259853   -8.706035945
    1.374446786    2.443460953   52.332292514   20.629990469   -9.216057090
    1.570796327    2.443460953   56.988155427   25.467292646   -8.580245355
    1.767145868    2.443460953   61.771779432   21.770128890   -7.381822523
    1.963495408    2.443460953   64.999274080    9.878416293   -6.310670548
    2.159844949    2.443460953   65.266459148   -7.855275256   -5.892210874
    2.356194490    2.443460953   61.763045002  -27.879522410   -6.333456994
    2.552544031    2.443460953   54.428520891  -46.200000052   -7.502301544
    2.748893572    2.443460953   43.986953440  -58.906006362   -9.009706877
    2.945243113    2.443460953   31.874955116  -62.820862339  -10.340573183

   -3.141592654    2.792526803   17.539993509  -56.757113531    0.837001737
   -2.945243113    2.792526803    7.886454392  -40.440270335    2.390596355
   -2.748893572    2.792526803    1.960306023  -19.759651219    4.296136971
   -2.552544031    2.792526803    0.000000000   -1.085152266    6.505168683
   -2.356194490    2.792526803    1.055376214   10.347854454    9.036614008
   -2.159844949    2.792526803    3.477491072   12.961128357   11.957793306
   -1.963495408    2.792526803    5.740761601    9.492078358   15.270228525
   -1.767145868    2.792526803    7.162275782    5.361610494   18.758422556
   -1.570796327    2.792526803    8.142416131    5.660641187   21.937086844
   -1.374446786    2.792526803    9.826199559   12.563512947   24.173969562
   -1.178097245    2.792526803   13.412680749   24.487148038   24.942930272
   -0.981747704    2.792526803   19.502661781   37.249033161   24.051555521
   -0.785398163    2.792526803   27.793806067   46.155503480   21.703634056
   -0.589048623    2.792526803   37.178520622   48.024431943   18.366196363
   -0.392699082    2.792526803   46.145191991   41.911267677   14.544661355
   -0.196349541    2.792526803   53.209902569   29.050906947   10.579547148
    0.000000000    2.792526803   57.298726779   12.178339158    6.571934439
    0.196349541    2.792526803   57.986411413   -4.884621328    2.452726041
    0.392699082    2.792526803   55.654850537  -17.891918229   -1.826769286
    0.589048623    2.792526803   51.482152579  -23.125800322   -6.080676848
    0.785398163    2.792526803   47.208655003  -18.891989674   -9.809946915
    0.981747704    2.792526803   44.611041706   -6.578451958  -12.353379519
    1.178097245    2.792526803   44.879369885    9.390533150  -13.214246602
    1.374446786    2.792526803   48.153091013   23.042214225  -12.358370979
    1.570796327    2.792526803   53.443955189   29.296509112  -10.259114078
    1.767145868    2.792526803   59.003771987   25.632426729   -7.673106952
    1.963495408    2.792526803   62.899459208   12.690043135   -5.297513201
    2.159844949    2.792526803   63.569108950   -6.597428599   -3.527948102
    2.356194490    2.792526803   60.162247768  -28.100524040   -2.402643586
    2.552544031    2.792526803   52.676188876  -47.419078467   -1.702190912
    2.748893572    2.792526803   41.951802991  -60.447373421   -1.102866996
    2.945243113    2.792526803   29.563472257  -63.984807557   -0.314621293
