#! FIELDS phi psi file.free der_phi der_psi
#! SET min_phi -pi
#! SET max_phi pi
#! SET nbins_phi  32
#! SET periodic_phi true
#! SET min_psi -pi
#! SET max_psi pi
#! SET nbins_psi  18
#! SET periodic_psi true
   -3.141592654   -3.141592654   18.393998625  -54.257758765   17.899285385
   -2.945243113   -3.141592654    9.548611320  -35.128337161   20.349986370
   -2.748893572   -3.141592654    4.746889284  -14.076458660   21.796210421
   -2.552544031   -3.141592654    3.776342125    3.072840396   22.460927478
   -2.356194490   -3.141592654    5.460739522   12.651703152   22.879299967
   -2.159844949   -3.141592654    8.241026444   14.553361766   23.714717540
   -1.963495408   -3.141592654   10.885134688   12.011673986   25.465708337
   -1.767145868   -3.141592654   12.987868643    9.851852482   28.185034932
   -1.570796327   -3.141592654   15.046160197   12.029082588   31.381496868
   -1.374446786   -3.141592654   18.090967029   19.843206560   34.182867909
   -1.178097245   -3.141592654   23.101139356   31.495097526   35.678352749
   -0.981747704   -3.141592654   30.472464404   43.163561377   35.246179811
   -0.785398163   -3.141592654   39.781111506   50.516516573   32.700331335
   -0.589048623   -3.141592654   49.833846147   50.329945454   28.239949134
   -0.392699082   -3.141592654   58.977064247   41.171573664   22.296032179
   -0.196349541   -3.141592654   65.478535694   23.767532834   15.395932441
    0.000000000   -3.141592654   67.966150968    0.953723810    8.089298713
    0.196349541   -3.141592654   65.830113146  -22.358277019    0.935987810
    0.392699082   -3.141592654   59.572461248  -39.980240854   -5.491143840
    0.589048623   -3.141592654   50.898844995  -46.145375816  -10.619140576
    0.785398163   -3.141592654   42.414084831  -37.951634508  -13.962958188
    0.981747704   -3.141592654   36.842373812  -17.212280124  -15.271980110
    1.178097245   -3.141592654   36.064800813    9.488512268  -14.664024094
    1.374446786   -3.141592654   40.370030783   33.018866257  -12.622760029
    1.570796327   -3.141592654   48.297775252   45.334107922   -9.797482835
    1.767145868   -3.141592654   57.165592089   42.347499901   -6.727105418
    1.963495408   -3.141592654   63.990993178   25.112362587   -3.641087598
    2.159844949   -3.141592654   66.429102098   -1.224814310   -0.478657192
    2.356194490   -3.141592654   63.385644489  -29.478622759    2.939621701
    2.552544031   -3.141592654   55.193142327  -52.611065468    6.702484938
    2.748893572   -3.141592654   43.406260299  -65.448427559   10.685911625
    2.945243113   -3.141592654   30.328397270  -65.680145260   14.560105365

   -3.141592654   -2.792526803   26.518076129  -49.535297168   26.166552955
   -2.945243113   -2.792526803   18.378131489  -32.696259427   28.452088405
   -2.748893572   -2.792526803   13.841813547  -13.717153139   29.392277477
   -2.552544031   -2.792526803   12.803536183    2.215100219   29.347686978
   -2.356194490   -2.792526803   14.304354636   11.871446684   28.986294839
   -2.159844949   -2.792526803   17.047931124   15.145607120   29.047075042
   -1.963495408   -2.792526803   20.010449849   14.712752835   30.022766738
   -1.767145868   -2.792526803   22.839645066   14.421278573   31.895718163
   -1.570796327   -2.792526803   25.882511303   17.214339982   34.080093331
   -1.374446786   -2.792526803   29.855488727   23.792067291   35.629011782
   -1.178097245   -2.792526803   35.368232644   32.414823121   35.606858075
   -0.981747704   -2.792526803   42.520547476   39.901941002   33.437834498
   -0.785398163   -2.792526803   50.751524753   42.850668264   29.063810941
   -0.589048623   -2.792526803   58.913223749   38.914675824   22.894261891
   -0.392699082   -2.792526803   65.548629021   27.306614865   15.615993472
   -0.196349541   -2.792526803   69.219116508    9.086328913    8.000461537
    0.000000000   -2.792526803   68.881209083  -12.874252944    0.753002392
    0.196349541   -2.792526803   64.234457694  -33.891453164   -5.545991341
    0.392699082   -2.792526803   56.025911518  -48.183147959  -10.454710684
    0.589048623   -2.792526803   46.115461798  -50.498432006  -13.661231002
    0.785398163   -2.792526803   37.153934001  -38.505558906  -15.013988359
    0.981747704   -2.792526803   31.798257872  -14.593409487  -14.579831130
    1.178097245   -2.792526803   31.759883580   14.210808833  -12.686777388
    1.374446786   -2.792526803   37.100311711   38.672563603   -9.858178371
    1.570796327   -2.792526803   46.154616072   51.065881858   -6.612790327
    1.767145868   -2.792526803   56.129946645   47.917125010   -3.256477190
    1.963495408   -2.792526803   64.054283889   30.820201755    0.218008580
    2.159844949   -2.792526803   67.667254790    5.107348257    4.017327982
    2.356194490   -2.792526803   65.951939659  -22.286337935    8.326840762
    2.552544031   -2.792526803   59.239984073  -44.816524230   13.107716759
    2.748893572   -2.792526803   48.987067408  -57.774563898   18.032197281
    2.945243113   -2.792526803   37.327877755  -59.070075083   22.569381582

   -3.141592654   -2.443460953   34.997412483  -45.046120411   22.968267512
   -2.945243113   -2.443460953   27.537388418  -30.261429385   24.731264401
   -2.748893572   -2.443460953   23.299960287  -13.010882459   25.426985010
   -2.552544031   -2.443460953   22.293269822    1.996876502   25.364447163
   -2.356194490   -2.443460953   23.744909077   11.760163608   25.026803228
   -2.159844949   -2.443460953   26.549959413   15.983393795   24.897061072
   -1.963495408   -2.443460953   29.794501301   16.715793511   25.243624974
   -1.767145868   -2.443460953   33.086149640   16.955869213   25.958708529
   -1.570796327   -2.443460953   36.573077566   18.948234790   26.548442734
   -1.374446786   -2.443460953   40.680277953   23.189900970   26.309390694
   -1.178097245   -2.443460953   45.745641967   28.339936466   24.612300028
   -0.981747704   -2.443460953   51.722436322   32.036679543   21.158828109
   -0.785398163   -2.443460953   58.078371801   31.793392798   16.086140856
   -0.589048623   -2.443460953   63.856129678   25.949042143    9.909120661
   -0.392699082   -2.443460953   67.887705187   14.032577251    3.337085241
   -0.196349541   -2.443460953   69.046753312   -2.988771674   -2.911350558
    0.000000000   -2.443460953   66.551798062  -22.619936532   -8.272677379
    0.196349541   -2.443460953   60.274196428  -40.695159081  -12.398779496
    0.392699082   -2.443460953   51.032676792  -51.904261732  -15.149817725
    0.589048623   -2.443460953   40.680250667  -51.326065786  -16.524617588
    0.785398163   -2.443460953   31.809045694  -36.828532516  -16.598702467
    0.981747704   -2.443460953   26.983622873  -10.962324706  -15.498943675
    1.178097245   -2.443460953   27.793566725   19.108925389  -13.428790806
    1.374446786   -2.443460953   34.162021359   44.153211090  -10.667815193
    1.570796327   -2.443460953   44.308193190   56.661255404   -7.497867886
    1.767145868   -2.443460953   55.384869018   53.566500945   -4.102434959
    1.963495408   -2.443460953   64.445006949   36.801211414   -0.500485850
    2.159844949   -2.443460953   69.295080834   11.768035684    3.385178936
    2.356194490   -2.443460953   68.965090627  -14.865267182    7.595600041
    2.552544031   -2.443460953   63.760052999  -36.992865963   12.007377572
    2.748893572   -2.443460953   55.025824002  -50.277792435   16.311412514
    2.945243113   -2.443460953   44.737202960  -52.749084569   20.091827332

   -3.141592654   -2.094395102   41.296042373  -41.330193963   13.319767848
   -2.945243113   -2.094395102   34.426168835  -27.972493804   14.333652935
   -2.748893572   -2.094395102   30.508216040  -11.999073576   14.861799359
   -2.552544031   -2.094395102   29.605226764    2.122807274   15.068029153
   -2.356194490   -2.094395102   31.035920125   11.501464347   15.105859486
   -2.159844949   -2.094395102   33.784660979   15.702314146   15.053944003
   -1.963495408   -2.094395102   36.972695252   16.372700400   14.856723154
   -1.767145868   -2.094395102   40.148905225   15.992906093   14.309124769
   -1.570796327   -2.094395102   43.312397827   16.457472583   13.110957221
   -1.374446786   -2.094395102   46.708322886   18.330377096   10.988377316
   -1.178097245   -2.094395102   50.554471032   20.797412383    7.824397534
   -0.981747704   -2.094395102   54.817385481   22.269618225    3.740145340
   -0.785398163   -2.094395102   59.126265681   20.947732742   -0.918012687
   -0.589048623   -2.094395102   62.786468700   15.471857995   -5.659472043
   -0.392699082   -2.094395102   64.906063063    5.229172362   -9.979853195
   -0.196349541   -2.094395102   64.570909050   -9.319454497  -13.469380646
    0.000000000   -2.094395102   61.095197343  -26.295098897  -15.922407444
    0.196349541   -2.094395102   54.331325785  -42.058458981  -17.358730185
    0.392699082   -2.094395102   44.999861313  -51.557894072  -17.974999466
    0.589048623   -2.094395102   34.835518404  -49.830343361  -18.007399313
    0.785398163   -2.094395102   26.341651121  -34.506731521  -17.590896441
    0.981747704   -2.094395102   22.043232638   -7.914151190  -16.697905398
    1.178097245   -2.094395102   23.520535702   22.856699425  -15.211209341
    1.374446786   -2.094395102   30.687641278   48.524757434  -13.055057868
    1.570796327   -2.094395102   41.742769747   61.521492600  -10.279739647
    1.767145868   -2.094395102   53.814303563   58.827302197   -7.051490959
    1.963495408   -2.094395102   63.946258013   42.455260066   -3.567796641
    2.159844949   -2.094395102   69.947444609   17.830483599   -0.012794622
    2.356194490   -2.094395102   70.841896864   -8.496962739    3.454746897
    2.552544031   -2.094395102   66.895678573  -30.611554957    6.670061634
    2.748893572   -2.094395102   59.379774856  -44.338565671    9.467417091
    2.945243113   -2.094395102   50.174039003  -47.738232065   11.706612300

   -3.141592654   -1.745329252   43.892740069  -39.028305290    4.764172665
   -2.945243113   -1.745329252   37.421928357  -26.234060545    5.190566236
   -2.748893572   -1.745329252   33.781179172  -10.935757418    5.504582417
   -2.552544031   -1.745329252   33.011687969    2.402305626    5.668022986
   -2.356194490   -1.745329252   34.413975175   10.918474668    5.528141461
   -2.159844949   -1.745329252   36.955675185   14.153099563    4.869192350
   -1.963495408   -1.745329252   39.730291654   13.673687486    3.481140448
   -1.767145868   -1.745329252   42.243207882   11.895356291    1.239229562
   -1.570796327   -1.745329252   44.448914176   10.786806970   -1.832698232
   -1.374446786   -1.745329252   46.581200012   11.176934567   -5.531325407
   -1.178097245   -1.745329252   48.913403491   12.649752573   -9.498750189
   -0.981747704   -1.745329252   51.546627297   13.986939770  -13.295017505
   -0.785398163   -1.745329252   54.301442945   13.582355905  -16.496719636
   -0.589048623   -1.745329252   56.686198945    9.983297420  -18.779490507
   -0.392699082   -1.745329252   57.965782586    2.231078244  -19.983300108
   -0.196349541   -1.745329252   57.296001321   -9.767342576  -20.132688615
    0.000000000   -1.745329252   53.944757255  -24.708739713  -19.462475514
    0.196349541   -1.745329252   47.616525822  -39.383041605  -18.367820998
    0.392699082   -1.745329252   38.831398154  -48.819129207  -17.295704534
    0.589048623   -1.745329252   29.150481930  -47.710123440  -16.563628856
    0.785398163   -1.745329252   21.002171632  -33.059725055  -16.202135192
    0.981747704   -1.745329252   16.960378243   -6.631402579  -15.925885442
    1.178097245   -1.745329252   18.732365112   24.686556222  -15.287899793
    1.374446786   -1.745329252   26.356363293   51.392867943  -13.922330093
    1.570796327   -1.745329252   38.084553556   65.468879210  -11.729302006
    1.767145868   -1.745329252   51.012468130   63.520315809   -8.901546070
    1.963495408   -1.745329252   62.099584764   47.398677873   -5.802482454
    2.159844949   -1.745329252   69.060500662   22.597842377   -2.819545768
    2.356194490   -1.745329252   70.851351867   -4.171570169   -0.242717095
    2.552544031   -1.745329252   67.703051580  -26.819047246    1.770752115
    2.748893572   -1.745329252   60.880379230  -41.066077607    3.205001465
    2.945243113   -1.745329252   52.269568596  -44.946841582    4.151319446

   -3.141592654   -1.396263402   42.235074576  -39.478237777    2.706654147
   -2.945243113   -1.396263402   35.715695042  -26.263882681    2.529623194
   -2.748893572   -1.396263402   32.108059333  -10.618180225    2.305982244
   -2.552544031   -1.396263402   31.400413991    2.606605944    1.925191665
   -2.356194490   -1.396263402   32.775785758   10.309091372    1.123416438
   -2.159844949   -1.396263402   35.057646743   12.005150539   -0.421580754
   -1.963495408   -1.396263402   37.216583936    9.504264315   -2.952695954
   -1.767145868   -1.396263402   38.706670946    5.692560474   -6.487964665
   -1.570796327   -1.396263402   39.538029108    3.137249755  -10.747182435
   -1.374446786   -1.396263402   40.113966568    3.191395122  -15.191480463
   -1.178097245   -1.396263402   40.957030219    5.697909688  -19.169659996
   -0.981747704   -1.396263402   42.431723814    9.316987391  -22.103387993
   -0.785398163   -1.396263402   44.562729130   11.978397189  -23.631493839
   -0.589048623   -1.396263402   46.949927098   11.572829684  -23.659002144
   -0.392699082   -1.396263402   48.817058631    6.492955340  -22.347624969
   -0.196349541   -1.396263402   49.163506230   -3.890410741  -20.056090234
    0.000000000   -1.396263402   47.014560220  -18.580275038  -17.298103822
    0.196349541   -1.396263402   41.799492182  -34.386670516  -14.640800241
    0.392699082   -1.396263402   33.795717667  -45.974067265  -12.567266126
    0.589048623   -1.396263402   24.432091479  -47.294849144  -11.312874258
    0.785398163   -1.396263402   16.172110755  -34.439555880  -10.769133054
    0.981747704   -1.396263402   11.789259493   -8.479599022  -10.528550571
    1.178097245   -1.396263402   13.274189754   23.822512748  -10.082998350
    1.374446786   -1.396263402   20.910477114   52.463102217   -9.057098017
    1.570796327   -1.396263402   33.054501796   68.563667323   -7.358815802
    1.767145868   -1.396263402   46.737320696   67.942205702   -5.176909894
    1.963495408   -1.396263402   58.734418495   52.045728328   -2.851016800
    2.159844949   -1.396263402   66.544141646   26.449861722   -0.729400839
    2.356194490   -1.396263402   68.960021376   -1.720090263    0.943787025
    2.552544031   -1.396263402   66.146477990  -25.829478647    2.056617120
    2.748893572   -1.396263402   59.403112450  -41.155284074    2.631766876
    2.945243113   -1.396263402   50.718203424  -45.502342788    2.790485150

   -3.141592654   -1.047197551   39.408136025  -42.248945888    4.738018629
   -2.945243113   -1.047197551   32.405236751  -28.363404403    3.608331439
   -2.748893572   -1.047197551   28.465687286  -11.924080646    2.277115483
   -2.552544031   -1.047197551   27.550883506    1.688003678    0.732841404
   -2.356194490   -1.047197551   28.718990099    8.957708619   -1.195496431
   -2.159844949   -1.047197551   30.617306970    9.315951112   -3.773783273
   -1.963495408   -1.047197551   32.068924081    4.957340241   -7.206425946
   -1.767145868   -1.047197551   32.495276852   -0.486688452  -11.439591919
   -1.570796327   -1.047197551   32.031941483   -3.644985741  -16.054528034
   -1.374446786   -1.047197551   31.339266019   -2.684179272  -20.333505618
   -1.178097245   -1.047197551   31.239336233    2.175376288  -23.489454446
   -0.981747704   -1.047197551   32.331952855    9.030973646  -24.940268455
   -0.785398163   -1.047197551   34.738608456   15.021129335  -24.490520232
   -0.589048623   -1.047197551   38.003145310   17.303037431  -22.348120946
   -0.392699082   -1.047197551   41.169005914   13.772445240  -19.028526456
   -0.196349541   -1.047197551   42.984449765    3.550927911  -15.187895545
    0.000000000   -1.047197551   42.200325376  -12.331871973  -11.473500066
    0.196349541   -1.047197551   38.006650992  -30.359702433   -8.367899110
    0.392699082   -1.047197551   30.536422147  -44.568771661   -6.088823036
    0.589048623   -1.047197551   21.218011813  -48.109679492   -4.571489960
    0.785398163   -1.047197551   12.666578512  -36.376218944   -3.553626523
    0.981747704   -1.047197551    7.908138455  -10.153228037   -2.718460542
    1.178097245   -1.047197551    9.188174510   23.540647154   -1.827133441
    1.374446786   -1.047197551   16.950140861   54.024872492   -0.768218175
    1.570796327   -1.047197551   29.561509971   71.642254471    0.457029741
    1.767145868   -1.047197551   43.929151444   71.661534284    1.781099365
    1.963495408   -1.047197551   56.634481015   55.368185825    3.106046864
    2.159844949   -1.047197551   64.987179746   28.548626391    4.312675621
    2.356194490   -1.047197551   67.657199508   -1.263424203    5.271348318
    2.552544031   -1.047197551   64.771196253  -26.981697043    5.850615737
    2.748893572   -1.047197551   57.673975800  -43.511514384    5.955280733
    2.945243113   -1.047197551   48.459800123  -48.415580771    5.561954092

   -3.141592654   -0.698131701   39.566963136  -45.708953819    4.496340072
   -2.945243113   -0.698131701   31.856985793  -32.044067977    2.015449128
   -2.748893572   -0.698131701   27.194188468  -15.593649108   -0.673111306
   -2.552544031   -0.698131701   25.554505302   -2.075434375   -3.404837193
   -2.356194490   -0.698131701   25.941212871    4.675414407   -6.214472217
   -2.159844949   -0.698131701   26.906256536    4.029355768   -9.300795471
   -1.963495408   -0.698131701   27.206858734   -1.445283886  -12.833029580
   -1.767145868   -0.698131701   26.308165959   -7.417665967  -16.695053155
   -1.570796327   -0.698131701   24.531620528   -9.839462028  -20.364569040
   -1.374446786   -0.698131701   22.818777826   -6.641011657  -23.044789797
   -1.178097245   -0.698131701   22.258345715    1.568027840  -24.004628921
   -0.981747704   -0.698131701   23.589339824   12.028647284  -22.918933403
   -0.785398163   -0.698131701   26.890015672   20.953549182  -20.012774815
   -0.589048623   -0.698131701   31.502553899   24.846558922  -15.942180732
   -0.392699082   -0.698131701   36.181690546   21.391803850  -11.531235684
   -0.196349541   -0.698131701   39.388219107    9.910495808   -7.485507208
    0.000000000   -0.698131701   39.658642159   -8.029542911   -4.206147979
    0.196349541   -0.698131701   36.095684704  -28.188465797   -1.717506388
    0.392699082   -0.698131701   28.888226762  -43.917650262    0.254223719
    0.589048623   -0.698131701   19.629768376  -47.980241136    2.074429859
    0.785398163   -0.698131701   11.132591254  -35.834193949    3.960586951
    0.981747704   -0.698131701    6.567806968   -8.697999022    5.856028389
    1.178097245   -0.698131701    8.225858705   25.884299840    7.497252686
    1.374446786   -0.698131701   16.506294352   56.876749172    8.629131328
    1.570796327   -0.698131701   29.689053631   74.531894001    9.183090376
    1.767145868   -0.698131701   44.596069217   74.211087557    9.306490556
    1.963495408   -0.698131701   57.747620029   57.326089168    9.238368205
    2.159844949   -0.698131701   66.412007551   29.739122863    9.144443696
    2.356194490   -0.698131701   69.227135877   -1.000584614    9.018983993
    2.552544031   -0.698131701   66.289843449  -27.779968020    8.689074240
    2.748893572   -0.698131701   58.927286875  -45.406614249    7.914453064
    2.945243113   -0.698131701   49.243844986  -51.259580908    6.519525495

   -3.141592654   -0.349065850   40.737045359  -50.975983099    3.445302572
   -2.945243113   -0.349065850   31.921859545  -37.912793619    0.006233666
   -2.748893572   -0.349065850   26.100342684  -21.430763282   -3.513334808
   -2.552544031   -0.349065850   23.347905443   -7.554181958   -6.835573693
   -2.356194490   -0.349065850   22.686734180   -0.568465955   -9.908289903
   -2.159844949   -0.349065850   22.615898805   -1.327792083  -12.880138983
   -1.963495408   -0.349065850   21.842900988   -6.983375901  -15.881846839
   -1.767145868   -0.349065850   19.883134773  -12.518738732  -18.749056118
   -1.570796327   -0.349065850   17.247696619  -13.244150027  -20.920662565
   -1.374446786   -0.349065850   15.144881274   -7.018211261  -21.638846773
   -1.178097245   -0.349065850   14.869638334    4.875416291  -20.364529597
   -0.981747704   -0.349065850   17.182797453   18.554001324  -17.127813565
   -0.785398163   -0.349065850   21.966856368   29.242310284  -12.583260851
   -0.589048623   -0.349065850   28.227511318   33.038800500   -7.732193721
   -0.392699082   -0.349065850   34.372520856   27.923208464   -3.502370328
   -0.196349541   -0.349065850   38.628400979   14.016569207   -0.394359265
    0.000000000   -0.349065850   39.477711854   -6.129248045    1.661473859
    0.196349541   -0.349065850   36.151217451  -27.464758286    3.208466227
    0.392699082   -0.349065850   29.081145773  -43.028238150    4.961581515
    0.589048623   -0.349065850   20.102579097  -45.915635074    7.406040685
    0.785398163   -0.349065850   12.149903484  -32.410704643   10.497568676
    0.981747704   -0.349065850    8.342578955   -4.583938843   13.655924199
    1.178097245   -0.349065850   10.790197017   29.629085480   16.085802889
    1.374446786   -0.349065850   19.697812268   59.424917364   17.228431437
    1.570796327   -0.349065850   33.240901437   75.675530950   17.034546785
    1.767145868   -0.349065850   48.260321156   74.302164538   15.915656603
    1.963495408   -0.349065850   61.371584639   56.908691044   14.443220503
    2.159844949   -0.349065850   69.934538387   29.148797804   13.033290514
    2.356194490   -0.349065850   72.613620071   -1.841200592   11.777232709
    2.552544031   -0.349065850   69.453264876  -29.294441746   10.470238600
    2.748893572   -0.349065850   61.685662362  -48.088006427    8.778369382
    2.945243113   -0.349065850   51.338988849  -55.340595787    6.445530476

   -3.141592654    0.000000000   41.586734158  -57.332212134    1.359690074
   -2.945243113    0.000000000   31.470569680  -44.660394373   -2.134135774
   -2.748893572    0.000000000   24.346634357  -27.833955995   -5.477915858
   -2.552544031    0.000000000   20.408869627  -13.188841313   -8.412504347
   -2.356194490    0.000000000   18.716550709   -5.468988422  -10.908273770
   -2.159844949    0.000000000   17.734855802   -5.734722100  -13.118858308
   -1.963495408    0.000000000   16.143771159  -10.852200637  -15.152874716
   -1.767145868    0.000000000   13.526181397  -15.184271605  -16.823039647
   -1.570796327    0.000000000   10.576449277  -13.577854111  -17.599844793
   -1.374446786    0.000000000    8.719587247   -4.076138017  -16.864049300
   -1.178097245    0.000000000    9.357048327   11.139967348  -14.321713032
   -0.981747704    0.000000000   13.142322060   27.009582773  -10.284167326
   -0.785398163    0.000000000   19.646717985   37.963041231   -5.607657269
   -0.589048623    0.000000000   27.484565188   40.109891548   -1.314937576
   -0.392699082    0.000000000   34.755671063   32.227911663    1.867031479
   -0.196349541    0.000000000   39.584265344   15.663064458    3.805163717
    0.000000000    0.000000000   40.591328709   -5.893549635    4.986252448
    0.196349541    0.000000000   37.322269269  -26.806573337    6.262559055
    0.392699082    0.000000000   30.557545348  -40.390071534    8.430184411
    0.589048623    0.000000000   22.342295814  -40.823855883   11.794865359
    0.785398163    0.000000000   15.565968487  -25.788586916   15.951560541
    0.981747704    0.000000000   13.061106128    1.709272050   19.925103252
    1.178097245    0.000000000   16.559407763   33.789719083   22.643369255
    1.374446786    0.000000000   25.994912027   60.605933322   23.460137733
    1.570796327    0.000000000   39.499140222   74.255007950   22.413849535
    1.767145868    0.000000000   54.075773741   71.433744521   20.103425636
    1.963495408    0.000000000   66.581169445   53.771538688   17.303933229
    2.159844949    0.000000000   74.557723573   26.354611675   14.600546613
    2.356194490    0.000000000   76.717792873   -4.402698287   12.193070745
    2.552544031    0.000000000   73.029547472  -32.227482383    9.931386223
    2.748893572    0.000000000   64.594213259  -52.048839898    7.500578991
    2.945243113    0.000000000   53.340694689  -60.626411823    4.649757375

   -3.141592654    0.349065850   43.220057848  -62.080105793    0.723692680
   -2.945243113    0.349065850   32.139515011  -49.644664859   -1.591593327
   -2.748893572    0.349065850   24.049168912  -32.613405511   -3.652054943
   -2.552544031    0.349065850   19.218741841  -17.467710950   -5.381866236
   -2.356194490    0.349065850   16.739360698   -9.208344982   -6.840534169
   -2.159844949    0.349065850   15.072241796   -8.965470691   -8.154322954
   -1.963495408    0.349065850   12.911928507  -13.342659119   -9.345521602
   -1.767145868    0.349065850    9.928234267  -16.282604552  -10.193339616
   -1.570796327    0.349065850    6.967766382  -12.463161235  -10.272845234
   -1.374446786    0.349065850    5.587319317   -0.333113969   -9.200220968
   -1.178097245    0.349065850    7.186700267   17.031625949   -6.930087538
   -0.981747704    0.349065850   12.231952381   33.670315803   -3.880336180
   -0.785398163    0.349065850   19.978165425   43.680433619   -0.770322898
   -0.589048623    0.349065850   28.737039752   43.645085412    1.740877478
   -0.392699082    0.349065850   36.463666032   33.400210661    3.399107294
   -0.196349541    0.349065850   41.363890828   15.465369005    4.480755589
    0.000000000    0.349065850   42.338940028   -5.702336267    5.676621949
    0.196349541    0.349065850   39.295927293  -24.441146038    7.763026890
    0.392699082    0.349065850   33.299337107  -34.877465213   11.211099717
    0.589048623    0.349065850   26.454417710  -32.578122024   15.875266919
    0.785398163    0.349065850   21.428294321  -16.597982147   20.939511836
    0.981747704    0.349065850   20.622233705    9.411650572   25.192344692
    1.178097245    0.349065850   25.315391473   38.009900112   27.544430751
    1.374446786    0.349065850   35.165892275   60.621701439   27.496040417
    1.570796327    0.349065850   48.306054565   70.750027716   25.298660084
    1.767145868    0.349065850   61.972207894   65.955506100   21.743548702
    1.963495408    0.349065850   73.343268599   47.934867707   17.745228714
    2.159844949    0.349065850   80.230376355   21.202864339   13.990727741
    2.356194490    0.349065850   81.473326152   -8.611543919   10.770776853
    2.552544031    0.349065850   77.023754894  -35.869046399    8.033881465
    2.748893572    0.349065850   67.878683694  -55.740329887    5.557709680
    2.945243113    0.349065850   55.855568276  -64.820731520    3.139656391

   -3.141592654    0.698131701   45.052701273  -64.102548190    0.443612401
   -2.945243113    0.698131701   33.558813695  -51.820441354    0.081838586
   -2.748893572    0.698131701   25.024877652  -34.938230238   -0.048935044
   -2.552544031    0.698131701   19.727430359  -19.880097616   -0.153084172
   -2.356194490    0.698131701   16.771694081  -11.620600186   -0.408965144
   -2.159844949    0.698131701   14.644117519  -11.196235009   -0.899710011
   -1.963495408    0.698131701   12.090134483  -15.049401499   -1.555337477
   -1.767145868    0.698131701    8.859964381  -17.008299920   -2.159671401
   -1.570796327    0.698131701    5.884279353  -11.858086312   -2.446932982
   -1.374446786    0.698131701    4.754077996    1.559413345   -2.253898703
   -1.178097245    0.698131701    6.809222740   19.648285226   -1.620996536
   -0.981747704    0.698131701   12.367306048   36.123343046   -0.761556795
   -0.785398163    0.698131701   20.513716679   45.214341840    0.099014493
   -0.589048623    0.698131701   29.463552273   44.096301295    0.907701879
   -0.392699082    0.698131701   37.216535368   33.378335836    1.882865438
   -0.196349541    0.698131701   42.162816593   16.187904702    3.447852683
    0.000000000    0.698131701   43.464478534   -2.895422738    6.065700281
    0.196349541    0.698131701   41.254528642  -18.689000631    9.998567857
    0.392699082    0.698131701   36.674973607  -26.322088777   15.101362477
    0.589048623    0.698131701   31.685571124  -22.546739374   20.721408494
    0.785398163    0.698131701   28.598862032   -7.276938903   25.806929899
    0.981747704    0.698131701   29.365858675   15.782576577   29.229711650
    1.178097245    0.698131701   34.895810877   40.032930529   30.215220484
    1.374446786    0.698131701   44.701309357   58.250133077   28.641388848
    1.570796327    0.698131701   57.032362335   65.154406444   25.043179258
    1.767145868    0.698131701   69.426189259   58.893132045   20.335215488
    1.963495408    0.698131701   79.404144321   41.039298894   15.431417842
    2.159844949    0.698131701   85.043309441   15.492218329   10.991582210
    2.356194490    0.698131701   85.311535807  -12.834661795    7.339447187
    2.552544031    0.698131701   80.161356523  -38.854025706    4.544590753
    2.748893572    0.698131701   70.511528921  -57.986797688    2.540676422
    2.945243113    0.698131701   58.079447117  -66.804599063    1.215060055

   -3.141592654    1.047197551   43.698963405  -64.409691549   -4.632967268
   -2.945243113    1.047197551   32.238020180  -51.219800482   -3.360556822
   -2.748893572    1.047197551   23.877393660  -33.840431364   -1.785163625
   -2.552544031    1.047197551   18.806870909  -18.733292882   -0.342232242
   -2.356194490    1.047197551   16.049495834  -10.788984716    0.690448354
   -2.159844949    1.047197551   14.038425721  -10.847402160    1.244270504
   -1.963495408    1.047197551   11.508129530  -15.133809546    1.410100443
   -1.767145868    1.047197551    8.232856742  -17.352505894    1.322839600
   -1.570796327    1.047197551    5.176560968  -12.323981921    1.064163930
   -1.374446786    1.047197551    3.944391616    0.971252056    0.643404406
   -1.178097245    1.047197551    5.865360761   18.851265055    0.075649423
   -0.981747704    1.047197551   11.247055736   35.145864218   -0.508388352
   -0.785398163    1.047197551   19.209418954   44.404053662   -0.801003499
   -0.589048623    1.047197551   28.073782316   44.183298538   -0.372299076
   -0.392699082    1.047197551   36.008348946   35.292930589    1.201215418
   -0.196349541    1.047197551   41.578723224   20.733254844    4.169599934
    0.000000000    1.047197551   44.059663556    4.558737801    8.509663550
    0.196349541    1.047197551   43.562828567   -8.855428190   13.863390209
    0.392699082    1.047197551   41.039326028  -15.512970094   19.547802573
    0.589048623    1.047197551   38.105684894  -12.776133562   24.638650772
    0.785398163    1.047197551   36.664686057   -0.588915180   28.169565197
    0.981747704    1.047197551   38.322450591   18.030547961   29.410437058
    1.178097245    1.047197551   43.832882278   37.660094194   28.124437010
    1.374446786    1.047197551   52.791313267   52.230740150   24.646041621
    1.570796327    1.047197551   63.713461330   57.111908433   19.723026856
    1.767145868    1.047197551   74.463056388   50.415300999   14.219009740
    1.963495408    1.047197551   82.828865808   33.225719417    8.839644992
    2.159844949    1.047197551   87.045168919    8.853730353    4.045035974
    2.356194490    1.047197551   86.137502383  -18.171525578    0.097134126
    2.552544031    1.047197551   80.066433846  -42.899348995   -2.825639467
    2.748893572    1.047197551   69.748289402  -60.745806319   -4.589940203
    2.945243113    1.047197551   56.899765255  -68.286014897   -5.150850839

   -3.141592654    1.396263402   38.454040208  -62.149828312  -10.396830503
   -2.945243113    1.396263402   27.637759655  -47.067830972   -8.686562751
   -2.748893572    1.396263402   20.187112050  -28.914262205   -6.552832276
   -2.552544031    1.396263402   16.070360495  -14.095864942   -4.430475154
   -2.356194490    1.396263402   14.134711593   -7.132404063   -2.578811892
   -2.159844949    1.396263402   12.721582757   -8.426414482   -1.062777479
   -1.963495408    1.396263402   10.544625253  -13.949350367    0.149230188
   -1.767145868    1.396263402    7.383549914  -17.376573595    1.053998139
   -1.570796327    1.396263402    4.203325704  -13.566436617    1.563819273
   -1.374446786    1.396263402    2.615947514   -1.365785874    1.586731091
   -1.178097245    1.396263402    4.009782612   15.936456559    1.186056959
   -0.981747704    1.396263402    8.843358993   32.674540139    0.685071934
   -0.785398163    1.396263402   16.471649703   43.685348864    0.628042363
   -0.589048623    1.396263402   25.465870586   46.379244148    1.583758066
   -0.392699082    1.396263402   34.169513783   40.951266440    3.923220313
   -0.196349541    1.396263402   41.173424437   29.554304006    7.651546241
    0.000000000    1.396263402   45.608959497   15.398130684   12.388996101
    0.196349541    1.396263402   47.297843113    2.242930046   17.433049262
    0.392699082    1.396263402   46.814792134   -6.159905759   21.902817588
    0.589048623    1.396263402   45.396708259   -6.938535670   24.925730398
    0.785398163    1.396263402   44.663003281    0.690833963   25.860951180
    0.981747704    1.396263402   46.116262515   14.764865503   24.493083423
    1.178097245    1.396263402   50.616337366   30.866899463   21.107680337
    1.374446786    1.396263402   58.021141412   43.461011704   16.376531529
    1.570796327    1.396263402   67.149643711   47.809198582   11.089282943
    1.767145868    1.396263402   76.097721395   41.450436617    5.887026681
    1.963495408    1.396263402   82.763906321   24.890130230    1.123969133
    2.159844949    1.396263402   85.408682656    1.191764721   -3.058937346
    2.356194490    1.396263402   83.077773580  -24.937056844   -6.574244714
    2.552544031    1.396263402   75.810341499  -48.196524659   -9.251103283
    2.748893572    1.396263402   64.656907791  -63.832667868  -10.856284605
    2.945243113    1.396263402   51.463687951  -68.656631970  -11.222116401

   -3.141592654    1.745329252   31.923607528  -59.965083113  -16.498098538
   -2.945243113    1.745329252   21.722587361  -43.121065802  -14.846657647
   -2.748893572    1.745329252   15.145625326  -24.120860409  -12.563387996
   -2.552544031    1.745329252   11.981460003   -9.311802662   -9.997201113
   -2.356194490    1.745329252   10.934812346   -2.932456329   -7.352123414
   -2.159844949    1.745329252   10.263406577   -5.107074457   -4.686041335
   -1.963495408    1.745329252    8.637128442  -11.690926086   -2.025002507
   -1.767145868    1.745329252    5.801243495  -16.354572190    0.503713003
   -1.570796327    1.745329252    2.692081619  -13.864904485    2.650360160
   -1.374446786    1.745329252    0.934896941   -2.716342927    4.173961014
   -1.178097245    1.745329252    2.023430736   14.348496931    5.044947072
   -0.981747704    1.745329252    6.624833915   32.120608019    5.552888024
   -0.785398163    1.745329252   14.354120760   45.445488574    6.225864239
   -0.589048623    1.745329252   23.990195067   51.211366489    7.577763387
   -0.392699082    1.745329252   33.940743134   48.707936802    9.857038415
   -0.196349541    1.745329252   42.673140919   39.159042418   12.898371367
    0.000000000    1.745329252   49.035932398   25.100100701   16.166595392
    0.196349541    1.745329252   52.477806078   10.077630723   18.900829582
    0.392699082    1.745329252   53.209084843   -1.851427660   20.340844672
    0.589048623    1.745329252   52.210230198   -7.035277968   19.958457185
    0.785398163    1.745329252   51.030530578   -3.629679380   17.643609026
    0.981747704    1.745329252   51.309496916    7.382941654   13.757069350
    1.178097245    1.745329252   54.195967429   22.097492705    9.004596184
    1.374446786    1.745329252   59.871441858   34.812052811    4.162719187
    1.570796327    1.745329252   67.388478264   40.106709196   -0.216164591
    1.767145868    1.745329252   74.925160851   34.724805319   -3.948162579
    1.963495408    1.745329252   80.334048180   18.731877686   -7.165130843
    2.159844949    1.745329252   81.795352325   -4.724793934  -10.086032168
    2.356194490    1.745329252   78.333615243  -30.459325995  -12.789126497
    2.552544031    1.745329252   70.070367495  -52.675690952  -15.096568217
    2.748893572    1.745329252   58.207432921  -66.443224365  -16.661517400
    2.945243113    1.745329252   44.733006719  -68.850682644  -17.162412728

   -3.141592654    2.094395102   25.097758047  -58.590087860  -19.376289822
   -2.945243113    2.094395102   15.314375798  -40.322434446  -18.119029939
   -2.748893572    2.094395102    9.386370641  -20.400560588  -16.043951612
   -2.552544031    2.094395102    7.007530515   -5.092366344  -13.343980941
   -2.356194490    2.094395102    6.819636425    1.569384779  -10.159521773
   -2.159844949    2.094395102    7.052816380   -0.414827175   -6.574977032
   -1.963495408    2.094395102    6.353988858   -6.985262030   -2.696923495
   -1.767145868    2.094395102    4.414890355  -12.005049698    1.252704414
   -1.570796327    2.094395102    2.088834588  -10.304597780    4.934217611
   -1.374446786    2.094395102    0.935697944   -0.119950304    8.011186205
   -1.178097245    2.094395102    2.463161701   16.314905366   10.326559797
   -0.981747704    2.094395102    7.451778702   34.242836403   11.990901820
   -0.785398163    2.094395102   15.683790945   48.551146007   13.308221993
   -0.589048623    2.094395102   26.063661808   55.685079266   14.563625263
   -0.392699082    2.094395102   37.003802788   54.180126013   15.829900248
   -0.196349541    2.094395102   46.825649864   44.561134512   16.876807327
    0.000000000    2.094395102   54.124072741   28.978594366   17.248247613
    0.196349541    2.094395102   58.064094067   11.079883202   16.422523051
    0.392699082    2.094395102   58.639963263   -4.498340905   14.037954711
    0.589048623    2.094395102   56.765715733  -13.196275681   10.092026787
    0.785398163    2.094395102   54.112195247  -12.231105306    5.034612823
    0.981747704    2.094395102   52.596644935   -1.993025729   -0.330692118
    1.178097245    2.094395102   53.704146139   13.592836906   -5.126663955
    1.374446786    2.094395102   57.886353240   28.198096461   -8.745886811
    1.570796327    2.094395102   64.307510824   35.503019514  -11.072459082
    1.767145868    2.094395102   71.088992825   31.489654839  -12.454431735
    1.963495408    2.094395102   75.921392898   15.955182712  -13.470405699
    2.159844949    2.094395102   76.824505111   -7.693125962  -14.614995917
    2.356194490    2.094395102   72.750379627  -33.675958809  -16.075201758
    2.552544031    2.094395102   63.868865318  -55.632992242  -17.676071118
    2.748893572    2.094395102   51.511797804  -68.386868722  -19.014725932
    2.945243113    2.094395102   37.805041442  -69.201720827  -19.667003534

   -3.141592654    2.443460953   18.597511059  -58.002222464  -13.085181529
   -2.945243113    2.443460953    9.061960085  -38.411018454  -11.680826506
   -2.748893572    2.443460953    3.630663338  -17.289890382   -9.702827388
   -2.552544031    2.443460953    1.969986216   -0.910159688   -7.226424991
   -2.356194490    2.443460953    2.704230616    6.769355850   -4.264611635
   -2.159844949    2.443460953    4.055843804    5.758265594   -0.778871511
   -1.963495408    2.443460953    4.650872808   -0.035174271    3.226941984
   -1.767145868    2.443460953    4.118982797   -4.718306620    7.582819319
   -1.570796327    2.443460953    3.207477651   -3.291177141   11.914266612
   -1.374446786    2.443460953    3.358509987    6.075939850   15.743508900
   -1.178097245    2.443460953    5.998604161   21.432140043   18.681068071
   -0.981747704    2.443460953   11.889291324   38.336500879   20.564180837
   -0.785398163    2.443460953   20.838925430   51.781168049   21.446155675
   -0.589048623    2.443460953   31.770071511   58.035676342   21.446559725
   -0.392699082    2.443460953   43.058422399   55.275000267   20.601514607
   -0.196349541    2.443460953   52.917506169   43.715460849   18.796719320
    0.000000000    2.443460953   59.796738592   25.441811664   15.843229831
    0.196349541    2.443460953   62.739059070    4.429264717   11.618117740
    0.392699082    2.443460953   61.718512027  -13.993341419    6.231709804
    0.589048623    2.443460953   57.785942073  -24.409433873    0.140171424
    0.785398163    2.443460953   52.904686874  -23.378664624   -5.880329217
    0.981747704    2.443460953   49.362161827  -11.204808851  -10.939688352
    1.178097245    2.443460953   48.961458054    7.576555891  -14.351346828
    1.374446786    2.443460953   52.300786030   25.567444933  -15.906800622
    1.570796327    2.443460953   58.475250798   35.417236058  -15.936122007
    1.767145868    2.443460953   65.374853731   32.536057973  -15.122073839
    1.963495408    2.443460953   70.409344396   16.784879438  -14.187137038
    2.159844949    2.443460953   71.382228315   -7.877747434  -13.620649385
    2.356194490    2.443460953   67.160347239  -34.940909591  -13.555473971
    2.552544031    2.443460953   57.963554218  -57.455064049  -13.805370579
    2.748893572    2.443460953   45.257413583  -69.983114394  -14.019057165
    2.945243113    2.443460953   31.317297367  -69.890710614  -13.849618552

   -3.141592654    2.792526803   15.352479482  -56.972062624    1.559821377
   -2.945243113    2.792526803    6.085857430  -36.696449352    3.665573403
   -2.748893572    2.792526803    1.070120371  -14.759699500    5.545802624
   -2.552544031    2.792526803    0.000000000    2.601240526    7.234545731
   -2.356194490    2.792526803    1.536472437   11.454800378    8.987121921
   -2.159844949    2.792526803    3.935126646   11.741293028   11.191303192
   -1.963495408    2.792526803    5.826093556    7.133410380   14.159717631
   -1.767145868    2.792526803    6.783856001    3.178971870   17.895658707
   -1.570796327    2.792526803    7.433868447    4.574026651   21.994188443
   -1.374446786    2.792526803    9.056368567   13.065102008   25.758067059
   -1.178097245    2.792526803   12.924759345   26.861545783   28.470821479
   -0.981747704    2.792526803   19.692433437   41.789067751   29.649699512
   -0.785398163    2.792526803   29.105303372   53.007699782   29.136089098
   -0.589048623    2.792526803   40.039615435   56.794258377   27.010701443
   -0.392699082    2.792526803   50.817766580   51.263730543   23.452634368
   -0.196349541    2.792526803   59.596690001   36.702002875   18.646765155
    0.000000000    2.792526803   64.806593761   15.506509149   12.796039768
    0.196349541    2.792526803   65.558235016   -7.788357242    6.195633793
    0.392699082    2.792526803   62.016338651  -27.189252266   -0.682983617
    0.589048623    2.792526803   55.541835221  -36.778757500   -7.163248029
    0.785398163    2.792526803   48.466963589  -33.066929909  -12.461681456
    0.981747704    2.792526803   43.398210151  -16.913702839  -15.913872370
    1.178097245    2.792526803   42.297590220    6.111807921  -17.234556505
    1.374446786    2.792526803   45.704713981   27.515364667  -16.654441199
    1.570796327    2.792526803   52.473926096   39.254073738  -14.809958137
    1.767145868    2.792526803   60.179306920   36.678554853  -12.454787825
    1.963495408    2.792526803   65.959413694   20.115454670  -10.154977952
    2.159844949    2.792526803   67.464721741   -5.795797476   -8.145935168
    2.356194490    2.792526803   63.536788276  -33.962806281   -6.368577048
    2.552544031    2.792526803   54.460187257  -57.118966814   -4.621081760
    2.748893572    2.792526803   41.800024292  -69.770362141   -2.725542168
    2.945243113    2.792526803   27.924571666  -69.396101145   -0.631686182
