#! FIELDS phi psi file.free der_phi der_psi
#! SET min_phi -pi
#! SET max_phi pi
#! SET nbins_phi  32
#! SET periodic_phi true
#! SET min_psi -pi
#! SET max_psi pi
#! SET nbins_psi  18
#! SET periodic_psi true
   -3.141592654   -3.141592654   18.507348781  -54.022472148   17.251183513
   -2.945243113   -3.141592654    9.663678005  -35.313155500   19.798592759
   -2.748893572   -3.141592654    4.801518754  -14.466015997   21.362151152
   -2.552544031   -3.141592654    3.751674615    2.685103548   22.127858643
   -2.356194490   -3.141592654    5.369609001   12.374233226   22.608668351
   -2.159844949   -3.141592654    8.107121309   14.391027488   23.461440012
   -1.963495408   -3.141592654   10.726692777   11.915462459   25.185525210
   -1.767145868   -3.141592654   12.812676800    9.771836662   27.834591088
   -1.570796327   -3.141592654   14.854205542   11.935048925   30.917185166
   -1.374446786   -3.141592654   17.877585123   19.718623642   33.565256475
   -1.178097245   -3.141592654   22.858043153   31.315684324   34.882400274
   -0.981747704   -3.141592654   30.185731168   42.896281135   34.275192645
   -0.785398163   -3.141592654   39.431365396   50.144956869   31.598323434
   -0.589048623   -3.141592654   49.402760649   49.885785181   27.095528438
   -0.392699082   -3.141592654   58.459100376   40.755162569   21.230216375
   -0.196349541   -3.141592654   64.893316929   23.527234998   14.531767030
    0.000000000   -3.141592654   67.362586961    1.027963331    7.511385695
    0.196349541   -3.141592654   65.277297947  -21.914509441    0.657917154
    0.392699082   -3.141592654   59.137892864  -39.240449097   -5.533585653
    0.589048623   -3.141592654   50.623243989  -45.304478187  -10.542758424
    0.785398163   -3.141592654   42.292561752  -37.264470105  -13.891298946
    0.981747704   -3.141592654   36.820821310  -16.911693128  -15.289907918
    1.178097245   -3.141592654   36.052083087    9.269788512  -14.794379996
    1.374446786   -3.141592654   40.263664654   32.305399295  -12.834456830
    1.570796327   -3.141592654   48.017540124   44.326058892  -10.038804488
    1.767145868   -3.141592654   56.685447667   41.385291074   -6.965288483
    1.963495408   -3.141592654   63.356949925   24.565062368   -3.885875326
    2.159844949   -3.141592654   65.750034409   -1.113612972   -0.776816972
    2.356194490   -3.141592654   62.794638181  -28.716031439    2.534391979
    2.552544031   -3.141592654   54.795154153  -51.468248765    6.165600264
    2.748893572   -3.141592654   43.236660223  -64.331341613   10.041670288
    2.945243113   -3.141592654   30.345583365  -64.935177420   13.874521376

   -3.141592654   -2.792526803   26.390718060  -49.087942742   25.174238385
   -2.945243113   -2.792526803   18.301606944  -32.607728940   27.592333926
   -2.748893572   -2.792526803   13.757476991  -13.856477163   28.690538396
   -2.552544031   -2.792526803   12.681816693    1.997698511   28.780050489
   -2.356194490   -2.792526803   14.140019961   11.665899047   28.499158135
   -2.159844949   -2.792526803   16.845579525   14.961461309   28.578878192
   -1.963495408   -2.792526803   19.770704503   14.508522102   29.516978959
   -1.767145868   -2.792526803   22.553717860   14.149608897   31.304949981
   -1.570796327   -2.792526803   25.534370335   16.850924818   33.367523602
   -1.374446786   -2.792526803   29.427098588   23.343095999   34.773305167
   -1.178097245   -2.792526803   34.844850848   31.904776679   34.609237766
   -0.981747704   -2.792526803   41.893828700   39.370187601   32.329148545
   -0.785398163   -2.792526803   50.023069166   42.362186878   27.907117411
   -0.589048623   -2.792526803   58.100486117   38.565132167   21.779606060
   -0.392699082   -2.792526803   64.690156940   27.211930498   14.643895233
   -0.196349541   -2.792526803   68.374997067    9.340277687    7.254958203
    0.000000000   -2.792526803   68.123362169  -12.252461734    0.272194029
    0.196349541   -2.792526803   63.628180664  -32.991734054   -5.787459838
    0.392699082   -2.792526803   55.608576168  -47.192369654  -10.539339962
    0.589048623   -2.792526803   45.882556126  -49.647291693  -13.698092011
    0.785398163   -2.792526803   37.057158398  -37.996339244  -15.097817334
    0.981747704   -2.792526803   31.756865128  -14.548830364  -14.758843252
    1.178097245   -2.792526803   31.678930874   13.770801669  -12.955077430
    1.374446786   -2.792526803   36.891478105   37.835901788  -10.174825155
    1.570796327   -2.792526803   45.757133435   50.022385706   -6.937458851
    1.767145868   -2.792526803   55.528928395   46.938808610   -3.582652450
    1.963495408   -2.792526803   63.291502373   30.197390817   -0.149773504
    2.159844949   -2.792526803   66.835333605    5.047665400    3.537419010
    2.356194490   -2.792526803   65.167385245  -21.755912386    7.671419189
    2.552544031   -2.792526803   58.603766798  -43.879482729   12.259341523
    2.748893572   -2.792526803   48.549135492  -56.745118641   17.036734426
    2.945243113   -2.792526803   37.075281226  -58.250455131   21.522126165

   -3.141592654   -2.443460953   34.556968649  -44.407319527   21.943848603
   -2.945243113   -2.443460953   27.193593841  -29.913528533   23.843582054
   -2.748893572   -2.443460953   22.998397396  -12.913318696   24.694562149
   -2.552544031   -2.443460953   21.993171312    1.931228213   24.757324170
   -2.356194490   -2.443460953   23.421619831   11.600066528   24.488609065
   -2.159844949   -2.443460953   26.187753125   15.747764037   24.368327977
   -1.963495408   -2.443460953   29.376936124   16.384162910   24.676069699
   -1.767145868   -2.443460953   32.591856027   16.504251028   25.319684509
   -1.570796327   -2.443460953   35.978329869   18.380544444   25.821280229
   -1.374446786   -2.443460953   39.965755724   22.549182162   25.494989119
   -1.178097245   -2.443460953   44.903435220   27.696064121   23.730386391
   -0.981747704   -2.443460953   50.760165927   31.474917906   20.248048246
   -0.785398163   -2.443460953   57.021649908   31.412923918   15.200409253
   -0.589048623   -2.443460953   62.750847572   25.853906409    9.109902174
   -0.392699082   -2.443460953   66.798947367   14.309330994    2.680487490
   -0.196349541   -2.443460953   68.051349857   -2.316230477   -3.391268237
    0.000000000   -2.443460953   65.721778532  -21.627575026   -8.578920594
    0.196349541   -2.443460953   59.656383349  -39.560378164  -12.574987055
    0.392699082   -2.443460953   50.632576652  -50.857453182  -15.266439683
    0.589048623   -2.443460953   40.459107359  -50.578237570  -16.651373815
    0.785398163   -2.443460953   31.693781262  -36.509239252  -16.777501449
    0.981747704   -2.443460953   26.885401917  -11.104599759  -15.731452675
    1.178097245   -2.443460953   27.625126648   18.549944471  -13.686078090
    1.374446786   -2.443460953   33.850441692   43.276442673  -10.915775897
    1.570796327   -2.443460953   43.804558315   55.611790257   -7.725867767
    1.767145868   -2.443460953   54.673823277   52.541531503   -4.340306960
    1.963495408   -2.443460953   63.553701210   36.029527974   -0.815085147
    2.159844949   -2.443460953   68.294072591   11.447876079    2.914697457
    2.356194490   -2.443460953   67.953457950  -14.650583063    6.913941506
    2.552544031   -2.443460953   62.837259469  -36.328060399   11.113888886
    2.748893572   -2.443460953   54.260034219  -49.383796390   15.268204058
    2.945243113   -2.443460953   44.147532331  -51.886934038   19.003854831

   -3.141592654   -2.094395102   40.558327816  -40.539707561   12.515965673
   -2.945243113   -2.094395102   33.822731879  -27.407266666   13.616360919
   -2.748893572   -2.094395102   29.989385099  -11.699174734   14.244013443
   -2.552544031   -2.094395102   29.121187718    2.188044663   14.528967767
   -2.356194490   -2.094395102   30.545619932   11.382751765   14.608440042
   -2.159844949   -2.094395102   33.255693031   15.431909438   14.562965140
   -1.963495408   -2.094395102   36.376318723   15.958628543   14.349899458
   -1.767145868   -2.094395102   39.457604874   15.443603792   13.779446538
   -1.570796327   -2.094395102   42.502610320   15.808980808   12.564427036
   -1.374446786   -2.094395102   45.766989375   17.654556914   10.440990873
   -1.178097245   -2.094395102   49.484982711   20.186220751    7.298115563
   -0.981747704   -2.094395102   53.641897292   21.818333834    3.258648363
   -0.785398163   -2.094395102   57.885358175   20.749942410   -1.334149522
   -0.589048623   -2.094395102   61.538254789   15.609027869   -5.996869310
   -0.392699082   -2.094395102   63.721806027    5.749161574  -10.236122679
   -0.196349541   -2.094395102   63.524793736   -8.442769737  -13.656111518
    0.000000000   -2.094395102   60.246722666  -25.185176608  -16.065635451
    0.196349541   -2.094395102   53.707348403  -40.917313234  -17.493014692
    0.392699082   -2.094395102   44.584736718  -50.601683306  -18.130557036
    0.589048623   -2.094395102   34.576054219  -49.218576835  -18.195546086
    0.785398163   -2.094395102   26.162359064  -34.302688948  -17.797572587
    0.981747704   -2.094395102   21.864661619   -8.102716246  -16.890699515
    1.178097245   -2.094395102   23.270414185   22.327371392  -15.358337827
    1.374446786   -2.094395102   30.304878838   47.715496738  -13.145302089
    1.570796327   -2.094395102   41.179622557   60.511388787  -10.334295080
    1.767145868   -2.094395102   53.043189451   57.748157215   -7.122075218
    1.963495408   -2.094395102   62.971865425   41.501377219   -3.722969844
    2.159844949   -2.094395102   68.815920531   17.216756871   -0.316347772
    2.356194490   -2.094395102   69.636375161   -8.619285489    2.966463243
    2.552544031   -2.094395102   65.716256290  -30.232568528    6.004236713
    2.748893572   -2.094395102   58.313249907  -43.597332761    8.675786447
    2.945243113   -2.094395102   49.269944568  -46.862625275   10.869047730

   -3.141592654   -1.745329252   42.956167492  -38.202243586    4.199581800
   -2.945243113   -1.745329252   36.632007656  -25.585967247    4.651414961
   -2.748893572   -1.745329252   33.093277917  -10.547385002    5.002062124
   -2.552544031   -1.745329252   32.373975335    2.533162444    5.196761172
   -2.356194490   -1.745329252   33.779856562   10.834920859    5.076948775
   -2.159844949   -1.745329252   36.287583376   13.898359131    4.431861056
   -1.963495408   -1.745329252   38.997641006   13.277057989    3.062527082
   -1.767145868   -1.745329252   41.421265535   11.389979517    0.854033477
   -1.570796327   -1.745329252   43.521580457   10.230967652   -2.165638339
   -1.374446786   -1.745329252   45.546438280   10.654790441   -5.796510417
   -1.178097245   -1.745329252   47.786430203   12.248205795   -9.690940067
   -0.981747704   -1.745329252   50.358325139   13.774419448  -13.423044556
   -0.785398163   -1.745329252   53.093909833   13.607564326  -16.582954629
   -0.589048623   -1.745329252   55.509406841   10.276719583  -18.854718325
   -0.392699082   -1.745329252   56.873576049    2.799808176  -20.079495167
   -0.196349541   -1.745329252   56.339392975   -8.965424673  -20.276422874
    0.000000000   -1.745329252   53.160169339  -23.779161658  -19.670043048
    0.196349541   -1.745329252   47.014670385  -38.476022776  -18.640684841
    0.392699082   -1.745329252   38.393087017  -48.077315341  -17.616175092
    0.589048623   -1.745329252   28.833680887  -47.221903566  -16.893967164
    0.785398163   -1.745329252   20.753846077  -32.848477074  -16.492071414
    0.981747704   -1.745329252   16.726570773   -6.693214490  -16.128811360
    1.178097245   -1.745329252   18.459097447   24.344504340  -15.380192937
    1.374446786   -1.745329252   25.986424488   50.748670005  -13.914781886
    1.570796327   -1.745329252   37.558298165   64.529494595  -11.665548890
    1.767145868   -1.745329252   50.279497932   62.381016938   -8.844155868
    1.963495408   -1.745329252   61.138899317   46.260874438   -5.814924510
    2.159844949   -1.745329252   67.897683623   21.719019165   -2.949917485
    2.356194490   -1.745329252   69.559522847   -4.578125006   -0.513429972
    2.552544031   -1.745329252   66.384824283  -26.681117870    1.366691868
    2.748893572   -1.745329252   59.635835618  -40.478048302    2.700277878
    2.945243113   -1.745329252   51.167529205  -44.121604216    3.593316024

   -3.141592654   -1.396263402   41.211682467  -38.720765476    2.310616691
   -2.945243113   -1.396263402   34.827894838  -25.661910823    2.117689177
   -2.748893572   -1.396263402   31.314517104  -10.263707311    1.883833903
   -2.552544031   -1.396263402   30.651196432    2.712498133    1.496204234
   -2.356194490   -1.396263402   32.026594226   10.216270311    0.693226516
   -2.159844949   -1.396263402   34.275468933   11.773017749   -0.840282140
   -1.963495408   -1.396263402   36.378926280    9.180126902   -3.337386464
   -1.767145868   -1.396263402   37.799857034    5.320600838   -6.809173549
   -1.570796327   -1.396263402   38.557783908    2.771248298  -10.975804989
   -1.374446786   -1.396263402   39.067242000    2.890759475  -15.308838152
   -1.178097245   -1.396263402   39.861301205    5.506622530  -19.175965692
   -0.981747704   -1.396263402   41.310699104    9.252756078  -22.021621941
   -0.785398163   -1.396263402   43.441918452   12.047795537  -23.505058420
   -0.589048623   -1.396263402   45.856605276   11.788408043  -23.543537823
   -0.392699082   -1.396263402   47.781933765    6.875576311  -22.299282969
   -0.196349541   -1.396263402   48.220063497   -3.340853406  -20.119110312
    0.000000000   -1.396263402   46.191990066  -17.908281130  -17.494321564
    0.196349541   -1.396263402   41.114158626  -33.674369266  -14.963187872
    0.392699082   -1.396263402   33.246981517  -45.303629059  -12.979593425
    0.589048623   -1.396263402   24.006102404  -46.720360726  -11.757463351
    0.785398163   -1.396263402   15.846596910  -33.994488532  -11.182346840
    0.981747704   -1.396263402   11.534134244   -8.219771372  -10.860011586
    1.178097245   -1.396263402   13.043992553   23.798575638  -10.311286612
    1.374446786   -1.396263402   20.638233775   52.044794542   -9.193951376
    1.570796327   -1.396263402   32.656570368   67.706499880   -7.440997782
    1.767145868   -1.396263402   46.134266450   66.740965591   -5.249765156
    1.963495408   -1.396263402   57.880419036   50.742201390   -2.953556833
    2.159844949   -1.396263402   65.449818284   25.356904759   -0.885904231
    2.356194490   -1.396263402   67.693959892   -2.341283905    0.724230382
    2.552544031   -1.396263402   64.814438760  -25.876843089    1.776288988
    2.748893572   -1.396263402   58.112386930  -40.711092008    2.300093897
    2.945243113   -1.396263402   49.545917213  -44.779480894    2.420211196

   -3.141592654   -1.047197551   38.350688682  -41.584740697    4.344784987
   -2.945243113   -1.047197551   31.465429347  -27.848207304    3.193662464
   -2.748893572   -1.047197551   27.604966026  -11.635100699    1.844483679
   -2.552544031   -1.047197551   26.724508081    1.759454339    0.287704589
   -2.356194490   -1.047197551   27.889561100    8.869316508   -1.643787032
   -2.159844949   -1.047197551   29.760402966    9.137377535   -4.209652908
   -1.963495408   -1.047197551   31.172747545    4.745767711   -7.605821788
   -1.767145868   -1.047197551   31.558022703   -0.686157894  -11.772469234
   -1.570796327   -1.047197551   31.059710627   -3.796596930  -16.291690791
   -1.374446786   -1.047197551   30.343698070   -2.767541640  -20.456898414
   -1.178097245   -1.047197551   30.233467622    2.152135111  -23.500983336
   -0.981747704   -1.047197551   31.324853630    9.036785520  -24.866016898
   -0.785398163   -1.047197551   33.733263124   15.033587926  -24.378409818
   -0.589048623   -1.047197551   37.001492408   17.336043355  -22.259136253
   -0.392699082   -1.047197551   40.179855608   13.879983246  -19.023139636
   -0.196349541   -1.047197551   42.028461190    3.790542007  -15.310928554
    0.000000000   -1.047197551   41.306585952  -11.935407336  -11.741530579
    0.196349541   -1.047197551   37.204787171  -29.824694054   -8.763758894
    0.392699082   -1.047197551   29.849584703  -43.937092706   -6.565595303
    0.589048623   -1.047197551   20.660511144  -47.432507566   -5.066026333
    0.785398163   -1.047197551   12.240755367  -35.725261682   -4.005107492
    0.981747704   -1.047197551    7.597896970   -9.651237302   -3.086425725
    1.178097245   -1.047197551    8.948089412   23.725028168   -2.102185896
    1.374446786   -1.047197551   16.701453073   53.734280742   -0.970737267
    1.570796327   -1.047197551   29.203301484   70.824418404    0.288688356
    1.767145868   -1.047197551   43.366764123   70.436696783    1.607869220
    1.963495408   -1.047197551   55.813497699   54.016493666    2.901224191
    2.159844949   -1.047197551   63.916388483   27.410112396    4.066339484
    2.356194490   -1.047197551   66.406571239   -1.922855891    4.985949290
    2.552544031   -1.047197551   63.446906923  -27.072008628    5.532751982
    2.748893572   -1.047197551   56.380937735  -43.128897793    5.610211611
    2.945243113   -1.047197551   47.270975507  -47.775465621    5.192108777

   -3.141592654   -0.698131701   38.428245649  -45.043703951    4.196459842
   -2.945243113   -0.698131701   30.835660081  -31.531730624    1.712152604
   -2.748893572   -0.698131701   26.251462197  -15.305651829   -0.983897349
   -2.552544031   -0.698131701   24.646713322   -1.995140562   -3.721930590
   -2.356194490   -0.698131701   25.033878230    4.615681824   -6.531528225
   -2.159844949   -0.698131701   25.980054121    3.911790178   -9.606375229
   -1.963495408   -0.698131701   26.257390801   -1.554220536  -13.109553769
   -1.767145868   -0.698131701   25.341826758   -7.474722478  -16.920622635
   -1.570796327   -0.698131701   23.560751336   -9.828088688  -20.518073771
   -1.374446786   -0.698131701   21.855890787   -6.574857985  -23.114146746
   -1.178097245   -0.698131701   21.309972655    1.641677217  -23.993757639
   -0.981747704   -0.698131701   22.650921051   12.047425185  -22.850760356
   -0.785398163   -0.698131701   25.946384024   20.881667221  -19.926914345
   -0.589048623   -0.698131701   30.537103411   24.707633521  -15.887873511
   -0.392699082   -0.698131701   35.188917855   21.272650477  -11.556674439
   -0.196349541   -0.698131701   38.382664980    9.917873300   -7.625609752
    0.000000000   -0.698131701   38.673585179   -7.817784085   -4.472106492
    0.196349541   -0.698131701   35.174383662  -27.750222651   -2.092492017
    0.392699082   -0.698131701   28.073024865  -43.280652722   -0.189348214
    0.589048623   -0.698131701   18.953881671  -47.211850085    1.613403400
    0.785398163   -0.698131701   10.611519694  -35.046710138    3.527881914
    0.981747704   -0.698131701    6.189484389   -8.063895758    5.477891243
    1.178097245   -0.698131701    7.939614127   26.154536640    7.174177944
    1.374446786   -0.698131701   16.221855648   56.605184509    8.339991223
    1.570796327   -0.698131701   29.292560944   73.672669825    8.897538310
    1.767145868   -0.698131701   43.983452414   72.911571776    9.000514291
    1.963495408   -0.698131701   56.861276609   55.900257656    8.904330609
    2.159844949   -0.698131701   65.263440653   28.551077454    8.791606839
    2.356194490   -0.698131701   67.892104326   -1.678846533    8.665253699
    2.552544031   -0.698131701   64.879859972  -27.867125482    8.349499525
    2.748893572   -0.698131701   57.550174726  -45.013234778    7.594421744
    2.945243113   -0.698131701   47.972875583  -50.611762421    6.214366371

   -3.141592654   -0.349065850   39.548827790  -50.243727054    3.348344107
   -2.945243113   -0.349065850   30.860624632  -37.369362047   -0.074971261
   -2.748893572   -0.349065850   25.120830309  -21.140245906   -3.594264390
   -2.552544031   -0.349065850   22.402103198   -7.486002692   -6.920552746
   -2.356194490   -0.349065850   21.738915829   -0.638711295   -9.992203013
   -2.159844949   -0.349065850   21.648657747   -1.438211052  -12.952520355
   -1.963495408   -0.349065850   20.856529148   -7.056538687  -15.929974729
   -1.767145868   -0.349065850   18.889902252  -12.510539013  -18.761391556
   -1.570796327   -0.349065850   16.264731739  -13.150532566  -20.890379513
   -1.374446786   -0.349065850   14.185902847   -6.875690830  -21.567541092
   -1.178097245   -0.349065850   13.937470365    4.993829824  -20.263568800
   -0.981747704   -0.349065850   16.264559273   18.566007205  -17.016835540
   -0.785398163   -0.349065850   21.036211720   29.103819996  -12.486942340
   -0.589048623   -0.349065850   27.256480538   32.779733228   -7.676667004
   -0.392699082   -0.349065850   33.346989937   27.652152144   -3.511140204
   -0.196349541   -0.349065850   37.559818870   13.873805433   -0.482810051
    0.000000000   -0.349065850   38.403326080   -6.029609629    1.491828018
    0.196349541   -0.349065850   35.124516275  -27.075327708    2.972584551
    0.392699082   -0.349065850   28.157649856  -42.373847402    4.687288662
    0.589048623   -0.349065850   19.326747639  -45.084791139    7.123735849
    0.785398163   -0.349065850   11.542558770  -31.553197224   10.228511699
    0.981747704   -0.349065850    7.889285064   -3.910282046   13.403516373
    1.178097245   -0.349065850   10.431596402   29.884325294   15.835170169
    1.374446786   -0.349065850   19.332459177   59.083158191   16.954721711
    1.570796327   -0.349065850   32.746057676   74.714643696   16.716727735
    1.767145868   -0.349065850   47.529377835   72.907572159   15.549730796
    1.963495408   -0.349065850   60.352009070   55.431242875   14.047435706
    2.159844949   -0.349065850   68.648664720   27.972447310   12.642691710
    2.356194490   -0.349065850   71.149727387   -2.447951624   11.430150362
    2.552544031   -0.349065850   67.932664080  -29.272155300   10.193246130
    2.748893572   -0.349065850   60.220742177  -47.576868090    8.578015200
    2.945243113   -0.349065850   50.001950852  -54.592651276    6.308850310

   -3.141592654    0.000000000   40.417530061  -56.523713833    1.539235844
   -2.945243113    0.000000000   30.438934475  -44.083067243   -1.933392902
   -2.748893572    0.000000000   23.400632202  -27.534187782   -5.289850406
   -2.552544031    0.000000000   19.497610007  -13.116438821   -8.250118005
   -2.356194490    0.000000000   17.804778748   -5.526875475  -10.767493768
   -2.159844949    0.000000000   16.807284538   -5.820950155  -12.987079470
   -1.963495408    0.000000000   15.202612207  -10.894957209  -15.016672097
   -1.767145868    0.000000000   12.583711062  -15.152702307  -16.673781412
   -1.570796327    0.000000000    9.646769123  -13.484818616  -17.436407294
   -1.374446786    0.000000000    7.810246221   -3.971875213  -16.693394207
   -1.178097245    0.000000000    8.462939523   11.179306961  -14.156340869
   -0.981747704    0.000000000   12.243372007   26.912445580  -10.137614930
   -0.785398163    0.000000000   18.712628188   37.706336132   -5.491105339
   -0.589048623    0.000000000   26.487923190   39.746935232   -1.236951209
   -0.392699082    0.000000000   33.687122440   31.885841833    1.899024735
   -0.196349541    0.000000000   38.462746376   15.490906219    3.785346643
    0.000000000    0.000000000   39.462210403   -5.784023070    4.913970386
    0.196349541    0.000000000   36.245602626  -26.381268984    6.145697423
    0.392699082    0.000000000   29.591952901  -39.695642317    8.283518561
    0.589048623    0.000000000   21.530611582  -39.973217575   11.631433289
    0.785398163    0.000000000   14.922941377  -24.951663947   15.772698233
    0.981747704    0.000000000   12.563336411    2.314015193   19.715138992
    1.178097245    0.000000000   16.138562429   33.935750771   22.374984243
    1.374446786    0.000000000   25.543772217   60.138610900   23.108667889
    1.570796327    0.000000000   38.895007431   73.186297632   21.974345940
    1.767145868    0.000000000   53.218927987   69.982574416   19.601583576
    1.963495408    0.000000000   65.431561862   52.310669995   16.794365590
    2.159844949    0.000000000   73.152586002   25.270101603   14.152091514
    2.356194490    0.000000000   75.158720753   -4.860759631   11.867233528
    2.552544031    0.000000000   71.445984614  -32.031707100    9.762636712
    2.748893572    0.000000000   63.099907145  -51.374827056    7.487363054
    2.945243113    0.000000000   52.002868047  -59.753365499    4.758407131

   -3.141592654    0.349065850   42.144530102  -61.177046378    1.137921023
   -2.945243113    0.349065850   31.211117658  -49.059152308   -1.173336172
   -2.748893572    0.349065850   23.202633901  -32.353394415   -3.271107561
   -2.552544031    0.349065850   18.397707201  -17.444613578   -5.050764512
   -2.356194490    0.349065850   15.909258294   -9.302292862   -6.550132656
   -2.159844949    0.349065850   14.220990672   -9.071129817   -7.886358090
   -1.963495408    0.349065850   12.044180056  -13.398313792   -9.083714758
   -1.767145868    0.349065850    9.056141247  -16.271392727   -9.929044298
   -1.570796327    0.349065850    6.102858146  -12.407877302  -10.005418973
   -1.374446786    0.349065850    4.733609868   -0.282981366   -8.933652009
   -1.178097245    0.349065850    6.337062106   17.014977251   -6.667537452
   -0.981747704    0.349065850   11.368083738   33.537531794   -3.620026365
   -0.785398163    0.349065850   19.075597196   43.424906974   -0.506857754
   -0.589048623    0.349065850   27.775773208   43.318115065    2.009300911
   -0.392699082    0.349065850   35.439299489   33.107034545    3.662827446
   -0.196349541    0.349065850   40.294917094   15.324755015    4.717892063
    0.000000000    0.349065850   41.264863784   -5.601411008    5.861397602
    0.196349541    0.349065850   38.267824727  -24.073275205    7.877226167
    0.392699082    0.349065850   32.366286492  -34.288454525   11.249169053
    0.589048623    0.349065850   25.650100353  -31.878072891   15.838703549
    0.785398163    0.349065850   20.758811007  -15.954375953   20.826563585
    0.981747704    0.349065850   20.056473389    9.789288069   24.991716588
    1.178097245    0.349065850   24.780379873   37.918011830   27.240350269
    1.374446786    0.349065850   34.555905538   59.944630355   27.082301453
    1.570796327    0.349065850   47.508501490   69.546446709   24.794099862
    1.767145868    0.349065850   60.906212859   64.484226241   21.199057890
    1.963495408    0.349065850   71.993565681   46.587169047   17.237265235
    2.159844949    0.349065850   78.659722109   20.353084057   13.602222810
    2.356194490    0.349065850   79.803580445   -8.754730461   10.567003800
    2.552544031    0.349065850   75.394309050  -35.339286269    8.042539942
    2.748893572    0.349065850   66.400696989  -54.776533510    5.761656483
    2.945243113    0.349065850   54.582611295  -63.748223381    3.484554476

   -3.141592654    0.698131701   44.108535801  -63.123631170    0.981260656
   -2.945243113    0.698131701   32.766642920  -51.255308644    0.575506355
   -2.748893572    0.698131701   24.304593120  -34.751777329    0.364845578
   -2.552544031    0.698131701   19.016646228  -19.940755739    0.179616652
   -2.356194490    0.698131701   16.036678056  -11.783216190   -0.135642723
   -2.159844949    0.698131701   13.876423105  -11.351839370   -0.657394213
   -1.963495408    0.698131701   11.297337449  -15.144765689   -1.321062026
   -1.767145868    0.698131701    8.055358930  -17.034177842   -1.919097821
   -1.570796327    0.698131701    5.079991690  -11.834034521   -2.190795514
   -1.374446786    0.698131701    3.956694805    1.600539442   -1.971790935
   -1.178097245    0.698131701    6.018198002   19.667738911   -1.296905071
   -0.981747704    0.698131701   11.574815505   36.085377773   -0.375260352
   -0.785398163    0.698131701   19.706151847   45.100288722    0.562308054
   -0.589048623    0.698131701   28.626370685   43.915076372    1.443106234
   -0.392699082    0.698131701   36.340596083   33.178161273    2.456360937
   -0.196349541    0.698131701   41.251555721   16.044278511    4.000796250
    0.000000000    0.698131701   42.537150102   -2.900940323    6.533715142
    0.196349541    0.698131701   40.344139529  -18.503706632   10.334245196
    0.392699082    0.698131701   35.819675804  -25.951130507   15.286935806
    0.589048623    0.698131701   30.915329366  -22.070205917   20.764786299
    0.785398163    0.698131701   27.919968626   -6.852710141   25.727365890
    0.981747704    0.698131701   28.747875305   15.943260720   29.044384772
    1.178097245    0.698131701   34.266393814   39.730245081   29.936489279
    1.374446786    0.698131701   43.957762775   57.390223725   28.284467149
    1.570796327    0.698131701   56.071142605   63.833974633   24.638172383
    1.767145868    0.698131701   68.183435020   57.411468811   19.933977408
    1.963495408    0.698131701   77.888220158   39.811349665   15.103840115
    2.159844949    0.698131701   83.342391941   14.885200583   10.809831735
    2.356194490    0.698131701   83.568183571  -12.652685089    7.355832627
    2.552544031    0.698131701   78.525109267  -37.980853202    4.772149834
    2.748893572    0.698131701   69.090302850  -56.729661680    2.946000849
    2.945243113    0.698131701   56.911541409  -65.539373208    1.728033821

   -3.141592654    1.047197551   42.983891331  -63.480545643   -4.053039179
   -2.945243113    1.047197551   31.656197984  -50.786326796   -2.898328109
   -2.748893572    1.047197551   23.338446374  -33.808438586   -1.456762565
   -2.552544031    1.047197551   18.248970911  -18.923844722   -0.125906159
   -2.356194490    1.047197551   15.446209426  -11.035905597    0.835375259
   -2.159844949    1.047197551   13.390311016  -11.044293847    1.357941261
   -1.963495408    1.047197551   10.830172124  -15.237987361    1.521704939
   -1.767145868    1.047197551    7.544096390  -17.359224542    1.452615969
   -1.570796327    1.047197551    4.495156575  -12.245121142    1.231437798
   -1.374446786    1.047197551    3.285373310    1.117962575    0.873510385
   -1.178097245    1.047197551    5.239309707   19.036816724    0.400312821
   -0.981747704    1.047197551   10.657275931   35.322043973   -0.059467655
   -0.785398163    1.047197551   18.647911582   44.507540103   -0.215471294
   -0.589048623    1.047197551   27.520112208   44.153554934    0.329288166
   -0.392699082    1.047197551   35.433452596   35.110691756    1.959683321
   -0.196349541    1.047197551   40.955933479   20.443003712    4.898307873
    0.000000000    1.047197551   43.377456484    4.267252080    9.120554097
    0.196349541    1.047197551   42.833350435   -9.023904323   14.295382567
    0.392699082    1.047197551   40.295776231  -15.479909784   19.782801656
    0.589048623    1.047197551   37.387577389  -12.562526143   24.698285730
    0.785398163    1.047197551   35.995362983   -0.336220368   28.098060128
    0.981747704    1.047197551   37.687954150   18.092334000   29.255294233
    1.178097245    1.047197551   43.172178630   37.301467537   27.925852270
    1.374446786    1.047197551   52.008244188   51.342521451   24.437021117
    1.570796327    1.047197551   62.710500930   55.800945704   19.536886594
    1.767145868    1.047197551   73.186394985   49.009792046   14.096254168
    1.963495408    1.047197551   81.302710453   32.165973655    8.828392455
    2.159844949    1.047197551   85.376240476    8.505540364    4.190791225
    2.356194490    1.047197551   84.482904912  -17.679600030    0.424816310
    2.552544031    1.047197551   78.579347628  -41.733505964   -2.328786005
    2.748893572    1.047197551   68.526116462  -59.283539772   -3.979615831
    2.945243113    1.047197551   55.958833531  -66.944983968   -4.512339677

   -3.141592654    1.396263402   37.994894585  -61.469399607   -9.726887606
   -2.945243113    1.396263402   27.256885778  -46.930751259   -8.167057911
   -2.748893572    1.396263402   19.793216975  -29.143582671   -6.180395174
   -2.552544031    1.396263402   15.614217292  -14.461646706   -4.168380154
   -2.356194490    1.396263402   13.608178500   -7.460161919   -2.378568381
   -2.159844949    1.396263402   12.142072123   -8.629883123   -0.883151186
   -1.963495408    1.396263402    9.939344114  -14.008337239    0.334615762
   -1.767145868    1.396263402    6.780583144  -17.294751212    1.262005606
   -1.570796327    1.396263402    3.629821165  -13.349006184    1.811980340
   -1.374446786    1.396263402    2.097783708   -1.020475652    1.899617835
   -1.178097245    1.396263402    3.569319639   16.377164000    1.592919613
   -0.981747704    1.396263402    8.492559311   33.132427849    1.208472654
   -0.785398163    1.396263402   16.202432167   44.038512566    1.268710572
   -0.589048623    1.396263402   25.244376194   46.493872808    2.309282301
   -0.392699082    1.396263402   33.939610395   40.747842163    4.668866133
   -0.196349541    1.396263402   40.873421067   29.061149238    8.335809725
    0.000000000    1.396263402   45.194828753   14.764003534   12.939459374
    0.196349541    1.396263402   46.762349783    1.678957669   17.810475252
    0.392699082    1.396263402   46.190405851   -6.478893549   22.111679096
    0.589048623    1.396263402   44.738838596   -6.965670620   25.007204526
    0.785398163    1.396263402   44.019632199    0.834152259   25.873798272
    0.981747704    1.396263402   45.497590535   14.827009730   24.493583167
    1.178097245    1.396263402   49.979020248   30.578321152   21.138039430
    1.374446786    1.396263402   57.279209788   42.680113264   16.463878024
    1.570796327    1.396263402   66.211508748   46.632685618   11.252826342
    1.767145868    1.396263402   74.915664492   40.217004598    6.146180302
    1.963495408    1.396263402   81.370908143   24.052572426    1.501696727
    2.159844949    1.396263402   83.920958113    1.106701610   -2.542776548
    2.356194490    1.396263402   81.656651368  -24.185959272   -5.917435047
    2.552544031    1.396263402   74.601444372  -46.847136483   -8.483086390
    2.748893572    1.396263402   63.735941879  -62.328095931  -10.040832663
    2.945243113    1.396263402   50.816079968  -67.437136437  -10.442165180

   -3.141592654    1.745329252   31.742058092  -59.579065797  -15.825122775
   -2.945243113    1.745329252   21.557315886  -43.306357981  -14.307884537
   -2.748893572    1.745329252   14.907933862  -24.622281184  -12.144459104
   -2.552544031    1.745329252   11.636991944   -9.855536846   -9.661442286
   -2.356194490    1.745329252   10.494715140   -3.341352384   -7.059403766
   -2.159844949    1.745329252    9.762174305   -5.316722652   -4.407009824
   -1.963495408    1.745329252    8.114397372  -11.702781563   -1.744860226
   -1.767145868    1.745329252    5.294552935  -16.179925227    0.791695579
   -1.570796327    1.745329252    2.237776684  -13.505957644    2.953832154
   -1.374446786    1.745329252    0.568520473   -2.181399029    4.505643796
   -1.178097245    1.745329252    1.775274809   15.007646960    5.419450047
   -0.981747704    1.745329252    6.508669617   32.782888028    5.977563673
   -0.785398163    1.745329252   14.353629964   45.931640990    6.691813597
   -0.589048623    1.745329252   24.052148417   51.336049759    8.056312814
   -0.392699082    1.745329252   33.982011142   48.368962719   10.305770796
   -0.196349541    1.745329252   42.604853099   38.407191263   13.275136454
    0.000000000    1.745329252   48.795663656   24.148832046   16.446431056
    0.196349541    1.745329252   52.055071783    9.222258849   19.087123634
    0.392699082    1.745329252   52.648846372   -2.365062959   20.464596033
    0.589048623    1.745329252   51.590782755   -7.128511884   20.066310458
    0.785398163    1.745329252   50.424551807   -3.436054863   17.780850348
    0.981747704    1.745329252   50.746279261    7.570980481   13.954966087
    1.178097245    1.745329252   53.642495810   21.965849769    9.277430845
    1.374446786    1.745329252   59.244740017   34.191811126    4.512993297
    1.570796327    1.745329252   66.597069160   39.092092344    0.211497957
    1.767145868    1.745329252   73.922927941   33.670230469   -3.439009612
    1.963495408    1.745329252   79.158879533   18.103832580   -6.565244136
    2.159844949    1.745329252   80.569060194   -4.579661208   -9.388366171
    2.356194490    1.745329252   77.217747445  -29.501895175  -12.001136172
    2.552544031    1.745329252   69.199496552  -51.210340497  -14.250125697
    2.748893572    1.745329252   57.633623770  -64.968097876  -15.812395109
    2.945243113    1.745329252   44.411208500  -67.816080464  -16.375545482

   -3.141592654    2.094395102   25.151630780  -58.414407187  -18.793970904
   -2.945243113    2.094395102   15.343525958  -40.705985504  -17.619162924
   -2.748893572    2.094395102    9.308993965  -21.046443479  -15.610063278
   -2.552544031    2.094395102    6.801646550   -5.713247867  -12.951486089
   -2.356194490    2.094395102    6.508633930    1.137746608   -9.786653303
   -2.159844949    2.094395102    6.679521073   -0.617537435   -6.209390045
   -1.963495408    2.094395102    5.961775440   -6.979850727   -2.336670995
   -1.767145868    2.094395102    4.042428344  -11.809719440    1.603190996
   -1.570796327    2.094395102    1.773201420   -9.920642972    5.268284527
   -1.374446786    2.094395102    0.713261425    0.443054201    8.321296123
   -1.178097245    2.094395102    2.363838598   16.993157196   10.602963633
   -0.981747704    2.094395102    7.485563600   34.893803792   12.219730067
   -0.785398163    2.094395102   15.826292285   48.975096277   13.473578741
   -0.589048623    2.094395102   26.250744147   55.690800336   14.654278086
   -0.392699082    2.094395102   37.142472906   53.682540665   15.848562319
   -0.196349541    2.094395102   46.822789220   43.650013410   16.846211139
    0.000000000    2.094395102   53.921808209   27.915045135   17.209826066
    0.196349541    2.094395102   57.665168186   10.196391489   16.426458224
    0.392699082    2.094395102   58.107415747   -4.945029457   14.128225461
    0.589048623    2.094395102   56.195024665  -13.147313084   10.293658405
    0.785398163    2.094395102   53.587170354  -11.858924543    5.348493173
    0.981747704    2.094395102   52.149726001   -1.628855469    0.077359689
    1.178097245    2.094395102   53.299279016   13.612312985   -4.649437004
    1.374446786    2.094395102   57.435205593   27.703040991   -8.219690709
    1.570796327    2.094395102   63.714788905   34.601974963  -10.506184680
    1.767145868    2.094395102   70.308065904   30.554408147  -11.846892360
    1.963495408    2.094395102   74.992141548   15.457908414  -12.816357094
    2.159844949    2.094395102   75.869939685   -7.420248103  -13.913738447
    2.356194490    2.094395102   71.928346303  -32.627706213  -15.337853140
    2.552544031    2.094395102   63.302809301  -54.152448604  -16.928125902
    2.748893572    2.094395102   51.236376650  -66.993616224  -18.291735788
    2.945243113    2.094395102   37.756660425  -68.334608463  -19.003598860

   -3.141592654    2.443460953   18.813844983  -57.922724223  -12.794674874
   -2.945243113    2.443460953    9.237835163  -38.856285836  -11.409506138
   -2.748893572    2.443460953    3.691794339  -17.958200431   -9.432247604
   -2.552544031    2.443460953    1.901401954   -1.523200184   -6.944613513
   -2.356194490    2.443460953    2.533586596    6.358267379   -3.968729596
   -2.159844949    2.443460953    3.826590332    5.569856981   -0.474479635
   -1.963495408    2.443460953    4.403623213   -0.036441957    3.526697684
   -1.767145868    2.443460953    3.887282708   -4.560098007    7.858083530
   -1.570796327    2.443460953    3.021799479   -2.980993624   12.138634980
   -1.374446786    2.443460953    3.247509229    6.523561192   15.885151936
   -1.178097245    2.443460953    5.983663073   21.950187053   18.706751909
   -0.981747704    2.443460953   11.971890825   38.787538704   20.447253671
   -0.785398163    2.443460953   20.988720088   51.987420284   21.179053071
   -0.589048623    2.443460953   31.923263110   57.848079883   21.053191103
   -0.392699082    2.443460953   43.131964592   54.661354855   20.142408928
   -0.196349541    2.443460953   52.838111033   42.809698526   18.360220113
    0.000000000    2.443460953   59.532363227   24.518888068   15.522778655
    0.196349541    2.443460953   62.317127282    3.795914122   11.483442281
    0.392699082    2.443460953   61.218326697  -14.136920126    6.306768809
    0.589048623    2.443460953   57.306942648  -24.069131762    0.398567183
    0.785398163    2.443460953   52.523308047  -22.774025348   -5.500860747
    0.981747704    2.443460953   49.097192536  -10.682731798  -10.509939767
    1.178097245    2.443460953   48.763065805    7.691568367  -13.923687832
    1.374446786    2.443460953   52.070712857   25.129868523  -15.501180283
    1.570796327    2.443460953   58.112849591   34.555094342  -15.543484591
    1.767145868    2.443460953   64.830773639   31.628427235  -14.721383558
    1.963495408    2.443460953   69.721012325   16.299880958  -13.763975753
    2.159844949    2.443460953   70.668804573   -7.616843691  -13.178009707
    2.356194490    2.443460953   66.574015440  -33.937145693  -13.112414443
    2.552544031    2.443460953   57.621016105  -56.053658097  -13.386736780
    2.748893572    2.443460953   45.187150781  -68.695226571  -13.643441745
    2.945243113    2.443460953   31.452282253  -69.136166371  -13.521510279

   -3.141592654    2.792526803   15.603961065  -56.870316461    1.356685953
   -2.945243113    2.792526803    6.305153840  -37.083253014    3.499669010
   -2.748893572    2.792526803    1.187556349  -15.359744267    5.440283369
   -2.552544031    2.792526803    0.000000000    2.041515602    7.191297740
   -2.356194490    2.792526803    1.442121270   11.067577983    8.992218322
   -2.159844949    2.792526803    3.783380035   11.540781667   11.222279108
   -1.963495408    2.792526803    5.650022039    7.078975045   14.188417988
   -1.767145868    2.792526803    6.608116980    3.233460785   17.887533182
   -1.570796327    2.792526803    7.277779155    4.717234312   21.907204829
   -1.374446786    2.792526803    8.935215759   13.274632372   25.546162680
   -1.178097245    2.792526803   12.846466097   27.079202122   28.093224876
   -0.981747704    2.792526803   19.649356160   41.914379157   29.085261622
   -0.785398163    2.792526803   29.068289791   52.930324729   28.399373187
   -0.589048623    2.792526803   39.961300526   56.449081018   26.162703868
   -0.392699082    2.792526803   50.647263867   50.688714980   22.597444086
   -0.196349541    2.792526803   59.302443861   36.053306630   17.908964705
    0.000000000    2.792526803   64.396097070   15.013297994   12.283534754
    0.196349541    2.792526803   65.083350451   -7.922999943    5.962559267
    0.392699082    2.792526803   61.557650408  -26.889114452   -0.655095502
    0.589048623    2.792526803   55.177675924  -36.146569315   -6.955385510
    0.785398163    2.792526803   48.239435756  -32.356444536  -12.182903468
    0.981747704    2.792526803   43.291942649  -16.437533084  -15.658148739
    1.178097245    2.792526803   42.240196616    6.106758828  -17.049724104
    1.374446786    2.792526803   45.591476867   26.962923659  -16.537055937
    1.570796327    2.792526803   52.210374307   38.326648104  -14.725623747
    1.767145868    2.792526803   59.726293879   35.752590982  -12.370729670
    1.963495408    2.792526803   65.360492013   19.624472729  -10.064857052
    2.159844949    2.792526803   66.837713299   -5.564450035   -8.073886719
    2.356194490    2.792526803   63.027474411  -33.024701103   -6.352600520
    2.552544031    2.792526803   54.179391430  -55.802493082   -4.688066869
    2.748893572    2.792526803   41.775598031  -68.553334941   -2.873893195
    2.945243113    2.792526803   28.095288497  -68.669958016   -0.830433396
