#! FIELDS phi psi file.free der_phi der_psi
#! SET min_phi -pi
#! SET max_phi pi
#! SET nbins_phi  32
#! SET periodic_phi true
#! SET min_psi -pi
#! SET max_psi pi
#! SET nbins_psi  18
#! SET periodic_psi true
   -3.141592654   -3.141592654   20.066253957  -56.653126397   13.600445702
   -2.945243113   -3.141592654   10.569513422  -39.026456499   16.247991382
   -2.748893572   -3.141592654    5.016016472  -17.475205595   18.282892123
   -2.552544031   -3.141592654    3.560256103    1.732015465   19.736196288
   -2.356194490   -3.141592654    5.222561743   13.748815440   20.916749380
   -2.159844949   -3.141592654    8.396308099   17.270781754   22.278574164
   -1.963495408   -3.141592654   11.614461541   14.905858897   24.157557637
   -1.767145868   -3.141592654   14.185550016   11.549045615   26.509216560
   -1.570796327   -3.141592654   16.384372025   11.697472828   28.829719709
   -1.374446786   -3.141592654   19.140616445   17.259005166   30.337784778
   -1.178097245   -3.141592654   23.434862113   26.877488618   30.327672212
   -0.981747704   -3.141592654   29.731666778   36.951577783   28.480687914
   -0.785398163   -3.141592654   37.711516351   43.341270748   24.962954172
   -0.589048623   -3.141592654   46.332136503   43.123735389   20.285039635
   -0.392699082   -3.141592654   54.161292741   35.256307906   15.043024349
   -0.196349541   -3.141592654   59.753636338   20.694063716    9.693444160
    0.000000000   -3.141592654   62.025732952    2.013149905    4.461360077
    0.196349541   -3.141592654   60.546458897  -16.731275123   -0.589762502
    0.392699082   -3.141592654   55.783471067  -30.602309295   -5.383500975
    0.589048623   -3.141592654   49.163187244  -34.995866137   -9.654339906
    0.785398163   -3.141592654   42.827617588  -27.630066467  -12.920457180
    0.981747704   -3.141592654   38.996218235  -10.128086700  -14.656718533
    1.178097245   -3.141592654   39.162516397   11.918721391  -14.586633530
    1.374446786   -3.141592654   43.478352929   30.862078534  -12.883967418
    1.570796327   -3.141592654   50.647664779   40.150258828  -10.110459608
    1.767145868   -3.141592654   58.399766721   36.632427486   -6.945829621
    1.963495408   -3.141592654   64.257328591   21.336770286   -3.875717092
    2.159844949   -3.141592654   66.272268379   -1.647290885   -1.054019106
    2.356194490   -3.141592654   63.468635557  -26.788373290    1.640926403
    2.552544031   -3.141592654   55.974369612  -48.555947400    4.421467655
    2.748893572   -3.141592654   44.923536388  -62.360446976    7.413226104
    2.945243113   -3.141592654   32.206556677  -65.245263530   10.552764880

   -3.141592654   -2.792526803   26.517356880  -51.006575801   20.661464887
   -2.945243113   -2.792526803   17.981316093  -34.980929540   23.622383919
   -2.748893572   -2.792526803   13.043914487  -15.234472994   25.479534861
   -2.552544031   -2.792526803   11.879974007    2.586127689   26.328545666
   -2.356194490   -2.792526803   13.648394281   14.157618265   26.611810555
   -2.159844949   -2.792526803   16.946681485   18.284691546   26.924514633
   -1.963495408   -2.792526803   20.478266429   17.118466460   27.701493788
   -1.767145868   -2.792526803   23.587177981   14.691558226   28.941230782
   -1.570796327   -2.792526803   26.408143722   14.656173902   30.147511299
   -1.374446786   -2.792526803   29.604643338   18.543491504   30.540370873
   -1.178097245   -2.792526803   33.881846541   25.278989463   29.426471400
   -0.981747704   -2.792526803   39.538126152   32.033451705   26.514407101
   -0.785398163   -2.792526803   46.254726834   35.529561160   22.011047654
   -0.589048623   -2.792526803   53.135814300   33.417057267   16.483351010
   -0.392699082   -2.792526803   58.966286899   24.794543162   10.590364089
   -0.196349541   -2.792526803   62.508412764   10.405067161    4.854117214
    0.000000000   -2.792526803   62.827472087   -7.514702298   -0.447728114
    0.196349541   -2.792526803   59.580953382  -25.152635919   -5.216410075
    0.392699082   -2.792526803   53.298886771  -37.584069477   -9.371479981
    0.589048623   -2.792526803   45.486566669  -40.060136591  -12.696515000
    0.785398163   -2.792526803   38.390046922  -30.225726608  -14.827705088
    0.981747704   -2.792526803   34.319444649   -9.943250209  -15.414317162
    1.178097245   -2.792526803   34.780016776   14.650346854  -14.361673221
    1.374446786   -2.792526803   39.820401645   35.357160566  -11.961404821
    1.570796327   -2.792526803   47.962738325   45.410696896   -8.776138845
    1.767145868   -2.792526803   56.758578002   41.926347959   -5.367772671
    1.963495408   -2.792526803   63.637311822   26.456860429   -2.032857138
    2.159844949   -2.792526803   66.658867244    3.550263668    1.253144411
    2.356194490   -2.792526803   64.916251465  -21.126417681    4.706726546
    2.552544031   -2.792526803   58.597753642  -42.243231600    8.511922428
    2.748893572   -2.792526803   48.836821337  -55.609480851   12.652024126
    2.945243113   -2.792526803   37.442358160  -58.654573873   16.852405908

   -3.141592654   -2.443460953   33.507274087  -45.292942921   19.038796647
   -2.945243113   -2.443460953   25.933604337  -30.971373245   21.569496733
   -2.748893572   -2.443460953   21.601429048  -13.057862109   23.075315415
   -2.552544031   -2.443460953   20.716031595    3.363196444   23.632824202
   -2.356194490   -2.443460953   22.566267944   14.366251707   23.582661813
   -2.159844949   -2.443460953   25.918549486   18.732350704   23.374802065
   -1.963495408   -2.443460953   29.592282213   18.108022593   23.331450310
   -1.767145868   -2.443460953   32.917610208   15.770153759   23.447785904
   -1.570796327   -2.443460953   35.875570073   14.772026689   23.364456665
   -1.374446786   -2.443460953   38.903798568   16.549934272   22.537313707
   -1.178097245   -2.443460953   42.520020254   20.494237050   20.516401186
   -0.981747704   -2.443460953   46.963783555   24.557071554   17.171270619
   -0.785398163   -2.443460953   52.009940670   26.177547513   12.745398543
   -0.589048623   -2.443460953   56.964209487   23.348757787    7.736233069
   -0.392699082   -2.443460953   60.837166082   15.089510987    2.675997614
   -0.196349541   -2.443460953   62.568798110    1.749902822   -2.040517775
    0.000000000   -2.443460953   61.314429795  -14.871751229   -6.238421308
    0.196349541   -2.443460953   56.749631431  -31.229047019   -9.892751129
    0.392699082   -2.443460953   49.399496557  -42.360041199  -12.985583510
    0.589048623   -2.443460953   40.796222613  -43.268349727  -15.366529696
    0.785398163   -2.443460953   33.260830664  -31.401464790  -16.734541512
    0.981747704   -2.443460953   29.188450802   -8.750425437  -16.773207582
    1.178097245   -2.443460953   30.108469537   18.072951087  -15.373348076
    1.374446786   -2.443460953   35.988064088   40.346881795  -12.765610410
    1.570796327   -2.443460953   45.190367170   51.073974229   -9.439150012
    1.767145868   -2.443460953   55.107093062   47.611131413   -5.905646409
    1.963495408   -2.443460953   63.087191334   32.005260058   -2.453385384
    2.159844949   -2.443460953   67.205269574    9.232961078    0.912524020
    2.356194490   -2.443460953   66.623267164  -14.943621552    4.360656713
    2.552544031   -2.443460953   61.581699916  -35.434801182    8.030659010
    2.748893572   -2.443460953   53.199031496  -48.467779701   11.889319259
    2.945243113   -2.443460953   43.188524806  -51.835080744   15.687037230

   -3.141592654   -2.094395102   39.116933769  -40.536346733   12.467982555
   -2.945243113   -2.094395102   32.348765453  -27.596145567   14.018140466
   -2.748893572   -2.094395102   28.525133764  -11.257590268   14.916718420
   -2.552544031   -2.094395102   27.850552963    3.772201836   15.223851172
   -2.356194490   -2.094395102   29.682594941   13.863813111   15.097585761
   -2.159844949   -2.094395102   32.888916880   17.814173074   14.707968567
   -1.963495408   -2.094395102   36.360098230   16.953010465   14.130769596
   -1.767145868   -2.094395102   39.413921760   14.071143060   13.285146085
   -1.570796327   -2.094395102   41.932603990   11.879453078   11.970634976
   -1.374446786   -2.094395102   44.224303048   11.874612462    9.986474165
   -1.178097245   -2.094395102   46.732152838   13.919644702    7.268050784
   -0.981747704   -2.094395102   49.736134428   16.607140893    3.951779942
   -0.785398163   -2.094395102   53.164503455   17.838324603    0.335507519
   -0.589048623   -2.094395102   56.528606135   15.648145843   -3.231912736
   -0.392699082   -2.094395102   59.011645790    8.716165662   -6.481237240
   -0.196349541   -2.094395102   59.638301652   -3.144888104   -9.285351006
    0.000000000   -2.094395102   57.547242630  -18.565177783  -11.676421664
    0.196349541   -2.094395102   52.339562384  -34.144216980  -13.761896089
    0.392699082   -2.094395102   44.471764848  -44.719387349  -15.605544298
    0.589048623   -2.094395102   35.470892227  -44.889866792  -17.106954311
    0.785398163   -2.094395102   27.730231251  -31.766984608  -17.975674343
    0.981747704   -2.094395102   23.752849604   -7.348887367  -17.847772157
    1.178097245   -2.094395102   25.135182161   21.358144515  -16.503440556
    1.374446786   -2.094395102   31.814569763   45.103721772  -14.032365340
    1.570796327   -2.094395102   42.036154662   56.566000469  -10.816869498
    1.767145868   -2.094395102   53.048827167   53.197904386   -7.343912862
    1.963495408   -2.094395102   62.110084931   37.418347022   -3.968833291
    2.159844949   -2.094395102   67.281416136   14.584564976   -0.819986330
    2.356194490   -2.094395102   67.765595234   -9.404504847    2.152354274
    2.552544031   -2.094395102   63.842239593  -29.590083108    5.025371341
    2.748893572   -2.094395102   56.625680536  -42.494206274    7.794798987
    2.945243113   -2.094395102   47.766016274  -46.182466674   10.337773215

   -3.141592654   -1.745329252   42.105925113  -37.835577017    5.915969062
   -2.945243113   -1.745329252   35.787487687  -25.768743082    6.563402898
   -2.748893572   -1.745329252   32.221205226  -10.485649616    6.810386582
   -2.552544031   -1.745329252   31.590912234    3.460113406    6.644490550
   -2.356194490   -1.745329252   33.264020049   12.582473813    6.050100812
   -2.159844949   -1.745329252   36.135458107   15.703396409    4.997537967
   -1.963495408   -1.745329252   39.115652131   14.059170586    3.439861240
   -1.767145868   -1.745329252   41.519315054   10.326979485    1.340448751
   -1.570796327   -1.745329252   43.213304182    7.222840838   -1.269887248
   -1.374446786   -1.745329252   44.508309723    6.423086582   -4.242281231
   -1.178097245   -1.745329252   45.897053906    8.063216154   -7.301534316
   -0.981747704   -1.745329252   47.759150451   10.943016832  -10.108025883
   -0.785398163   -1.745329252   50.145154217   12.981565391  -12.360977979
   -0.589048623   -1.745329252   52.670583757   12.005303754  -13.893928307
   -0.392699082   -1.745329252   54.566302212    6.369603297  -14.733048540
   -0.196349541   -1.745329252   54.839431080   -4.465477257  -15.070239319
    0.000000000   -1.745329252   52.550689136  -19.348013149  -15.210816702
    0.196349541   -1.745329252   47.199688658  -34.889972155  -15.451176147
    0.392699082   -1.745329252   39.165303816  -45.674258320  -15.953643675
    0.589048623   -1.745329252   29.968841240  -45.851963689  -16.637671681
    0.785398163   -1.745329252   22.087328091  -32.112904448  -17.167384317
    0.981747704   -1.745329252   18.163244245   -6.354954889  -17.080781064
    1.178097245   -1.745329252   19.908840545   24.084035753  -16.022221916
    1.374446786   -1.745329252   27.283203351   49.375384576  -13.938280783
    1.570796327   -1.745329252   38.444120743   61.723257814  -11.107550552
    1.767145868   -1.745329252   50.494136222   58.491928516   -7.986807401
    1.963495408   -1.745329252   60.564632955   42.346670373   -4.982878165
    2.159844949   -1.745329252   66.655036471   19.019510054   -2.321960329
    2.356194490   -1.745329252   67.970584925   -5.349616319   -0.043246860
    2.552544031   -1.745329252   64.819692146  -25.761481705    1.898030464
    2.748893572   -1.745329252   58.336690568  -38.863372927    3.545679107
    2.945243113   -1.745329252   50.160766597  -42.886315000    4.896372640

   -3.141592654   -1.396263402   41.433573200  -38.214758572    3.973840685
   -2.945243113   -1.396263402   35.033653776  -26.218819553    3.928988366
   -2.748893572   -1.396263402   31.371568424  -11.034754729    3.461236566
   -2.552544031   -1.396263402   30.607644201    2.595855320    2.558496401
   -2.356194490   -1.396263402   32.052380395   11.054192687    1.169135999
   -2.159844949   -1.396263402   34.526910433   13.131731054   -0.789010630
   -1.963495408   -1.396263402   36.877905044   10.202750402   -3.379488952
   -1.767145868   -1.396263402   38.400765986    5.257605385   -6.556028629
   -1.570796327   -1.396263402   39.017015402    1.430657469  -10.089389116
   -1.374446786   -1.396263402   39.171505543    0.762779466  -13.570434793
   -1.178097245   -1.396263402   39.543031908    3.522610635  -16.505992529
   -0.981747704   -1.396263402   40.691915185    8.321139945  -18.476605176
   -0.785398163   -1.396263402   42.783623971   12.617735005  -19.273624120
   -0.589048623   -1.396263402   45.445143191   13.669271337  -18.951592931
   -0.392699082   -1.396263402   47.811946497    9.361444423  -17.805083233
   -0.196349541   -1.396263402   48.724480840   -1.115963372  -16.259734076
    0.000000000   -1.396263402   47.049183278  -16.595123760  -14.768884849
    0.196349541   -1.396263402   42.120880869  -33.415971408  -13.677518322
    0.392699082   -1.396263402   34.230875757  -45.656740391  -13.120795549
    0.589048623   -1.396263402   24.925723359  -46.855511663  -12.970530129
    0.785398163   -1.396263402   16.821359161  -33.202835750  -12.879876219
    0.981747704   -1.396263402   12.763649615   -6.470996018  -12.433228052
    1.178097245   -1.396263402   14.645125087   25.647448033  -11.346520965
    1.374446786   -1.396263402   22.501206509   52.658211952   -9.595962421
    1.570796327   -1.396263402   34.431793981   66.135586600   -7.406083972
    1.767145868   -1.396263402   47.387547588   63.149782094   -5.108237235
    1.963495408   -1.396263402   58.329808724   46.453700590   -2.967298284
    2.159844949   -1.396263402   65.131988128   22.115113973   -1.106130294
    2.356194490   -1.396263402   66.944990792   -3.376894948    0.474365562
    2.552544031   -1.396263402   64.081484947  -24.771301252    1.799442061
    2.748893572   -1.396263402   57.717104812  -38.598211490    2.860895871
    2.945243113   -1.396263402   49.545520784  -43.061598305    3.605608370

   -3.141592654   -1.047197551   39.677958491  -40.804215734    4.548185584
   -2.945243113   -1.047197551   32.763527287  -28.815720195    3.768480250
   -2.748893572   -1.047197551   28.613945188  -13.382934782    2.357490024
   -2.552544031   -1.047197551   27.412171639    0.442927001    0.391062083
   -2.356194490   -1.047197551   28.424145286    8.714236878   -2.080739774
   -2.159844949   -1.047197551   30.376339414   10.065788934   -5.063226076
   -1.963495408   -1.047197551   32.022417085    6.066111500   -8.560676542
   -1.767145868   -1.047197551   32.636266778    0.215074982  -12.443394991
   -1.570796327   -1.047197551   32.231863174   -3.753460104  -16.348640118
   -1.374446786   -1.047197551   31.446035298   -3.432539209  -19.712670111
   -1.178097245   -1.047197551   31.179829741    1.366673070  -21.945078165
   -0.981747704   -1.047197551   32.156077345    8.754440829  -22.658413044
   -0.785398163   -1.047197551   34.581069127   15.501834346  -21.818924482
   -0.589048623   -1.047197551   37.992977929   18.261930498  -19.743003511
   -0.392699082   -1.047197551   41.343141437   14.596160917  -16.983560693
   -0.196349541   -1.047197551   43.256005840    3.665065600  -14.135752653
    0.000000000   -1.047197551   42.403921713  -13.099900101  -11.675679210
    0.196349541   -1.047197551   38.001067608  -31.576323086   -9.825939166
    0.392699082   -1.047197551   30.321059997  -45.281122737   -8.524490920
    0.589048623   -1.047197551   20.999144338  -47.261002630   -7.502914006
    0.785398163   -1.047197551   12.814016358  -33.472776860   -6.451262814
    0.981747704   -1.047197551    8.784551712   -5.822549459   -5.185677832
    1.178097245   -1.047197551   10.916585171   27.555134926   -3.728139899
    1.374446786   -1.047197551   19.259415805   55.629640771   -2.249282190
    1.570796327   -1.047197551   31.832984805   69.593281258   -0.937632499
    1.767145868   -1.047197551   45.460591217   66.427555695    0.122296796
    1.963495408   -1.047197551   56.984832811   49.031656211    0.986808462
    2.159844949   -1.047197551   64.200140098   23.716852680    1.788220725
    2.356194490   -1.047197551   66.223443542   -2.842248098    2.633131260
    2.552544031   -1.047197551   63.361119657  -25.284346650    3.508170192
    2.748893572   -1.047197551   56.800484534  -40.058889542    4.265387969
    2.945243113   -1.047197551   48.265493559  -45.255752802    4.679846500

   -3.141592654   -0.698131701   40.034264880  -43.081168957    3.315829301
   -2.945243113   -0.698131701   32.574545399  -32.054775277    1.445698668
   -2.748893572   -0.698131701   27.715059097  -17.326118229   -1.074102487
   -2.552544031   -0.698131701   25.688403434   -3.994592822   -4.032601079
   -2.356194490   -0.698131701   25.784222112    3.810082282   -7.278631817
   -2.159844949   -0.698131701   26.719599780    4.599598601  -10.770197963
   -1.963495408   -0.698131701   27.239013837    0.095706293  -14.478949794
   -1.767145868   -0.698131701   26.666690529   -5.771585733  -18.201227444
   -1.570796327   -0.698131701   25.160648788   -8.800506832  -21.453857673
   -1.374446786   -0.698131701   23.568305176   -6.424616821  -23.577858663
   -1.178097245   -0.698131701   22.985277458    1.212097782  -24.021875275
   -0.981747704   -0.698131701   24.221913589   11.506569430  -22.624981148
   -0.785398163   -0.698131701   27.421135702   20.472629090  -19.714769576
   -0.589048623   -0.698131701   31.931836731   24.263730869  -15.963934277
   -0.392699082   -0.698131701   36.456310505   20.358725427  -12.129312667
   -0.196349541   -0.698131701   39.393345633    8.208446167   -8.779174804
    0.000000000   -0.698131701   39.274939984  -10.188146852   -6.140975662
    0.196349541   -0.698131701   35.298170661  -30.060287461   -4.074393459
    0.392699082   -0.698131701   27.836471606  -44.429284688   -2.204425579
    0.589048623   -0.698131701   18.688559185  -46.215483800   -0.171416868
    0.785398163   -0.698131701   10.778345093  -31.675203492    2.119839955
    0.981747704   -0.698131701    7.182752109   -3.255764389    4.409033844
    1.178097245   -0.698131701    9.861230353   30.448779080    6.222163748
    1.374446786   -0.698131701   18.756501386   58.268101099    7.167875003
    1.570796327   -0.698131701   31.788935656   71.588010594    7.170543157
    1.767145868   -0.698131701   45.739126381   67.736006167    6.507150008
    1.963495408   -0.698131701   57.470102191   49.873045845    5.642690636
    2.159844949   -0.698131701   64.827547548   24.360043094    4.991427276
    2.356194490   -0.698131701   66.967986881   -2.295047527    4.738962564
    2.552544031   -0.698131701   64.193118825  -24.985231790    4.782959284
    2.748893572   -0.698131701   57.640007692  -40.344075876    4.802026175
    2.945243113   -0.698131701   48.963232855  -46.461864334    4.408918032

   -3.141592654   -0.349065850   40.903865028  -46.629957714    1.922649325
   -2.945243113   -0.349065850   32.614149154  -36.880640265   -0.606431660
   -2.748893572   -0.349065850   26.722817269  -22.905798049   -3.679093665
   -2.552544031   -0.349065850   23.569240662   -9.825949075   -6.995223372
   -2.356194490   -0.349065850   22.516515226   -2.042325931  -10.342478067
   -2.159844949   -0.349065850   22.301678159   -1.264376352  -13.653060690
   -1.963495408   -0.349065850   21.676958206   -5.637156549  -16.879994059
   -1.767145868   -0.349065850   20.037935069  -10.753160897  -19.783818367
   -1.570796327   -0.349065850   17.714170420  -11.946308861  -21.843631362
   -1.374446786   -0.349065850   15.775950414   -6.655927913  -22.420892673
   -1.178097245   -0.349065850   15.477509175    4.338137362  -21.108649951
   -0.981747704   -0.349065850   17.620486919   17.440477080  -18.019034582
   -0.785398163   -0.349065850   22.152510852   27.850921091  -13.801278196
   -0.589048623   -0.349065850   28.120079328   31.469260377   -9.366149391
   -0.392699082   -0.349065850   33.935302291   26.148377904   -5.506294736
   -0.196349541   -0.349065850   37.824523961   12.106539314   -2.592893787
    0.000000000   -0.349065850   38.310513719   -7.810770897   -0.479195893
    0.196349541   -0.349065850   34.728192743  -28.233775673    1.377936519
    0.392699082   -0.349065850   27.660750208  -42.089025121    3.610420790
    0.589048623   -0.349065850   19.077163085  -42.782100163    6.550514699
    0.785398163   -0.349065850   11.934566319  -27.416080591    9.964283275
    0.981747704   -0.349065850    9.180416828    0.842795330   13.098247764
    1.178097245   -0.349065850   12.553309397   33.249587985   15.062178549
    1.374446786   -0.349065850   21.812318463   59.126975120   15.323899446
    1.570796327   -0.349065850   34.829856545   70.671432830   13.984018745
    1.767145868   -0.349065850   48.488587479   65.848442185   11.685501068
    1.963495408   -0.349065850   59.833994112   47.978396035    9.251163872
    2.159844949   -0.349065850   66.875755580   23.103260491    7.308434533
    2.356194490   -0.349065850   68.842339238   -2.845142452    6.077271794
    2.552544031   -0.349065850   65.992919000  -25.307283044    5.368901929
    2.748893572   -0.349065850   59.337362327  -41.197216530    4.735032380
    2.945243113   -0.349065850   50.383321707  -48.522359129    3.692067424

   -3.141592654    0.000000000   41.248628978  -50.814353960    0.069216207
   -2.945243113    0.000000000   32.026873006  -42.090498073   -2.471592820
   -2.748893572    0.000000000   25.057080588  -28.568387795   -5.294783505
   -2.552544031    0.000000000   20.792285882  -15.410239928   -8.128670289
   -2.356194490    0.000000000   18.673218826   -7.300181777  -10.815688891
   -2.159844949    0.000000000   17.462521535   -6.139752722  -13.333411331
   -1.963495408    0.000000000   15.932365411   -9.914993293  -15.646792332
   -1.767145868    0.000000000   13.562125005  -13.773778012  -17.509375497
   -1.570796327    0.000000000   10.849311140  -12.716603340  -18.422547560
   -1.374446786    0.000000000    9.050910414   -4.379813895  -17.845492094
   -1.178097245    0.000000000    9.507737000    9.670558862  -15.546987233
   -0.981747704    0.000000000   12.924047721   24.842528718  -11.834423315
   -0.785398163    0.000000000   18.981520839   35.701709323   -7.482248310
   -0.589048623    0.000000000   26.402602400   38.206210601   -3.385553386
   -0.392699082    0.000000000   33.352761686   30.903020810   -0.158660777
   -0.196349541    0.000000000   37.983772349   15.007052146    2.112097031
    0.000000000    0.000000000   38.934955189   -5.755971205    3.871221586
    0.196349541    0.000000000   35.788334648  -25.623406286    5.849485093
    0.392699082    0.000000000   29.381789983  -37.862799999    8.668435498
    0.589048623    0.000000000   21.801215091  -36.896081777   12.436301375
    0.785398163    0.000000000   15.890207604  -21.048533618   16.566277751
    0.981747704    0.000000000   14.282222570    5.816746986   19.971961157
    1.178097245    0.000000000   18.358953145   35.250904121   21.597859163
    1.374446786    0.000000000   27.671126176   57.706535230   20.966798939
    1.570796327    0.000000000   40.133282412   66.665002169   18.400022625
    1.767145868    0.000000000   52.877633374   60.821328120   14.801866524
    1.963495408    0.000000000   63.261642212   43.417296485   11.183435807
    2.159844949    0.000000000   69.526525762   19.815643002    8.246914604
    2.356194490    0.000000000   70.975799681   -4.891913870    6.196026531
    2.552544031    0.000000000   67.794352931  -26.786966735    4.797935889
    2.748893572    0.000000000   60.829612414  -43.015800510    3.583866459
    2.945243113    0.000000000   51.423066365  -51.403267881    2.094519377

   -3.141592654    0.349065850   42.327989406  -53.508553680   -0.292173004
   -2.945243113    0.349065850   32.487906705  -45.635255866   -1.910856386
   -2.748893572    0.349065850   24.763680959  -32.629990556   -3.604800873
   -2.552544031    0.349065850   19.681865345  -19.610948515   -5.262396109
   -2.356194490    0.349065850   16.745645436  -11.387154161   -6.845969238
   -2.159844949    0.349065850   14.759253567   -9.912965891   -8.368434944
   -1.963495408    0.349065850   12.546986097  -13.001736791   -9.769032503
   -1.767145868    0.349065850    9.690779260  -15.504793069  -10.796415572
   -1.570796327    0.349065850    6.835400751  -12.322747873  -11.039340212
   -1.374446786    0.349065850    5.361527091   -1.458888222  -10.132346558
   -1.178097245    0.349065850    6.617402527   14.755409648   -8.016758199
   -0.981747704    0.349065850   11.156582172   30.962808237   -5.050698864
   -0.785398163    0.349065850   18.400164696   41.439011417   -1.872837890
   -0.589048623    0.349065850   26.818254209   42.512740060    0.912734658
   -0.392699082    0.349065850   34.448988462   33.571769232    3.039667602
   -0.196349541    0.349065850   39.496163432   16.760795374    4.699402973
    0.000000000    0.349065850   40.807878552   -3.598361376    6.452895850
    0.196349541    0.349065850   38.234943844  -21.761452988    8.941498649
    0.392699082    0.349065850   32.809221482  -31.739795586   12.518619831
    0.589048623    0.349065850   26.608245440  -29.195448686   16.941432766
    0.785398163    0.349065850   22.219624511  -13.623375701   21.324208408
    0.981747704    0.349065850   21.857209615   10.721297693   24.448565344
    1.178097245    0.349065850   26.512810288   36.085956441   25.328776039
    1.374446786    0.349065850   35.567521097   54.364890924   23.695665771
    1.570796327    0.349065850   47.060277325   60.440377223   20.104975029
    1.767145868    0.349065850   58.459641603   53.683155126   15.619997749
    1.963495408    0.349065850   67.501441237   37.121723317   11.301109930
    2.159844949    0.349065850   72.697942075   15.306934237    7.825097668
    2.356194490    0.349065850   73.445859919   -7.586642390    5.359504592
    2.552544031    0.349065850   69.863652602  -28.317168552    3.683100868
    2.748893572    0.349065850   62.638799117  -44.288419406    2.398070085
    2.945243113    0.349065850   52.941444753  -53.194900403    1.140520467

   -3.141592654    0.698131701   43.665151784  -54.149715421   -0.574523319
   -2.945243113    0.698131701   33.650472250  -46.773017257   -0.850705584
   -2.748893572    0.698131701   25.648383387  -34.308741526   -1.061716772
   -2.552544031    0.698131701   20.188775885  -21.756616058   -1.331487279
   -2.356194490    0.698131701   16.796295280  -13.854236894   -1.769876544
   -2.159844949    0.698131701   14.313829456  -12.442245539   -2.411418334
   -1.963495408    0.698131701   11.632027709  -15.169570207   -3.154237447
   -1.767145868    0.698131701    8.430498153  -16.759983742   -3.757631514
   -1.570796327    0.698131701    5.459423923  -12.187278343   -3.931303669
   -1.374446786    0.698131701    4.163210469    0.192276736   -3.480884006
   -1.178097245    0.698131701    5.865230689   17.543600717   -2.421410079
   -0.981747704    0.698131701   11.003026022   34.131395902   -0.967175722
   -0.785398163    0.698131701   18.842097386   44.233596904    0.600267259
   -0.589048623    0.698131701   27.739041123   44.592125573    2.111175321
   -0.392699082    0.698131701   35.725536333   35.213164760    3.633680701
   -0.196349541    0.698131701   41.116366759   18.787622907    5.461542807
    0.000000000    0.698131701   42.946994562   -0.182200431    7.996131795
    0.196349541    0.698131701   41.241437357  -16.286996355   11.515517725
    0.392699082    0.698131701   37.087080391  -24.384684218   15.932522008
    0.589048623    0.698131701   32.421684936  -21.200137086   20.645456309
    0.785398163    0.698131701   29.504691120   -6.992277246   24.627276695
    0.981747704    0.698131701   30.145525994   14.035104689   26.783532696
    1.178097245    0.698131701   35.033885845   35.087364226   26.440487021
    1.374446786    0.698131701   43.491931843   49.471310009   23.669556888
    1.570796327    0.698131701   53.763106450   53.216116536   19.244698227
    1.767145868    0.698131701   63.675186013   46.068394113   14.264552754
    1.963495408    0.698131701   71.316437281   30.669780364    9.684652249
    2.159844949    0.698131701   75.428748091   10.769928885    6.043905362
    2.356194490    0.698131701   75.477853632  -10.217917934    3.440445798
    2.552544031    0.698131701   71.527309268  -29.544323060    1.704028244
    2.748893572    0.698131701   64.144878642  -44.778303581    0.583182329
    2.945243113    0.698131701   54.372688452  -53.551503822   -0.130042788

   -3.141592654    1.047197551   42.334328390  -54.691668040   -4.977307179
   -2.945243113    1.047197551   32.286477004  -46.580112563   -4.478562607
   -2.748893572    1.047197551   24.373780506  -33.640528695   -3.560631015
   -2.552544031    1.047197551   19.061261158  -20.990028036   -2.538912410
   -2.356194490    1.047197551   15.799022418  -13.338852711   -1.689703308
   -2.159844949    1.047197551   13.378708548  -12.326312646   -1.152348352
   -1.963495408    1.047197551   10.688429007  -15.330738037   -0.902253349
   -1.767145868    1.047197551    7.453101849  -16.885229625   -0.808605002
   -1.570796327    1.047197551    4.487337708  -11.969024893   -0.730226619
   -1.374446786    1.047197551    3.280042443    0.875544463   -0.581656429
   -1.178097245    1.047197551    5.155692830   18.594545861   -0.331438349
   -0.981747704    1.047197551   10.520903804   35.367136003    0.058998586
   -0.785398163    1.047197551   18.614632377   45.599479863    0.695190910
   -0.589048623    1.047197551   27.809150918   46.322442831    1.759512472
   -0.392699082    1.047197551   36.211555624   37.816366027    3.480608787
   -0.196349541    1.047197551   42.250053263   22.878263676    6.050258903
    0.000000000    1.047197551   45.065310771    5.786463580    9.547348233
    0.196349541    1.047197551   44.707368735   -8.622039467   13.825532768
    0.392699082    1.047197551   42.150866282  -16.008188324   18.424999081
    0.589048623    1.047197551   39.065907675  -13.797545660   22.568611151
    0.785398163    1.047197551   37.351313104   -2.435091903   25.331630715
    0.981747704    1.047197551   38.493936856   14.459951635   25.966412056
    1.178097245    1.047197551   43.040888890   31.276343553   24.236881706
    1.374446786    1.047197551   50.418387190   42.540729339   20.546077027
    1.570796327    1.047197551   59.167128315   44.952985091   15.756512454
    1.767145868    1.047197551   67.466474132   38.132941048   10.811134443
    1.963495408    1.047197551   73.669199308   24.049475017    6.376054406
    2.159844949    1.047197551   76.633633765    5.681404542    2.725469535
    2.356194490    1.047197551   75.814880853  -14.027444645   -0.159690779
    2.552544031    1.047197551   71.213082878  -32.415455300   -2.373992276
    2.748893572    1.047197551   63.342530158  -46.889329335   -3.947067959
    2.945243113    1.047197551   53.229033646  -54.900690818   -4.827294511

   -3.141592654    1.396263402   37.989369178  -54.723489040  -10.349958262
   -2.945243113    1.396263402   28.130975380  -44.675568673   -9.924681199
   -2.748893572    1.396263402   20.732749507  -30.437473521   -8.689922111
   -2.552544031    1.396263402   16.106214891  -17.349975944   -6.974092116
   -2.356194490    1.396263402   13.537582060  -10.017138830   -5.120948410
   -2.159844949    1.396263402   11.700159123   -9.753395757   -3.374778475
   -1.963495408    1.396263402    9.430037768  -13.624561523   -1.850688678
   -1.767145868    1.396263402    6.448211474  -15.996519441   -0.587190876
   -1.570796327    1.396263402    3.584464626  -11.802636231    0.389591160
   -1.374446786    1.396263402    2.351385258    0.478415252    1.060616370
   -1.178097245    1.396263402    4.120127744   17.971092906    1.469961958
   -0.981747704    1.396263402    9.386721569   35.092242420    1.785827859
   -0.785398163    1.396263402   17.519096850   46.376884718    2.296627614
   -0.589048623    1.396263402   27.022478875   48.773181891    3.324393653
   -0.392699082    1.396263402   36.099613461   42.253526462    5.125397930
   -0.196349541    1.396263402   43.200140103   29.206442015    7.790984697
    0.000000000    1.396263402   47.401624607   13.449111948   11.206955106
    0.196349541    1.396263402   48.600103049   -0.634612842   15.012673814
    0.392699082    1.396263402   47.533518194   -9.069600354   18.612184600
    0.589048623    1.396263402   45.587389739   -9.362185282   21.265146718
    0.785398163    1.396263402   44.404575841   -1.568832208   22.293150302
    0.981747704    1.396263402   45.340691163   11.542523976   21.341611712
    1.178097245    1.396263402   49.000371035   25.357923389   18.556169665
    1.374446786    1.396263402   55.036990734   35.058010338   14.543119197
    1.570796327    1.396263402   62.284514311   37.348816875   10.103962613
    1.767145868    1.396263402   69.156001126   31.268607397    5.903577644
    1.963495408    1.396263402   74.099417975   18.058209359    2.246211270
    2.159844949    1.396263402   75.948126629    0.243661875   -0.895829638
    2.356194490    1.396263402   74.091100707  -19.180021490   -3.691296804
    2.552544031    1.396263402   68.512401849  -37.149032341   -6.213325583
    2.748893572    1.396263402   59.796383877  -50.647055305   -8.338714036
    2.945243113    1.396263402   49.097058086  -56.998502607   -9.799408200

   -3.141592654    1.745329252   32.305740172  -55.730307484  -15.356811349
   -2.945243113    1.745329252   22.475727527  -43.400769541  -15.188608948
   -2.748893572    1.745329252   15.521464646  -27.299982772  -13.838505450
   -2.552544031    1.745329252   11.631732494  -13.128907119  -11.581206943
   -2.356194490    1.745329252    9.929032893   -5.548683867   -8.768905467
   -2.159844949    1.745329252    8.937364084   -5.697446679   -5.711578152
   -1.963495408    1.745329252    7.386966965  -10.401654916   -2.643591690
   -1.767145868    1.745329252    4.936854175  -13.827135654    0.231381561
   -1.570796327    1.745329252    2.391307240  -10.720972888    2.700760863
   -1.374446786    1.745329252    1.279847081    0.693976524    4.579542523
   -1.178097245    1.745329252    3.048359143   17.862555121    5.808805341
   -0.981747704    1.745329252    8.326068115   35.449447628    6.530761264
   -0.785398163    1.745329252   16.640638507   47.979769302    7.062655575
   -0.589048623    1.745329252   26.625496039   52.113620990    7.764470430
   -0.392699082    1.745329252   36.534491098   47.336305664    8.903172864
   -0.196349541    1.745329252   44.767091597   35.533731791   10.540487148
    0.000000000    1.745329252   50.259687848   20.090148230   12.511974846
    0.196349541    1.745329252   52.696155255    5.122293844   14.431399998
    0.392699082    1.745329252   52.572056881   -5.415103055   15.771102648
    0.589048623    1.745329252   51.059932438   -8.693444400   16.014608285
    0.785398163    1.745329252   49.692287558   -4.078363224   14.862925217
    0.981747704    1.745329252   49.869351576    6.493445002   12.395363312
    1.178097245    1.745329252   52.387932924   19.016797097    9.071509663
    1.374446786    1.745329252   57.163451243   28.741345337    5.541837054
    1.570796327    1.745329252   63.247862594   31.895639270    2.352282279
    1.767145868    1.745329252   69.146077849   26.759610818   -0.275912646
    1.963495408    1.745329252   73.257971974   13.986227606   -2.492517799
    2.159844949    1.745329252   74.294942302   -4.044995625   -4.644702536
    2.356194490    1.745329252   71.543729932  -24.001669241   -7.024812985
    2.552544031    1.745329252   64.982648389  -42.237067934   -9.653594107
    2.748893572    1.745329252   55.301323278  -55.229450074  -12.238577191
    2.945243113    1.745329252   43.828621373  -60.136225379  -14.293198455

   -3.141592654    2.094395102   26.201419060  -57.313320931  -17.353565708
   -2.945243113    2.094395102   16.284513316  -42.693091787  -17.460126816
   -2.748893572    2.094395102    9.683665947  -24.478995643  -16.172470675
   -2.552544031    2.094395102    6.514139466   -8.722193440  -13.643317409
   -2.356194490    2.094395102    5.780442131   -0.191900866  -10.176939726
   -2.159844949    2.094395102    5.886132985    0.033677091   -6.119782163
   -1.963495408    2.094395102    5.456747982   -4.793869079   -1.810646372
   -1.767145868    2.094395102    4.057775335   -8.803821661    2.403370932
   -1.570796327    2.094395102    2.407894106   -6.676903111    6.156106142
   -1.374446786    2.094395102    1.976836032    3.572727369    9.118195957
   -1.178097245    2.094395102    4.207083857   19.739903187   11.106382943
   -0.981747704    2.094395102    9.794261688   36.819487183   12.162351236
   -0.785398163    2.094395102   18.378398616   49.438094564   12.529937786
   -0.589048623    2.094395102   28.695909687   54.080687950   12.526423072
   -0.392699082    2.094395102   39.048485288   49.849483488   12.407887551
   -0.196349541    2.094395102   47.801442467   38.228020225   12.257219489
    0.000000000    2.094395102   53.786126638   22.275207860   11.963609214
    0.196349541    2.094395102   56.534705867    5.980626556   11.249095750
    0.392699082    2.094395102   56.391514265   -6.551200124    9.792338556
    0.589048623    2.094395102   54.438399647  -12.029808924    7.413698668
    0.785398163    2.094395102   52.230700207   -9.163160781    4.245484283
    0.981747704    2.094395102   51.317491982    0.678021302    0.765270026
    1.178097245    2.094395102   52.721112571   13.664303909   -2.372057570
    1.374446786    2.094395102   56.565722201   24.698186421   -4.632519617
    1.570796327    2.094395102   62.003777638   29.317428170   -5.861263283
    1.767145868    2.094395102   67.497956597   25.084060597   -6.342655656
    1.963495408    2.094395102   71.292863341   12.273903353   -6.654372930
    2.159844949    2.094395102   71.917512027   -6.637372298   -7.387703142
    2.356194490    2.094395102   68.538309799  -27.800213473   -8.891026883
    2.552544031    2.094395102   61.136071883  -46.891604819  -11.124198484
    2.748893572    2.094395102   50.526030985  -59.852343043  -13.684864248
    2.945243113    2.094395102   38.236129022  -63.659796859  -15.961655611

   -3.141592654    2.443460953   20.461071581  -59.123763171  -11.582451962
   -2.945243113    2.443460953   10.392579892  -42.388502743  -11.128196812
   -2.748893572    2.443460953    4.069901309  -21.978879062   -9.596632661
   -2.552544031    2.443460953    1.588686271   -4.276472294   -7.062177319
   -2.356194490    2.443460953    1.885932605    5.784795848   -3.693462891
   -2.159844949    2.443460953    3.277418110    7.071016740    0.310062932
   -1.963495408    2.443460953    4.291451349    2.775012754    4.712743416
   -1.767145868    2.443460953    4.380418382   -1.330703267    9.180003842
   -1.570796327    2.443460953    4.132000577    0.010300809   13.252831651
   -1.374446786    2.443460953    4.886340480    8.877417234   16.432016934
   -1.178097245    2.443460953    7.993856569   23.344942519   18.349786908
   -0.981747704    2.443460953   14.123234337   38.767696484   18.911615768
   -0.785398163    2.443460953   22.951399140   50.028228801   18.307728927
   -0.589048623    2.443460953   33.282075946   53.670994363   16.879390516
   -0.392699082    2.443460953   43.475854974   48.647866033   14.953558042
   -0.196349541    2.443460953   51.913909955   36.190520212   12.703620700
    0.000000000    2.443460953   57.394286312   19.112957378   10.122928112
    0.196349541    2.443460953   59.382850882    1.353350260    7.078442242
    0.392699082    2.443460953   58.176901151  -12.722418068    3.460393489
    0.589048623    2.443460953   54.894298848  -19.263579950   -0.630581297
    0.785398163    2.443460953   51.246963906  -16.368112814   -4.775312733
    0.981747704    2.443460953   49.033224606   -5.137300197   -8.313699419
    1.178097245    2.443460953   49.521709425   10.281285036  -10.609575692
    1.374446786    2.443460953   52.966737301   23.969984927  -11.364250361
    1.570796327    2.443460953   58.471484125   30.546718087  -10.775426518
    1.767145868    2.443460953   64.294098898   26.965421263   -9.448786553
    1.963495408    2.443460953   68.408263099   13.447154309   -8.134007428
    2.159844949    2.443460953   69.112459168   -7.096507966   -7.433221400
    2.356194490    2.443460953   65.458564418  -30.110056822   -7.614196305
    2.552544031    2.443460953   57.455363139  -50.571521366   -8.567731361
    2.748893572    2.443460953   46.063852089  -63.945960692   -9.894683043
    2.945243113    2.443460953   33.019920870  -67.068812752  -11.063654144

   -3.141592654    2.792526803   17.747798942  -59.282366740    0.594315616
   -2.945243113    2.792526803    7.773183914  -41.241383548    2.209861197
   -2.748893572    2.792526803    1.820392368  -19.356483337    4.061983276
   -2.552544031    2.792526803    0.000000000   -0.183816615    6.121731608
   -2.356194490    2.792526803    1.236075914   11.222697703    8.471958943
   -2.159844949    2.792526803    3.808939941   13.612812201   11.269828147
   -1.963495408    2.792526803    6.182908615    9.994028652   14.596671171
   -1.767145868    2.792526803    7.702743134    5.892316729   18.273999357
   -1.570796327    2.792526803    8.803171918    6.377500050   21.797974134
   -1.374446786    2.792526803   10.654485525   13.565009855   24.475253134
   -1.178097245    2.792526803   14.471256643   25.830072157   25.703655315
   -0.981747704    2.792526803   20.862278608   38.969125391   25.221377256
   -0.785398163    2.792526803   29.526470477   48.215371912   23.176428355
   -0.589048623    2.792526803   39.336457678   50.242368129   19.989633225
   -0.392699082    2.792526803   48.724883505   43.902835595   16.132909577
   -0.196349541    2.792526803   56.113349575   30.248767188   11.936162608
    0.000000000    2.792526803   60.309798058   11.978880942    7.524992340
    0.196349541    2.792526803   60.786876724   -6.868397658    2.889847086
    0.392699082    2.792526803   57.894067013  -21.562409348   -1.939214556
    0.589048623    2.792526803   52.890182850  -27.751964822   -6.703877410
    0.785398163    2.792526803   47.716798372  -23.192095822  -10.859349366
    0.981747704    2.792526803   44.426822300   -9.109042999  -13.728155786
    1.178097245    2.792526803   44.464397656    9.677221189  -14.814579795
    1.374446786    2.792526803   48.092605038   26.296179015  -14.086361322
    1.570796327    2.792526803   54.245932416   34.587491200  -12.013951214
    1.767145868    2.792526803   60.907217230   31.232977587   -9.355912980
    1.963495408    2.792526803   65.777217719   16.725409975   -6.825501963
    2.159844949    2.792526803   66.971685033   -5.425204984   -4.847693717
    2.356194490    2.792526803   63.484975948  -30.028291494   -3.489631310
    2.552544031    2.792526803   55.378771658  -51.593762115   -2.549783320
    2.748893572    2.792526803   43.735590598  -65.360562490   -1.715234866
    2.945243113    2.792526803   30.435751658  -68.150919320   -0.714094700
