#! FIELDS phi psi file.free der_phi der_psi
#! SET min_phi -pi
#! SET max_phi pi
#! SET nbins_phi  32
#! SET periodic_phi true
#! SET min_psi -pi
#! SET max_psi pi
#! SET nbins_psi  18
#! SET periodic_psi true
   -3.141592654   -3.141592654   18.595207372  -54.315917876   17.129455078
   -2.945243113   -3.141592654    9.689741296  -35.616625299   19.623925874
   -2.748893572   -3.141592654    4.779565023  -14.630090960   21.162453474
   -2.552544031   -3.141592654    3.715985773    2.711409787   21.932696030
   -2.356194490   -3.141592654    5.354164976   12.541587226   22.441314273
   -2.159844949   -3.141592654    8.129632994   14.592368140   23.330870290
   -1.963495408   -3.141592654   10.783077753   12.045519796   25.079916701
   -1.767145868   -3.141592654   12.882267884    9.772516482   27.720019923
   -1.570796327   -3.141592654   14.910332682   11.801927563   30.746848694
   -1.374446786   -3.141592654   17.895534347   19.467360179   33.296224104
   -1.178097245   -3.141592654   22.814687329   30.942586731   34.494559110
   -0.981747704   -3.141592654   30.054554940   42.370511711   33.782966008
   -0.785398163   -3.141592654   39.180400152   49.454402153   31.051569699
   -0.589048623   -3.141592654   49.004412846   49.096829846   26.568967283
   -0.392699082   -3.141592654   57.908762985   40.031860615   20.804231964
   -0.196349541   -3.141592654   64.224791371   23.083789422   14.267700154
    0.000000000   -3.141592654   66.649156892    1.036408599    7.428599311
    0.196349541   -3.141592654   64.615156869  -21.402340677    0.721190833
    0.392699082   -3.141592654   58.618868341  -38.320065913   -5.406721890
    0.589048623   -3.141592654   50.307669098  -44.194729024  -10.453842170
    0.785398163   -3.141592654   42.190300261  -36.247469522  -13.922500448
    0.981747704   -3.141592654   36.886704101  -16.252196099  -15.473148122
    1.178097245   -3.141592654   36.198606499    9.422753863  -15.102487999
    1.374446786   -3.141592654   40.391791328   31.992007324  -13.196851458
    1.570796327   -3.141592654   48.055684783   43.776261157  -10.372338866
    1.767145868   -3.141592654   56.618529087   40.919175635   -7.205489097
    1.963495408   -3.141592654   63.228528586   24.433576781   -4.005944072
    2.159844949   -3.141592654   65.634786759   -0.858858172   -0.790980975
    2.356194490   -3.141592654   62.755529123  -28.234604792    2.582421228
    2.552544031   -3.141592654   54.851152257  -51.023728916    6.220717716
    2.748893572   -3.141592654   43.357783794  -64.134648421   10.056678525
    2.945243113   -3.141592654   30.475179563  -65.037464040   13.822522187

   -3.141592654   -2.792526803   26.416830496  -49.356747942   25.045614539
   -2.945243113   -2.792526803   18.275013187  -32.844853327   27.466072202
   -2.748893572   -2.792526803   13.698880732  -13.927277658   28.573555506
   -2.552544031   -2.792526803   12.628999162    2.126067944   28.675838662
   -2.356194490   -2.792526803   14.126829719   11.925007868   28.408407163
   -2.159844949   -2.792526803   16.885377714   15.219531956   28.496940723
   -1.963495408   -2.792526803   19.849592233   14.629182540   29.428670721
   -1.767145868   -2.792526803   22.635170866   14.048131072   31.180743277
   -1.570796327   -2.792526803   25.572566782   16.518461881   33.168949944
   -1.374446786   -2.792526803   29.380787674   22.828172140   34.467043892
   -1.178097245   -2.792526803   34.684488329   31.271289006   34.186294685
   -0.981747704   -2.792526803   41.601657553   38.670223842   31.817722190
   -0.785398163   -2.792526803   49.591287114   41.652663859   27.372805427
   -0.589048623   -2.792526803   57.535579734   37.940895807   21.310008403
   -0.392699082   -2.792526803   64.021834847   26.809193854   14.322296397
   -0.196349541   -2.792526803   67.660351990    9.290751980    7.130317358
    0.000000000   -2.792526803   67.438944081  -11.893251271    0.336706645
    0.196349541   -2.792526803   63.050225632  -32.284371724   -5.603593916
    0.392699082   -2.792526803   55.190908036  -46.296952168  -10.349247194
    0.589048623   -2.792526803   45.642112240  -48.770764125  -13.619542147
    0.785398163   -2.792526803   36.970289378  -37.335668790  -15.210055727
    0.981747704   -2.792526803   31.766063647  -14.246287902  -15.074783120
    1.178097245   -2.792526803   31.707919292   13.675273520  -13.421457954
    1.374446786   -2.792526803   36.869058807   37.437865113  -10.698885632
    1.570796327   -2.792526803   45.643794596   49.540120105   -7.425416764
    1.767145868   -2.792526803   55.333875384   46.630012349   -3.972033046
    1.963495408   -2.792526803   63.068086788   30.232994491   -0.422696147
    2.159844949   -2.792526803   66.653539524    5.417575333    3.360172655
    2.356194490   -2.792526803   65.076973496  -21.234758499    7.550046106
    2.552544031   -2.792526803   58.609902570  -43.453995522   12.155301197
    2.748893572   -2.792526803   48.614014427  -56.586668758   16.926672347
    2.945243113   -2.792526803   37.142589896  -58.370342191   21.399970720

   -3.141592654   -2.443460953   34.587002146  -44.620328783   22.031717174
   -2.945243113   -2.443460953   27.180021767  -30.115828839   23.968171833
   -2.748893572   -2.443460953   22.957045711  -12.976529524   24.837091604
   -2.552544031   -2.443460953   21.956842298    2.045787401   24.895815328
   -2.356194490   -2.443460953   23.420960032   11.833906565   24.605080476
   -2.159844949   -2.443460953   26.234245774   15.970865283   24.450954496
   -1.963495408   -2.443460953   29.453814974   16.447647096   24.716040401
   -1.767145868   -2.443460953   32.656374161   16.305404219   25.305607835
   -1.570796327   -2.443460953   35.975876066   17.904752597   25.739052244
   -1.374446786   -2.443460953   39.847823275   21.869064911   25.334280990
   -1.178097245   -2.443460953   44.641095576   26.929216681   23.497431609
   -0.981747704   -2.443460953   50.348357090   30.738865136   19.974927644
   -0.785398163   -2.443460953   56.476847819   30.811719719   14.944686809
   -0.589048623   -2.443460953   62.109005522   25.484924533    8.940768348
   -0.392699082   -2.443460953   66.114285580   14.255186113    2.655520192
   -0.196349541   -2.443460953   67.390105315   -2.022959043   -3.251130476
    0.000000000   -2.443460953   65.148088164  -21.045416731   -8.305328233
    0.196349541   -2.443460953   59.213628277  -38.836637108  -12.250663389
    0.392699082   -2.443460953   50.330686222  -50.172841640  -15.002412614
    0.589048623   -2.443460953   40.274964416  -50.080646043  -16.548887862
    0.785398163   -2.443460953   31.581680761  -36.277921122  -16.890650335
    0.981747704   -2.443460953   26.790810361  -11.153546152  -16.048154753
    1.178097245   -2.443460953   27.496616170   18.267614677  -14.136289266
    1.374446786   -2.443460953   33.652037561   42.873239842  -11.402751679
    1.570796327   -2.443460953   43.528598097   55.258546037   -8.163587820
    1.767145868   -2.443460953   54.348299840   52.417999227   -4.679704984
    1.963495408   -2.443460953   63.235805454   36.237249237   -1.048527988
    2.159844949   -2.443460953   68.047222441   11.943209244    2.766960899
    2.356194490   -2.443460953   67.818031077  -14.047810159    6.825786775
    2.552544031   -2.443460953   62.811856533  -35.842017842   11.069036230
    2.748893572   -2.443460953   54.304892849  -49.166028099   15.264410848
    2.945243113   -2.443460953   44.206861956  -51.944113131   19.045500789

   -3.141592654   -2.094395102   40.685126109  -40.653491348   12.875369805
   -2.945243113   -2.094395102   33.919811346  -27.569919061   14.012167232
   -2.748893572   -2.094395102   30.060169122  -11.786456218   14.637351534
   -2.552544031   -2.094395102   29.187076880    2.229122085   14.883804736
   -2.356194490   -2.094395102   30.629854095   11.517693857   14.901443008
   -2.159844949   -2.094395102   33.366995161   15.552303495   14.787252115
   -1.963495408   -2.094395102   36.498440548   15.925783133   14.512474165
   -1.767145868   -2.094395102   39.549097560   15.154584835   13.893877555
   -1.570796327   -2.094395102   42.509845308   15.247237651   12.645213458
   -1.374446786   -2.094395102   45.642931103   16.902356019   10.501736196
   -1.178097245   -2.094395102   49.205619252   19.385525012    7.356280817
   -0.981747704   -2.094395102   53.212725193   21.117672219    3.340335505
   -0.785398163   -2.094395102   57.338657177   20.272044393   -1.194371425
   -0.589048623   -2.094395102   60.926746768   15.440439652   -5.765393729
   -0.392699082   -2.094395102   63.110787269    5.925198546   -9.896211998
   -0.196349541   -2.094395102   62.979343556   -7.963803158  -13.223248804
    0.000000000   -2.094395102   59.814465659  -24.539018418  -15.593196642
    0.196349541   -2.094395102   53.402225853  -40.300595594  -17.062768835
    0.392699082   -2.094395102   44.382580156  -50.189956875  -17.828872612
    0.589048623   -2.094395102   34.426662778  -49.094910099  -18.083295635
    0.785398163   -2.094395102   26.009975727  -34.443597721  -17.887439133
    0.981747704   -2.094395102   21.665267920   -8.422475148  -17.142660498
    1.178097245   -2.094395102   22.998992501   21.931881573  -15.695402850
    1.374446786   -2.094395102   29.956987440   47.352605812  -13.482808083
    1.570796327   -2.094395102   40.773131351   60.299482013  -10.607837636
    1.767145868   -2.094395102   52.619261041   57.800491953   -7.301931714
    1.963495408   -2.094395102   62.589337052   41.872125685   -3.809634993
    2.159844949   -2.094395102   68.533969418   17.850914453   -0.323964776
    2.356194490   -2.094395102   69.491795703   -7.887379401    3.028150221
    2.552544031   -2.094395102   65.707605791  -29.609193265    6.137028634
    2.748893572   -2.094395102   58.402889271  -43.232894175    8.887684928
    2.945243113   -2.094395102   49.402353635  -46.782675128   11.161688049

   -3.141592654   -1.745329252   43.254753249  -38.289606279    4.669751530
   -2.945243113   -1.745329252   36.899687480  -25.787846417    5.152896746
   -2.748893572   -1.745329252   33.320950103  -10.732769982    5.484037953
   -2.552544031   -1.745329252   32.573429570    2.439302117    5.616623707
   -2.356194490   -1.745329252   33.969991851   10.828155891    5.411326768
   -2.159844949   -1.745329252   36.478714643   13.899311499    4.680509668
   -1.963495408   -1.745329252   39.180087073   13.167322311    3.245930167
   -1.767145868   -1.745329252   41.562916398   11.074975064    1.004886095
   -1.570796327   -1.745329252   43.578787384    9.692262887   -2.012473479
   -1.374446786   -1.745329252   45.481275779    9.969795145   -5.613390133
   -1.178097245   -1.745329252   47.583114544   11.554655264   -9.460170435
   -0.981747704   -1.745329252   50.029789480   13.216034349  -13.135385364
   -0.785398163   -1.745329252   52.678215717   13.293384843  -16.234800618
   -0.589048623   -1.745329252   55.060850630   10.263548950  -18.449549848
   -0.392699082   -1.745329252   56.451607352    3.078235782  -19.633779510
   -0.196349541   -1.745329252   55.993968964   -8.483937372  -19.825572749
    0.000000000   -1.745329252   52.916019576  -23.259167415  -19.267539427
    0.196349541   -1.745329252   46.860387723  -38.108410813  -18.346644407
    0.392699082   -1.745329252   38.284273252  -47.991531740  -17.478356401
    0.589048623   -1.745329252   28.712031892  -47.427108801  -16.929028869
    0.785398163   -1.745329252   20.570766704  -33.244433065  -16.677070895
    0.981747704   -1.745329252   16.458266002   -7.141304473  -16.407374825
    1.178097245   -1.745329252   18.107330461   23.959171897  -15.680898527
    1.374446786   -1.745329252   25.571779806   50.506627789  -14.174714450
    1.570796327   -1.745329252   37.115537289   64.497964178  -11.847604034
    1.767145868   -1.745329252   49.856287337   62.622934543   -8.940668052
    1.963495408   -1.745329252   60.792490995   46.799989458   -5.836306468
    2.159844949   -1.745329252   67.682299716   22.496337364   -2.906697884
    2.356194490   -1.745329252   69.508013594   -3.716834857   -0.402552287
    2.552544031   -1.745329252   66.494087184  -25.933301480    1.561403231
    2.748893572   -1.745329252   59.866950692  -40.000671920    2.994989615
    2.945243113   -1.745329252   51.460858961  -43.960720052    3.987926323

   -3.141592654   -1.396263402   41.727654487  -38.775855097    2.727563733
   -2.945243113   -1.396263402   35.310409378  -25.922440859    2.563835126
   -2.748893572   -1.396263402   31.737400801  -10.586645168    2.307997229
   -2.552544031   -1.396263402   31.013505900    2.432916367    1.854480721
   -2.356194490   -1.396263402   32.341595045   10.015284932    0.960004702
   -2.159844949   -1.396263402   34.555907834   11.612903207   -0.667296606
   -1.963495408   -1.396263402   36.625368365    8.978618153   -3.237002339
   -1.767145868   -1.396263402   37.996244742    5.005435462   -6.742904282
   -1.570796327   -1.396263402   38.678855303    2.323220921  -10.898923777
   -1.374446786   -1.396263402   39.090897301    2.363819781  -15.184087928
   -1.178097245   -1.396263402   39.781246963    4.998743549  -18.982552544
   -0.981747704   -1.396263402   41.140996012    8.864280822  -21.757207591
   -0.785398163   -1.396263402   43.213658342   11.849597489  -23.182065207
   -0.589048623   -1.396263402   45.610485423   11.808115140  -23.185796248
   -0.392699082   -1.396263402   47.559086583    7.085480440  -21.941356532
   -0.196349541   -1.396263402   48.049899857   -3.032732533  -19.805378369
    0.000000000   -1.396263402   46.080089245  -17.647639592  -17.272803337
    0.196349541   -1.396263402   41.036165475  -33.608120679  -14.872632781
    0.392699082   -1.396263402   33.156263706  -45.497978948  -13.035570199
    0.589048623   -1.396263402   23.854974271  -47.120821838  -11.944566647
    0.785398163   -1.396263402   15.607734760  -34.459387856  -11.457628466
    0.981747704   -1.396263402   11.209517863   -8.607014677  -11.165679148
    1.178097245   -1.396263402   12.657954909   23.568501242  -10.591084358
    1.374446786   -1.396263402   20.224418987   51.994990918   -9.408214919
    1.570796327   -1.396263402   32.251381777   67.849725848   -7.574751673
    1.767145868   -1.396263402   45.778611430   67.112154977   -5.310487986
    1.963495408   -1.396263402   57.622784395   51.372073899   -2.958899425
    2.159844949   -1.396263402   65.339759414   26.218523242   -0.847316746
    2.356194490   -1.396263402   67.766353436   -1.370979037    0.812478962
    2.552544031   -1.396263402   65.072237720  -24.988740938    1.934810861
    2.748893572   -1.396263402   58.520826616  -40.087498353    2.549657095
    2.945243113   -1.396263402   50.042334527  -44.510207689    2.764513552

   -3.141592654   -1.047197551   39.040737713  -41.586754792    4.531024214
   -2.945243113   -1.047197551   32.124935793  -28.133709178    3.436932397
   -2.748893572   -1.047197551   28.192385438  -12.057760098    2.096062741
   -2.552544031   -1.047197551   27.226098723    1.327322250    0.499709954
   -2.356194490   -1.047197551   28.311340787    8.495955388   -1.505154776
   -2.159844949   -1.047197551   30.115034770    8.824717831   -4.155828129
   -1.963495408   -1.047197551   31.468587641    4.450055989   -7.622559658
   -1.767145868   -1.047197551   31.793323592   -1.011293971  -11.824064901
   -1.570796327   -1.047197551   31.226242486   -4.170693040  -16.333152735
   -1.374446786   -1.047197551   30.433370932   -3.165997946  -20.450818102
   -1.178097245   -1.047197551   30.246188012    1.780029393  -23.430188412
   -0.981747704   -1.047197551   31.271433978    8.745691393  -24.736598541
   -0.785398163   -1.047197551   33.633974875   14.863962450  -24.213623491
   -0.589048623   -1.047197551   36.882039000   17.302936604  -22.091256099
   -0.392699082   -1.047197551   40.065365205   13.957588580  -18.887815347
   -0.196349541   -1.047197551   41.933952310    3.901632531  -15.242830225
    0.000000000   -1.047197551   41.227660650  -11.905793966  -11.767886288
    0.196349541   -1.047197551   37.114673352  -29.978537643   -8.895257340
    0.392699082   -1.047197551   29.708647302  -44.291975748   -6.790361437
    0.589048623   -1.047197551   20.436564935  -47.899010541   -5.351526008
    0.785398163   -1.047197551   11.926357689  -36.153097843   -4.308569528
    0.981747704   -1.047197551    7.213780104   -9.917172042   -3.368220897
    1.178097245   -1.047197551    8.531603187   23.662545866   -2.336158966
    1.374446786   -1.047197551   16.291038366   53.854784494   -1.149472215
    1.570796327   -1.047197551   28.832192647   71.105412961    0.154318380
    1.767145868   -1.047197551   43.067615600   70.898193428    1.495276088
    1.963495408   -1.047197551   55.626129926   54.700159005    2.787957275
    2.159844949   -1.047197551   63.885962849   28.319505518    3.944061970
    2.356194490   -1.047197551   66.570033110   -0.879362121    4.868934626
    2.552544031   -1.047197551   63.813838810  -26.073767096    5.454612512
    2.748893572   -1.047197551   56.922584889  -42.375784145    5.608142908
    2.945243113   -1.047197551   47.924887428  -47.395626900    5.287544658

   -3.141592654   -0.698131701   39.152127631  -44.871597535    4.099597193
   -2.945243113   -0.698131701   31.558286665  -31.698795099    1.719833492
   -2.748893572   -0.698131701   26.917765490  -15.687858965   -0.903768633
   -2.552544031   -0.698131701   25.227426625   -2.463049415   -3.614478650
   -2.356194490   -0.698131701   25.521991555    4.152938665   -6.440583768
   -2.159844949   -0.698131701   26.381245986    3.494139452   -9.561404376
   -1.963495408   -0.698131701   26.581105941   -1.928680319  -13.116834736
   -1.767145868   -0.698131701   25.594713001   -7.822948363  -16.962942144
   -1.570796327   -0.698131701   23.746227613  -10.167863650  -20.565225541
   -1.374446786   -0.698131701   21.974836514   -6.909166172  -23.139663920
   -1.178097245   -0.698131701   21.364099329    1.321926280  -23.988784966
   -0.981747704   -0.698131701   22.645147896   11.763778753  -22.826978490
   -0.785398163   -0.698131701   25.890646937   20.663130380  -19.908987939
   -0.589048623   -0.698131701   30.446676439   24.578198850  -15.902862652
   -0.392699082   -0.698131701   35.081505577   21.226960476  -11.626600101
   -0.196349541   -0.698131701   38.270372225    9.903486376   -7.763288485
    0.000000000   -0.698131701   38.554210878   -7.888878025   -4.677989278
    0.196349541   -0.698131701   35.028488876  -27.956278539   -2.351500398
    0.392699082   -0.698131701   27.871883585  -43.628229657   -0.472118967
    0.589048623   -0.698131701   18.676408955  -47.621195175    1.342450691
    0.785398163   -0.698131701   10.257582850  -35.394815043    3.298011748
    0.981747704   -0.698131701    5.781050719   -8.259267580    5.301898036
    1.178097245   -0.698131701    7.509732196   26.130193189    7.045612018
    1.374446786   -0.698131701   15.801406338   56.721141591    8.236811986
    1.570796327   -0.698131701   28.906352609   73.907574124    8.788831908
    1.767145868   -0.698131701   43.656878297   73.295977346    8.854426328
    1.963495408   -0.698131701   56.629999075   56.497875499    8.696562521
    2.159844949   -0.698131701   65.173940843   29.398355439    8.515287084
    2.356194490   -0.698131701   67.989556338   -0.638351578    8.337644573
    2.552544031   -0.698131701   65.187931437  -26.792022566    8.011369007
    2.748893572   -0.698131701   58.055612216  -44.110384530    7.298248427
    2.945243113   -0.698131701   48.624379420  -50.045100288    6.006271002

   -3.141592654   -0.349065850   40.220607796  -49.843139345    2.975124496
   -2.945243113   -0.349065850   31.575524321  -37.321853129   -0.281666613
   -2.748893572   -0.349065850   25.816292381  -21.367085676   -3.657809623
   -2.552544031   -0.349065850   23.034551834   -7.880881679   -6.886694564
   -2.356194490   -0.349065850   22.285135665   -1.106938702   -9.913406356
   -2.159844949   -0.349065850   22.101293259   -1.912490361  -12.872446221
   -1.963495408   -0.349065850   21.218670811   -7.500367167  -15.872657261
   -1.767145868   -0.349065850   19.169075175  -12.909458409  -18.729058600
   -1.570796327   -0.349065850   16.469371944  -13.512900280  -20.872276823
   -1.374446786   -0.349065850   14.321262519   -7.219903315  -21.553863816
   -1.178097245   -0.349065850   14.005233196    4.651160642  -20.256443675
   -0.981747704   -0.349065850   16.265125857   18.229551386  -17.030774526
   -0.785398163   -0.349065850   20.973456814   28.803931784  -12.540519219
   -0.589048623   -0.349065850   27.141486637   32.556069978   -7.782792944
   -0.392699082   -0.349065850   33.196894159   27.519566106   -3.671969745
   -0.196349541   -0.349065850   37.389996783   13.798028704   -0.688813883
    0.000000000   -0.349065850   38.218183318   -6.120601847    1.260782244
    0.196349541   -0.349065850   34.913968980  -27.249114450    2.745599408
    0.392699082   -0.349065850   27.903260932  -42.639494011    4.496814874
    0.589048623   -0.349065850   19.015364402  -45.384367811    6.994781568
    0.785398163   -0.349065850   11.176103708  -31.799742312   10.166734336
    0.981747704   -0.349065850    7.484489636   -4.047471634   13.389461063
    1.178097245   -0.349065850   10.010725454   29.855094598   15.828532782
    1.374446786   -0.349065850   18.913692768   59.130696015   16.905619303
    1.570796327   -0.349065850   32.342890197   74.830939076   16.577765579
    1.767145868   -0.349065850   47.159198763   73.142193711   15.285469940
    1.963495408   -0.349065850   60.046501635   55.871028821   13.640780028
    2.159844949   -0.349065850   68.455423791   28.682475134   12.101189467
    2.356194490   -0.349065850   71.121304428   -1.489423385   10.789519429
    2.552544031   -0.349065850   68.106890038  -28.192510293    9.515509899
    2.748893572   -0.349065850   60.603074433  -46.569503874    7.939188269
    2.945243113   -0.349065850   50.559598560  -53.837758254    5.779775558

   -3.141592654    0.000000000   40.931266825  -55.784785598    1.004218707
   -2.945243113    0.000000000   31.063073322  -43.699435071   -2.269925452
   -2.748893572    0.000000000   24.066360289  -27.482925158   -5.443153653
   -2.552544031    0.000000000   20.146427515  -13.322628700   -8.262454673
   -2.356194490    0.000000000   18.395079963   -5.900253837  -10.692349869
   -2.159844949    0.000000000   17.314803208   -6.275982939  -12.873186033
   -1.963495408    0.000000000   15.618363832  -11.365846268  -14.897378268
   -1.767145868    0.000000000   12.908831967  -15.599671358  -16.564794998
   -1.570796327    0.000000000    9.886876204  -13.905923765  -17.343171544
   -1.374446786    0.000000000    7.968169861   -4.390997778  -16.620978045
   -1.178097245    0.000000000    8.536258804   10.736922099  -14.116109844
   -0.981747704    0.000000000   12.227604423   26.454539521  -10.144914814
   -0.785398163    0.000000000   18.609007313   37.282403285   -5.557488462
   -0.589048623    0.000000000   26.309703219   39.423947930   -1.363366507
   -0.392699082    0.000000000   33.458688711   31.701687988    1.723788083
   -0.196349541    0.000000000   38.210133144   15.422244040    3.582787791
    0.000000000    0.000000000   39.201447841   -5.809792841    4.712694214
    0.196349541    0.000000000   35.977129228  -26.442541621    5.978332500
    0.392699082    0.000000000   29.304614844  -39.824111457    8.180046684
    0.589048623    0.000000000   21.212876367  -40.145474384   11.607923763
    0.785398163    0.000000000   14.570936348  -25.119850484   15.819936970
    0.981747704    0.000000000   12.180895257    2.175166691   19.794926495
    1.178097245    0.000000000   15.730613185   33.811693934   22.427956118
    1.374446786    0.000000000   25.110454615   60.003344931   23.070278996
    1.570796327    0.000000000   38.434244256   73.050959734   21.790879467
    1.767145868    0.000000000   52.737317732   69.925591526   19.240824725
    1.963495408    0.000000000   64.956590772   52.458440607   16.249646924
    2.159844949    0.000000000   72.736449536   25.736727305   13.443977314
    2.356194490    0.000000000   74.868700495   -4.044463278   11.042916715
    2.552544031    0.000000000   71.344094957  -30.953482882    8.893042638
    2.748893572    0.000000000   63.220844610  -50.217671982    6.656535306
    2.945243113    0.000000000   52.341373621  -58.725408151    4.046734972

   -3.141592654    0.349065850   42.445911508  -60.097818527    0.562608305
   -2.945243113    0.349065850   31.692980342  -48.312810315   -1.584336749
   -2.748893572    0.349065850   23.794499381  -31.976327768   -3.527447681
   -2.552544031    0.349065850   19.029610453  -17.400766983   -5.181674526
   -2.356194490    0.349065850   16.523037801   -9.514598214   -6.593329261
   -2.159844949    0.349065850   14.775460288   -9.446110223   -7.877180457
   -1.963495408    0.349065850   12.516056160  -13.852603403   -9.048398737
   -1.767145868    0.349065850    9.435744834  -16.750014655   -9.883354107
   -1.570796327    0.349065850    6.387247505  -12.900435048   -9.959488866
   -1.374446786    0.349065850    4.918291991   -0.808868793   -8.896803010
   -1.178097245    0.349065850    6.413555630   16.441249063   -6.651265335
   -0.981747704    0.349065850   11.329047311   32.946079166   -3.635672874
   -0.785398163    0.349065850   18.924658016   42.894495654   -0.561587185
   -0.589048623    0.349065850   27.534107390   42.940194225    1.914976226
   -0.392699082    0.349065850   35.142657162   32.929760096    3.534984010
   -0.196349541    0.349065850   39.981174147   15.319667453    4.569378286
    0.000000000    0.349065850   40.959908840   -5.520724633    5.712700427
    0.196349541    0.349065850   37.978818488  -24.003340231    7.756547199
    0.392699082    0.349065850   32.084645269  -34.285733871   11.186135540
    0.589048623    0.349065850   25.361069026  -31.953287680   15.850703059
    0.785398163    0.349065850   20.448074762  -16.097324148   20.904248823
    0.981747704    0.349065850   19.710814508    9.576640621   25.093435423
    1.178097245    0.349065850   24.384450539   37.617154159   27.300711389
    1.374446786    0.349065850   34.091272734   59.549686843   27.031582984
    1.570796327    0.349065850   46.960112376   69.103418909   24.578422597
    1.767145868    0.349065850   60.274929933   64.108328357   20.793354386
    1.963495408    0.349065850   71.308011051   46.439009397   16.647752538
    2.159844949    0.349065850   77.979833561   20.579784487   12.862587813
    2.356194490    0.349065850   79.211155323   -8.085729744    9.730937747
    2.552544031    0.349065850   74.973074123  -34.281827717    7.176705399
    2.748893572    0.349065850   66.212323692  -53.495809901    4.936153837
    2.945243113    0.349065850   54.649429562  -62.465606670    2.762224948

   -3.141592654    0.698131701   44.226276928  -61.818013800    0.472767594
   -2.945243113    0.698131701   33.110427643  -50.276913830    0.139907571
   -2.748893572    0.698131701   24.801923996  -34.167134466    0.004166167
   -2.552544031    0.698131701   19.590786766  -19.731486615   -0.111851732
   -2.356194490    0.698131701   16.620683259  -11.875504744   -0.368601083
   -2.159844949    0.698131701   14.420808143  -11.645282671   -0.844239887
   -1.963495408    0.698131701   11.772091052  -15.547150578   -1.473254951
   -1.767145868    0.698131701    8.445527555  -17.486518036   -2.044683412
   -1.570796327    0.698131701    5.377658416  -12.325273626   -2.294355718
   -1.374446786    0.698131701    4.152588351    1.052585141   -2.054321429
   -1.178097245    0.698131701    6.099942921   19.057003675   -1.358348278
   -0.981747704    0.698131701   11.533458999   35.456205727   -0.417545163
   -0.785398163    0.698131701   19.546508353   44.544187701    0.531378219
   -0.589048623    0.698131701   28.372629200   43.528468366    1.408114575
   -0.392699082    0.698131701   36.031671692   33.006957041    2.397190204
   -0.196349541    0.698131701   40.927914313   16.057406156    3.901807595
    0.000000000    0.698131701   42.227261781   -2.786696571    6.394766167
    0.196349541    0.698131701   40.058802892  -18.379042753   10.177031200
    0.392699082    0.698131701   35.554365291  -25.876381974   15.149417009
    0.589048623    0.698131701   30.656666564  -22.080022048   20.683427336
    0.785398163    0.698131701   27.648504740   -6.977516127   25.716186715
    0.981747704    0.698131701   28.437036401   15.661789340   29.082910743
    1.178097245    0.698131701   33.881558887   39.256337696   29.973825592
    1.374446786    0.698131701   43.461035255   56.733733090   28.257839656
    1.570796327    0.698131701   55.434020077   63.084310884   24.495533394
    1.767145868    0.698131701   67.403192790   56.737211755   19.650196424
    1.963495408    0.698131701   76.999802987   39.419049699   14.684113380
    2.159844949    0.698131701   82.419478997   14.950090467   10.282840597
    2.356194490    0.698131701   82.710159229  -12.050612544    6.761412863
    2.552544031    0.698131701   77.834613803  -36.894724992    4.151659728
    2.748893572    0.698131701   68.647149956  -55.332291600    2.336030927
    2.945243113    0.698131701   56.753692513  -64.070632733    1.158250750

   -3.141592654    1.047197551   42.999764153  -62.114482318   -4.451885909
   -2.945243113    1.047197551   31.911390152  -49.734756598   -3.367450203
   -2.748893572    1.047197551   23.761931288  -33.148292481   -1.971868182
   -2.552544031    1.047197551   18.763379290  -18.647636730   -0.652604111
   -2.356194490    1.047197551   15.982124560  -11.077247264    0.331003252
   -2.159844949    1.047197551   13.894970018  -11.303247357    0.901017361
   -1.963495408    1.047197551   11.270845714  -15.615302379    1.125137526
   -1.767145868    1.047197551    7.905205056  -17.783230620    1.120609564
   -1.570796327    1.047197551    4.770943566  -12.688801126    0.965129003
   -1.374446786    1.047197551    3.471638195    0.648045268    0.676025560
   -1.178097245    1.047197551    5.329783562   18.533316196    0.274493599
   -0.981747704    1.047197551   10.647046862   34.808615522   -0.118733825
   -0.785398163    1.047197551   18.540059889   44.039325185   -0.229874848
   -0.589048623    1.047197551   27.329545548   43.789661452    0.320128121
   -0.392699082    1.047197551   35.184082802   34.879781388    1.907972355
   -0.196349541    1.047197551   40.673144298   20.331339211    4.766630430
    0.000000000    1.047197551   43.081415717    4.241443907    8.899872280
    0.196349541    1.047197551   42.537968325   -8.992892577   14.012919994
    0.392699082    1.047197551   40.010369944  -15.409850009   19.493988379
    0.589048623    1.047197551   37.117066673  -12.487476750   24.464720331
    0.785398163    1.047197551   35.734232232   -0.329959832   27.961894212
    0.981747704    1.047197551   37.412290190   17.921217730   29.222082116
    1.178097245    1.047197551   42.837150157   36.858684766   27.963934277
    1.374446786    1.047197551   51.557306683   50.613685165   24.493792329
    1.570796327    1.047197551   62.095927804   54.893223623   19.562667784
    1.767145868    1.047197551   72.392941256   48.138419313   14.063286539
    1.963495408    1.047197551   80.362822300   31.589069696    8.735064195
    2.159844949    1.047197551   84.369856983    8.432746530    4.051570001
    2.356194490    1.047197551   83.520056786  -17.157267431    0.252638905
    2.552544031    1.047197551   77.773617761  -40.676005880   -2.534490363
    2.748893572    1.047197551   67.966157095  -57.875684145   -4.233711523
    2.945243113    1.047197551   55.689210812  -65.436938318   -4.833744109

   -3.141592654    1.396263402   37.990870726  -60.378281460  -10.059270482
   -2.945243113    1.396263402   27.438903078  -46.137092730   -8.641359152
   -2.748893572    1.396263402   20.098885649  -28.672961294   -6.753695313
   -2.552544031    1.396263402   15.982719210  -14.279919444   -4.783053803
   -2.356194490    1.396263402   13.988969991   -7.503202977   -2.980383745
   -2.159844949    1.396263402   12.498649251   -8.820134232   -1.433703745
   -1.963495408    1.396263402   10.250126943  -14.272544654   -0.145135496
   -1.767145868    1.396263402    7.036882046  -17.577888376    0.860634525
   -1.570796327    1.396263402    3.830774532  -13.627878184    1.494210495
   -1.374446786    1.396263402    2.243806762   -1.303731508    1.674581789
   -1.178097245    1.396263402    3.657171938   16.065944256    1.468571148
   -0.981747704    1.396263402    8.515029680   32.778509362    1.178837148
   -0.785398163    1.396263402   16.151308422   43.647415319    1.301791661
   -0.589048623    1.396263402   25.114406669   46.088637801    2.347868191
   -0.392699082    1.396263402   33.730897798   40.359291588    4.647563791
   -0.196349541    1.396263402   40.592561900   28.723875090    8.207420551
    0.000000000    1.396263402   44.856140078   14.523823146   12.696893579
    0.196349541    1.396263402   46.390022157    1.586383438   17.492765354
    0.392699082    1.396263402   45.816965504   -6.394387241   21.791215967
    0.589048623    1.396263402   44.396838335   -6.741578266   24.763357203
    0.785398163    1.396263402   43.725617575    1.073163039   25.764627621
    0.981747704    1.396263402   45.236879843   14.897432882   24.536615888
    1.178097245    1.396263402   49.701635972   30.320293777   21.307537924
    1.374446786    1.396263402   56.913818581   42.049895992   16.705982087
    1.570796327    1.396263402   65.694168708   45.751150336   11.510470903
    1.767145868    1.396263402   74.220648055   39.339093286    6.380711200
    1.963495408    1.396263402   80.528066233   23.472441168    1.699450030
    2.159844949    1.396263402   83.012146412    1.040428840   -2.380782354
    2.356194490    1.396263402   80.791694784  -23.673583809   -5.794953813
    2.552544031    1.396263402   73.886659810  -45.857407707   -8.422077344
    2.748893572    1.396263402   63.245421917  -61.073874587  -10.079533984
    2.945243113    1.396263402   50.577428036  -66.163453967  -10.618692829

   -3.141592654    1.745329252   31.721283848  -58.851857824  -15.980653466
   -2.945243113    1.745329252   21.654511798  -42.829749379  -14.652729853
   -2.748893572    1.745329252   15.076251506  -24.362102674  -12.623476706
   -2.552544031    1.745329252   11.839395090   -9.755768369  -10.204862451
   -2.356194490    1.745329252   10.704911543   -3.352796493   -7.604277469
   -2.159844949    1.745329252    9.962645350   -5.397317103   -4.910309092
   -1.963495408    1.745329252    8.295373371  -11.812992279   -2.185721263
   -1.767145868    1.745329252    5.454006122  -16.282798337    0.419847886
   -1.570796327    1.745329252    2.379553448  -13.580835939    2.653888768
   -1.374446786    1.745329252    0.697507574   -2.241050380    4.283276139
   -1.178097245    1.745329252    1.890131001   14.915522269    5.278398846
   -0.981747704    1.745329252    6.596799424   32.593935042    5.907492386
   -0.785398163    1.745329252   14.390571265   45.595318595    6.657967824
   -0.589048623    1.745329252   24.007334650   50.844723622    8.003360994
   -0.392699082    1.745329252   33.828844159   47.772332700   10.177569508
   -0.196349541    1.745329252   42.332017946   37.808161380   13.040992296
    0.000000000    1.745329252   48.415873910   23.685269611   16.119080384
    0.196349541    1.745329252   51.608441958    9.025555422   18.722010453
    0.392699082    1.745329252   52.196076262   -2.225414738   20.141668257
    0.589048623    1.745329252   51.195323138   -6.702528013   19.862698048
    0.785398163    1.745329252   50.126633343   -2.906674821   17.746370908
    0.981747704    1.745329252   50.540783445    7.939262228   14.098750936
    1.178097245    1.745329252   53.473471361   21.941934621    9.569922960
    1.374446786    1.745329252   59.024204423   33.697962410    4.903024756
    1.570796327    1.745329252   66.242365721   38.261112161    0.649856509
    1.767145868    1.745329252   73.395309388   32.798075159   -2.982428795
    1.963495408    1.745329252   78.483382178   17.521642836   -6.100870790
    2.159844949    1.745329252   79.827068014   -4.652214507   -8.922551096
    2.356194490    1.745329252   76.515472569  -29.033630492  -11.556515501
    2.552544031    1.745329252   68.631076762  -50.350128075  -13.874955481
    2.748893572    1.745329252   57.253174162  -63.955017964  -15.570240379
    2.945243113    1.745329252   44.225514532  -66.875939485  -16.321155128

   -3.141592654    2.094395102   25.136291208  -58.061609486  -18.733455060
   -2.945243113    2.094395102   15.378691748  -40.530900480  -17.749813132
   -2.748893572    2.094395102    9.367344337  -20.968387012  -15.880251148
   -2.552544031    2.094395102    6.870642455   -5.672760994  -13.295090993
   -2.356194490    2.094395102    6.583564494    1.160202231  -10.143549667
   -2.159844949    2.094395102    6.757025783   -0.613444743   -6.538252077
   -1.963495408    2.094395102    6.038504525   -6.987886298   -2.618001114
   -1.767145868    2.094395102    4.118133006  -11.806478618    1.372947921
   -1.570796327    2.094395102    1.852591027   -9.882501959    5.086350685
   -1.374446786    2.094395102    0.802961350    0.505247553    8.185212058
   -1.178097245    2.094395102    2.463017372   17.015302285   10.508608740
   -0.981747704    2.094395102    7.576654822   34.772649970   12.153232361
   -0.785398163    2.094395102   15.871397838   48.617948897   13.405194399
   -0.589048623    2.094395102   26.199679736   55.074365126   14.544376906
   -0.392699082    2.094395102   36.950427578   52.887676366   15.665508949
   -0.196349541    2.094395102   46.470747034   42.852477207   16.585966124
    0.000000000    2.094395102   53.430789283   27.336583277   16.904810504
    0.196349541    2.094395102   57.098175155   10.027784111   16.136889653
    0.392699082    2.094395102   57.555198605   -4.623158882   13.921639203
    0.589048623    2.094395102   55.748268345  -12.423004017   10.222847792
    0.785398163    2.094395102   53.302273364  -10.985797842    5.437683231
    0.981747704    2.094395102   52.022872509   -0.947673210    0.319801584
    1.178097245    2.094395102   53.262673079   13.817587182   -4.283600803
    1.374446786    2.094395102   57.382558206   27.343451271   -7.768164154
    1.570796327    2.094395102   63.547044157   33.838245876   -9.998657381
    1.767145868    2.094395102   69.977524494   29.724664927  -11.296913791
    1.963495408    2.094395102   74.521769255   14.915936151  -12.226179135
    2.159844949    2.094395102   75.339680850   -7.472197713  -13.290553835
    2.356194490    2.094395102   71.436094423  -32.207303355  -14.710716885
    2.552544031    2.094395102   62.924284858  -53.455123610  -16.353412824
    2.748893572    2.094395102   51.001344821  -66.267859246  -17.839978130
    2.945243113    2.094395102   37.650829852  -67.764104551  -18.734591802

   -3.141592654    2.443460953   18.851410823  -57.903630280  -12.648393532
   -2.945243113    2.443460953    9.265717360  -38.951645604  -11.417363648
   -2.748893572    2.443460953    3.699121563  -18.051932659   -9.547981307
   -2.552544031    2.443460953    1.895760850   -1.553660420   -7.111701450
   -2.356194490    2.443460953    2.528043745    6.387100293   -4.138206928
   -2.159844949    2.443460953    3.829505742    5.621726855   -0.616385177
   -1.963495408    2.443460953    4.416461378    0.012347011    3.419778919
   -1.767145868    2.443460953    3.909497838   -4.509241204    7.775201609
   -1.570796327    2.443460953    3.055752622   -2.907788292   12.060230873
   -1.374446786    2.443460953    3.297539314    6.609759353   15.792455348
   -1.178097245    2.443460953    6.046343231   21.978917163   18.585966615
   -0.981747704    2.443460953   12.024665129   38.637714460   20.288046991
   -0.785398163    2.443460953   20.985065297   51.551079372   20.972402282
   -0.589048623    2.443460953   31.803227256   57.108788058   20.795122620
   -0.392699082    2.443460953   42.845462745   53.738264569   19.842842188
   -0.196349541    2.443460953   52.370644423   41.936570772   18.049140610
    0.000000000    2.443460953   58.920493615   23.966386241   15.246526295
    0.196349541    2.443460953   61.645980835    3.770583032   11.289516591
    0.392699082    2.443460953   60.599953889  -13.578003830    6.226280526
    0.589048623    2.443460953   56.845925899  -23.062315216    0.436334469
    0.785398163    2.443460953   52.279791455  -21.624350003   -5.363181951
    0.981747704    2.443460953   49.062267809   -9.767626664  -10.301166458
    1.178097245    2.443460953   48.858873408    8.075185346  -13.668542658
    1.374446786    2.443460953   52.180660848   24.902666903  -15.209634532
    1.570796327    2.443460953   58.130932608   33.899584082  -15.208107101
    1.767145868    2.443460953   64.706438538   30.899641862  -14.324023401
    1.963495408    2.443460953   69.475825004   15.847004891  -13.289575884
    2.159844949    2.443460953   70.377761775   -7.622082265  -12.631150928
    2.356194490    2.443460953   66.322454608  -33.556158538  -12.527366134
    2.552544031    2.443460953   57.464265443  -55.512177821  -12.824945036
    2.748893572    2.443460953   45.131876894  -68.237045926  -13.175695466
    2.945243113    2.443460953   31.466104580  -68.900134563  -13.203685403

   -3.141592654    2.792526803   15.723929420  -57.065133327    1.361695880
   -2.945243113    2.792526803    6.377200345  -37.347357935    3.381576653
   -2.748893572    2.792526803    1.212667724  -15.551480817    5.240857066
   -2.552544031    2.792526803    0.000000000    1.982874325    6.962086727
   -2.356194490    2.792526803    1.441879989   11.116289452    8.779796677
   -2.159844949    2.792526803    3.797430007   11.626492758   11.055602309
   -1.963495408    2.792526803    5.679152412    7.141150423   14.070566071
   -1.767145868    2.792526803    6.645170356    3.253523928   17.795102224
   -1.570796327    2.792526803    7.315434892    4.708236469   21.799963433
   -1.374446786    2.792526803    8.968293581   13.235422387   25.382289528
   -1.178097245    2.792526803   12.864671925   26.956547831   27.844303282
   -0.981747704    2.792526803   19.627121544   41.608788908   28.744796135
   -0.785398163    2.792526803   28.960797714   52.361189633   27.984878071
   -0.589048623    2.792526803   39.716352345   55.634209357   25.713390283
   -0.392699082    2.792526803   50.229518303   49.781514784   22.168121170
   -0.196349541    2.792526803   58.717545231   35.305447309   17.557704096
    0.000000000    2.792526803   63.701134681   14.679190065   12.054190592
    0.196349541    2.792526803   64.377101523   -7.688796911    5.867080793
    0.392699082    2.792526803   60.953548943  -26.097903434   -0.643485496
    0.589048623    2.792526803   54.769245084  -34.987847385   -6.892141887
    0.785398163    2.792526803   48.068866034  -31.149860196  -12.128148220
    0.981747704    2.792526803   43.333733458  -15.533771805  -15.650588058
    1.178097245    2.792526803   42.407961592    6.462645928  -17.091421050
    1.374446786    2.792526803   45.770700429   26.743575431  -16.594697945
    1.570796327    2.792526803   52.305509715   37.744851328  -14.746215730
    1.767145868    2.792526803   59.700021727   35.160709500  -12.304135472
    1.963495408    2.792526803   65.243836465   19.336683619   -9.884106454
    2.159844949    2.792526803   66.706034299   -5.430559015   -7.787621567
    2.356194490    2.792526803   62.955613228  -32.583729477   -6.004625217
    2.552544031    2.792526803   54.203662461  -55.309285545   -4.345328486
    2.748893572    2.792526803   41.881456908  -68.244731821   -2.605154026
    2.945243113    2.792526803   28.234059020  -68.643914019   -0.685210678
