#! FIELDS phi psi file.free der_phi der_psi
#! SET min_phi -pi
#! SET max_phi pi
#! SET nbins_phi  32
#! SET periodic_phi true
#! SET min_psi -pi
#! SET max_psi pi
#! SET nbins_psi  18
#! SET periodic_psi true
   -3.141592654   -3.141592654   20.019964410  -55.620005193   14.040984293
   -2.945243113   -3.141592654   10.680390004  -38.451024214   16.693502346
   -2.748893572   -3.141592654    5.200963291  -17.270980476   18.740347831
   -2.552544031   -3.141592654    3.760099662    1.701468724   20.198267498
   -2.356194490   -3.141592654    5.401370748   13.575247604   21.352565845
   -2.159844949   -3.141592654    8.529376176   16.979455980   22.635371169
   -1.963495408   -3.141592654   11.679211245   14.503866685   24.375442539
   -1.767145868   -3.141592654   14.163044970   11.070387703   26.544237288
   -1.570796327   -3.141592654   16.264978738   11.197814046   28.672478373
   -1.374446786   -3.141592654   18.924329487   16.772992885   30.018115454
   -1.178097245   -3.141592654   23.123727954   26.392824142   29.905012234
   -0.981747704   -3.141592654   29.322234289   36.432134489   28.027843933
   -0.785398163   -3.141592654   37.195746722   42.784285989   24.550773873
   -0.589048623   -3.141592654   45.708062636   42.596767744   19.973374818
   -0.392699082   -3.141592654   53.446597342   34.885443973   14.875265125
   -0.196349541   -3.141592654   58.993034050   20.619365181    9.692962708
    0.000000000   -3.141592654   61.288068124    2.334877324    4.630178295
    0.196349541   -3.141592654   59.912198256  -16.006205550   -0.269035674
    0.392699082   -3.141592654   55.322608233  -29.590009718   -4.941778541
    0.589048623   -3.141592654   48.910200793  -33.938419286   -9.125429705
    0.785398163   -3.141592654   42.760887878  -26.844739463  -12.331240772
    0.981747704   -3.141592654   39.032182629   -9.907086173  -14.022385474
    1.178097245   -3.141592654   39.172151109   11.422702973  -13.915135474
    1.374446786   -3.141592654   43.323304778   29.711967570  -12.186375907
    1.570796327   -3.141592654   50.224077029   38.627892574   -9.408312881
    1.767145868   -3.141592654   57.674753638   35.159761331   -6.267824941
    1.963495408   -3.141592654   63.283769213   20.342683755   -3.246140360
    2.159844949   -3.141592654   65.176315227   -1.867522618   -0.482200343
    2.356194490   -3.141592654   62.412586008  -26.173117591    2.161640407
    2.552544031   -3.141592654   55.107297499  -47.296516601    4.905432539
    2.748893572   -3.141592654   44.337653022  -60.823524054    7.873474032
    2.945243113   -3.141592654   31.916658988  -63.825209894   10.998672443

   -3.141592654   -2.792526803   26.537318094  -49.903929020   20.938796109
   -2.945243113   -2.792526803   18.178579903  -34.276491642   23.898011669
   -2.748893572   -2.792526803   13.342235694  -14.894979461   25.777918266
   -2.552544031   -2.792526803   12.214911531    2.630636569   26.649428260
   -2.356194490   -2.792526803   13.966356828   13.944042720   26.922562917
   -2.159844949   -2.792526803   17.197623500   17.816904662   27.167856941
   -1.963495408   -2.792526803   20.614387679   16.426589721   27.815492799
   -1.767145868   -2.792526803   23.572633165   13.868668907   28.883504716
   -1.570796327   -2.792526803   26.229882356   13.832368787   29.912055245
   -1.374446786   -2.792526803   29.273465786   17.820777806   30.161647277
   -1.178097245   -2.792526803   33.421870632   24.690662799   28.972011401
   -0.981747704   -2.792526803   38.974329880   31.562021498   26.070827617
   -0.785398163   -2.792526803   45.608543840   35.165221531   21.666355889
   -0.589048623   -2.792526803   52.431001856   33.196769900   16.310082599
   -0.392699082   -2.792526803   58.238333624   24.794894777   10.630506602
   -0.196349541   -2.792526803   61.809037072   10.708157068    5.110001990
    0.000000000   -2.792526803   62.221295422   -6.862547199   -0.011919245
    0.196349541   -2.792526803   59.135162162  -24.181744646   -4.662728945
    0.392699082   -2.792526803   53.065330650  -36.421343545   -8.768937267
    0.589048623   -2.792526803   45.482157235  -38.932313752  -12.098628742
    0.785398163   -2.792526803   38.580462293  -29.417684427  -14.256885682
    0.981747704   -2.792526803   34.615027908   -9.715788556  -14.859115060
    1.178097245   -2.792526803   35.050174645   14.156790528  -13.791195171
    1.374446786   -2.792526803   39.925113876   34.192815265  -11.349597225
    1.570796327   -2.792526803   47.792415483   43.832057974   -8.121119300
    1.767145868   -2.792526803   56.270133018   40.338411166   -4.694181369
    1.963495408   -2.792526803   62.872138906   25.293548026   -1.378495006
    2.159844949   -2.792526803   65.734721870    3.132110175    1.854711123
    2.356194490   -2.792526803   63.992938198  -20.705332825    5.235540512
    2.552544031   -2.792526803   57.828229743  -41.143005633    8.961160048
    2.748893572   -2.792526803   48.322909691  -54.169420347   13.025202267
    2.945243113   -2.792526803   37.213198574  -57.249365365   17.164276712

   -3.141592654   -2.443460953   33.640389495  -44.258312834   19.455682624
   -2.945243113   -2.443460953   26.236616829  -30.275640452   21.943696707
   -2.748893572   -2.443460953   22.007900668  -12.692372585   23.431931881
   -2.552544031   -2.443460953   21.163442634    3.415943149   23.977694339
   -2.356194490   -2.443460953   22.991926942   14.088752101   23.892720761
   -2.159844949   -2.443460953   26.254874479   18.099973169   23.605147030
   -1.963495408   -2.443460953   29.772302865   17.163678329   23.434203880
   -1.767145868   -2.443460953   32.892478527   14.654605262   23.393114383
   -1.570796327   -2.443460953   35.630559304   13.679867523   23.153684425
   -1.374446786   -2.443460953   38.460834022   15.646832959   22.206028801
   -1.178097245   -2.443460953   41.925706730   19.864147219   20.130030300
   -0.981747704   -2.443460953   46.273535378   24.209439347   16.815537811
   -0.785398163   -2.443460953   51.277744446   26.096873745   12.509931350
   -0.589048623   -2.443460953   56.241289019   23.525576293    7.695074527
   -0.392699082   -2.443460953   60.173787396   15.519377371    2.867616463
   -0.196349541   -2.443460953   62.013948645    2.423362632   -1.625631713
    0.000000000   -2.443460953   60.913443655  -13.980421111   -5.654990536
    0.196349541   -2.443460953   56.540379887  -30.178280293   -9.223476714
    0.392699082   -2.443460953   49.404196999  -41.251352112  -12.314632857
    0.589048623   -2.443460953   41.011605035  -42.261697126  -14.751533717
    0.785398163   -2.443460953   33.647361003  -30.700500743  -16.189685670
    0.981747704   -2.443460953   29.665826236   -8.555073225  -16.269398022
    1.178097245   -2.443460953   30.563032592   17.635572380  -14.858410466
    1.374446786   -2.443460953   36.294236870   39.290672227  -12.193943610
    1.570796327   -2.443460953   45.242951864   49.595510506   -8.793923368
    1.767145868   -2.443460953   54.856372985   46.068411321   -5.201735158
    1.963495408   -2.443460953   62.561842543   30.818523393   -1.723466868
    2.159844949   -2.443460953   66.510553534    8.736158317    1.635132455
    2.356194490   -2.443460953   65.910042316  -14.637434856    5.049682527
    2.552544031   -2.443460953   60.997379527  -34.470710385    8.665161956
    2.748893572   -2.443460953   52.842813358  -47.167911108   12.452394269
    2.945243113   -2.443460953   43.091172980  -50.547909427   16.171865448

   -3.141592654   -2.094395102   39.429217856  -39.646420403   13.077368033
   -2.945243113   -2.094395102   32.805676932  -27.011012854   14.528191914
   -2.748893572   -2.094395102   29.067166470  -10.972171384   15.343956005
   -2.552544031   -2.094395102   28.418204469    3.742011569   15.582512880
   -2.356194490   -2.094395102   30.208557324   13.461310655   15.387353715
   -2.159844949   -2.094395102   33.295041812   16.995788237   14.915093526
   -1.963495408   -2.094395102   36.568283364   15.775391377   14.238625687
   -1.767145868   -2.094395102   39.369609373   12.714463402   13.285955201
   -1.570796327   -2.094395102   41.624438100   10.589248768   11.871724592
   -1.374446786   -2.094395102   43.687737927   10.867837323    9.812399132
   -1.178097245   -2.094395102   46.036671778   13.323026920    7.061720606
   -0.981747704   -2.094395102   48.966722138   16.450768371    3.774122814
   -0.785398163   -2.094395102   52.405415016   18.092561286    0.256575313
   -0.589048623   -2.094395102   55.854214038   16.245356025   -3.149331985
   -0.392699082   -2.094395102   58.480382296    9.560122982   -6.203291841
   -0.196349541   -2.094395102   59.288290806   -2.159019463   -8.823392042
    0.000000000   -2.094395102   57.396609503  -17.529276608  -11.086925313
    0.196349541   -2.094395102   52.391004423  -33.130026443  -13.129063060
    0.392699082   -2.094395102   44.715483385  -43.783233598  -15.012136385
    0.589048623   -2.094395102   35.885013693  -44.105166527  -16.604254600
    0.785398163   -2.094395102   28.275020024  -31.241529748  -17.566970488
    0.981747704   -2.094395102   24.364509380   -7.215055328  -17.491174448
    1.178097245   -2.094395102   25.724714301   20.986108820  -16.134631391
    1.374446786   -2.094395102   32.278026572   44.199262223  -13.594352545
    1.570796327   -2.094395102   42.279019251   55.260995997  -10.280220007
    1.767145868   -2.094395102   53.020097972   51.798442803   -6.708403430
    1.963495408   -2.094395102   61.829916774   36.323690309   -3.251040098
    2.159844949   -2.094395102   66.844877777   14.129144018   -0.040796970
    2.356194490   -2.094395102   67.313738462   -9.107166211    2.969513640
    2.552544031   -2.094395102   63.512126793  -28.690878257    5.848421155
    2.748893572   -2.094395102   56.505384539  -41.313569617    8.581650100
    2.945243113   -2.094395102   47.877488509  -45.046184398   11.047615385

   -3.141592654   -1.745329252   42.645989191  -37.173960770    6.601274708
   -2.945243113   -1.745329252   36.426869196  -25.409616472    7.096673506
   -2.748893572   -1.745329252   32.904300189  -10.394013850    7.196705847
   -2.552544031   -1.745329252   32.264898687    3.268093654    6.906900525
   -2.356194490   -1.745329252   33.866329153   12.034023742    6.215548255
   -2.159844949   -1.745329252   36.589743023   14.743080227    5.090037683
   -1.963495408   -1.745329252   39.344559829   12.745214489    3.480017587
   -1.767145868   -1.745329252   41.470337124    8.850048917    1.346353652
   -1.570796327   -1.745329252   42.879520374    5.841878228   -1.283068928
   -1.374446786   -1.745329252   43.932508116    5.371962193   -4.261059252
   -1.178097245   -1.745329252   45.159885080    7.491322164   -7.308875377
   -0.981747704   -1.745329252   46.961461136   10.900973240  -10.077041808
   -0.785398163   -1.745329252   49.389712978   13.444814127  -12.256914859
   -0.589048623   -1.745329252   52.048187602   12.878413883  -13.684346641
   -0.392699082   -1.745329252   54.142962019    7.494920856  -14.404278764
   -0.196349541   -1.745329252   54.646934306   -3.267764624  -14.640028803
    0.000000000   -1.745329252   52.587206401  -18.228629664  -14.727500517
    0.196349541   -1.745329252   47.440360640  -33.936338247  -14.978991659
    0.392699082   -1.745329252   39.574937497  -44.904925917  -15.549173161
    0.589048623   -1.745329252   30.511877244  -45.263238111  -16.328006418
    0.785398163   -1.745329252   22.726710522  -31.728020852  -16.940945078
    0.981747704   -1.745329252   18.852333423   -6.249671457  -16.893563423
    1.178097245   -1.745329252   20.582259856   23.803188624  -15.817278171
    1.374446786   -1.745329252   27.857554275   48.646355989  -13.666487732
    1.570796327   -1.745329252   38.836382669   60.626862056  -10.738587897
    1.767145868   -1.745329252   50.655735329   57.296366735   -7.507289249
    1.963495408   -1.745329252   60.512960293   41.435570804   -4.388122410
    2.159844949   -1.745329252   66.480394084   18.719089572   -1.612542704
    2.356194490   -1.745329252   67.806612577   -4.947000694    0.767852084
    2.552544031   -1.745329252   64.790490451  -24.840307387    2.774262567
    2.748893572   -1.745329252   58.511333726  -37.766786073    4.425263146
    2.945243113   -1.745329252   50.540871590  -41.928687863    5.707595627

   -3.141592654   -1.396263402   42.214690049  -37.844147795    4.426771060
   -2.945243113   -1.396263402   35.852010259  -26.188699054    4.212611511
   -2.748893572   -1.396263402   32.170961667  -11.243666853    3.574629422
   -2.552544031   -1.396263402   31.345162144    2.171167275    2.530886453
   -2.356194490   -1.396263402   32.680354033   10.353449169    1.048822887
   -2.159844949   -1.396263402   34.984679588   12.096612253   -0.945928000
   -1.963495408   -1.396263402   37.102419307    8.881022527   -3.519757491
   -1.767145868   -1.396263402   38.351102188    3.822804236   -6.640270502
   -1.570796327   -1.396263402   38.693929939    0.119843708  -10.100611039
   -1.374446786   -1.396263402   38.621261091   -0.209303984  -13.514526592
   -1.178097245   -1.396263402   38.846891901    3.030156098  -16.402395636
   -0.981747704   -1.396263402   39.950858362    8.359094791  -18.344179146
   -0.785398163   -1.396263402   42.100847951   13.163869940  -19.122664040
   -0.589048623   -1.396263402   44.911440991   14.620385665  -18.784202604
   -0.392699082   -1.396263402   47.490544662   10.539331841  -17.623505005
   -0.196349541   -1.396263402   48.639648515    0.083835156  -16.074858418
    0.000000000   -1.396263402   47.187327482  -15.540444085  -14.601769164
    0.196349541   -1.396263402   42.444182986  -32.588045520  -13.553323062
    0.392699082   -1.396263402   34.694917619  -45.042308571  -13.057245332
    0.589048623   -1.396263402   25.493857603  -46.402418900  -12.968580725
    0.785398163   -1.396263402   17.464931164  -32.888692930  -12.921773122
    0.981747704   -1.396263402   13.451588205   -6.347665874  -12.488177083
    1.178097245   -1.396263402   15.329522215   25.469125578  -11.380981633
    1.374446786   -1.396263402   23.113164099   52.093479976   -9.580875967
    1.570796327   -1.396263402   34.898018241   65.242340899   -7.317675813
    1.767145868   -1.396263402   47.665772520   62.184810697   -4.924941856
    1.963495408   -1.396263402   58.442398124   45.796162410   -2.668770348
    2.159844949   -1.396263402   65.172485616   22.074749661   -0.679456798
    2.356194490   -1.396263402   67.044499690   -2.751122539    1.022187821
    2.552544031   -1.396263402   64.350879711  -23.725972663    2.430853569
    2.748893572   -1.396263402   58.200619648  -37.526559681    3.508924822
    2.945243113   -1.396263402   50.214017592  -42.284323301    4.190342608

   -3.141592654   -1.047197551   40.623604589  -40.693138891    4.447565034
   -2.945243113   -1.047197551   33.687884176  -29.109253636    3.527492916
   -2.748893572   -1.047197551   29.455990618  -13.900709140    1.982683377
   -2.552544031   -1.047197551   28.138913412   -0.207381654   -0.082402559
   -2.356194490   -1.047197551   29.008866012    7.912583115   -2.593195817
   -2.159844949   -1.047197551   30.784290421    9.063240008   -5.540317008
   -1.963495408   -1.047197551   32.214872931    4.886153002   -8.929783390
   -1.767145868   -1.047197551   32.589145886   -1.018850261  -12.654522464
   -1.570796327   -1.047197551   31.951584003   -4.864875603  -16.390392469
   -1.374446786   -1.047197551   30.973234690   -4.257769462  -19.614095717
   -1.178097245   -1.047197551   30.582326077    0.942010992  -21.762233052
   -0.981747704   -1.047197551   31.518972187    8.780610684  -22.453460638
   -0.785398163   -1.047197551   33.993529645   15.974698532  -21.644028798
   -0.589048623   -1.047197551   37.535961217   19.101060387  -19.632839961
   -0.392699082   -1.047197551   41.074284980   15.642908105  -16.956071222
   -0.196349541   -1.047197551   43.197318344    4.729372630  -14.196070650
    0.000000000   -1.047197551   42.542216879  -12.172725122  -11.819853855
    0.196349541   -1.047197551   38.301366373  -30.854412242  -10.044318346
    0.392699082   -1.047197551   30.744499301  -44.738355016   -8.803448544
    0.589048623   -1.047197551   21.516721635  -46.837376055   -7.827146938
    0.785398163   -1.047197551   13.405221886  -33.148610789   -6.805729923
    0.981747704   -1.047197551    9.425023708   -5.661491035   -5.556241714
    1.178097245   -1.047197551   11.562677836   27.431266404   -4.100668037
    1.374446786   -1.047197551   19.845351359   55.137130307   -2.606028477
    1.570796327   -1.047197551   32.290289973   68.805627940   -1.254182914
    1.767145868   -1.047197551   45.755574271   65.621563841   -0.124767168
    1.963495408   -1.047197551   57.151419685   48.593615735    0.835111208
    2.159844949   -1.047197551   64.342219102   23.935376352    1.742386217
    2.356194490   -1.047197551   66.475196471   -1.970015900    2.678605166
    2.552544031   -1.047197551   63.824361747  -24.073094233    3.603949100
    2.748893572   -1.047197551   57.497602247  -38.959164475    4.352542709
    2.945243113   -1.047197551   49.137572159  -44.608311240    4.696992523

   -3.141592654   -0.698131701   40.890820208  -43.115190572    2.757423377
   -2.945243113   -0.698131701   33.379584068  -32.505618839    0.821872522
   -2.748893572   -0.698131701   28.408793659  -17.974750906   -1.760481026
   -2.552544031   -0.698131701   26.247399893   -4.704077086   -4.758403486
   -2.356194490   -0.698131701   26.200086617    3.061492193   -7.993203879
   -2.159844949   -0.698131701   26.981880950    3.779783654  -11.399777648
   -1.963495408   -0.698131701   27.332833940   -0.795652026  -14.945772149
   -1.767145868   -0.698131701   26.582975361   -6.675311738  -18.452113301
   -1.570796327   -0.698131701   24.905936907   -9.622293644  -21.482901395
   -1.374446786   -0.698131701   23.168180090   -7.068128650  -23.430517634
   -1.178097245   -0.698131701   22.482717639    0.831298465  -23.779400812
   -0.981747704   -0.698131701   23.675341958   11.448042802  -22.379118136
   -0.785398163   -0.698131701   26.897721948   20.768329478  -19.544755194
   -0.589048623   -0.698131701   31.498875618   24.879886233  -15.922508371
   -0.392699082   -0.698131701   36.167085584   21.183320450  -12.237647581
   -0.196349541   -0.698131701   39.274022056    9.090257806   -9.028729430
    0.000000000   -0.698131701   39.322820200   -9.379877853   -6.501663549
    0.196349541   -0.698131701   35.491564330  -29.388482231   -4.507912286
    0.392699082   -0.698131701   28.148872016  -43.882606017   -2.677679549
    0.589048623   -0.698131701   19.098900680  -45.762436152   -0.667554796
    0.785398163   -0.698131701   11.267892349  -31.327945185    1.598821441
    0.981747704   -0.698131701    7.723508943   -3.099798791    3.849284623
    1.178097245   -0.698131701   10.403656463   30.291884767    5.611805419
    1.374446786   -0.698131701   19.231337340   57.738304562    6.511750974
    1.570796327   -0.698131701   32.130177157   70.792601253    6.495621738
    1.767145868   -0.698131701   45.921392992   66.973868621    5.853469640
    1.963495408   -0.698131701   57.537511365   49.525867579    5.044674088
    2.159844949   -0.698131701   64.890571896   24.685789479    4.461318730
    2.356194490   -0.698131701   67.160037132   -1.339704504    4.262742157
    2.552544031   -0.698131701   64.607871349  -23.746799614    4.329673644
    2.748893572   -0.698131701   58.287288248  -39.285809470    4.337861244
    2.945243113   -0.698131701   49.771049434  -45.917907647    3.906734124

   -3.141592654   -0.349065850   41.500358073  -46.688313152    0.999660008
   -2.945243113   -0.349065850   33.154595874  -37.353563108   -1.491070205
   -2.748893572   -0.349065850   27.148374934  -23.565538869   -4.521843792
   -2.552544031   -0.349065850   23.861612544  -10.500687513   -7.789780304
   -2.356194490   -0.349065850   22.681193887   -2.660911619  -11.061838881
   -2.159844949   -0.349065850   22.350761089   -1.825199528  -14.245620108
   -1.963495408   -0.349065850   21.620385775   -6.155097684  -17.285993894
   -1.767145868   -0.349065850   19.883079913  -11.238194776  -19.965460015
   -1.570796327   -0.349065850   17.466919419  -12.402832815  -21.809468186
   -1.374446786   -0.349065850   15.442365118   -7.074505480  -22.229526718
   -1.178097245   -0.349065850   15.067986223    3.999149701  -20.851218999
   -0.981747704   -0.349065850   17.157644686   17.250890899  -17.792354512
   -0.785398163   -0.349065850   21.674065562   27.893672234  -13.683502748
   -0.589048623   -0.349065850   27.676301182   31.782736982   -9.403508359
   -0.392699082   -0.349065850   33.577044552   26.694125090   -5.709120608
   -0.196349541   -0.349065850   37.588567697   12.789409524   -2.939394088
    0.000000000   -0.349065850   38.212898565   -7.097435306   -0.926520434
    0.196349541   -0.349065850   34.766923379  -27.565839883    0.877223251
    0.392699082   -0.349065850   27.823127760  -41.500897485    3.091887970
    0.589048623   -0.349065850   19.345161028  -42.301970741    6.025149712
    0.785398163   -0.349065850   12.281402374  -27.104950578    9.416596124
    0.981747704   -0.349065850    9.563517056    0.883959997   12.496483657
    1.178097245   -0.349065850   12.909801310   32.927520506   14.377351449
    1.374446786   -0.349065850   22.068456832   58.439095805   14.548692766
    1.570796327   -0.349065850   34.926634142   69.778464266   13.138788870
    1.767145868   -0.349065850   48.414945252   65.066571802   10.805858784
    1.963495408   -0.349065850   59.647449914   47.663787389    8.365782896
    2.159844949   -0.349065850   66.692574984   23.467347708    6.423633301
    2.356194490   -0.349065850   68.793326377   -1.879425915    5.180349008
    2.552544031   -0.349065850   66.165392664  -24.089928890    4.446556573
    2.748893572   -0.349065850   59.736550505  -40.173641815    3.790298422
    2.945243113   -0.349065850   50.936454913  -48.009431233    2.745730753

   -3.141592654    0.000000000   41.517650760  -50.720731088   -1.015490962
   -2.945243113    0.000000000   32.271992501  -42.395849369   -3.444584093
   -2.748893572    0.000000000   25.218870257  -29.076452434   -6.153620906
   -2.552544031    0.000000000   20.849661271  -15.938303588   -8.881839461
   -2.356194490    0.000000000   18.634704991   -7.733842058  -11.458993957
   -2.159844949    0.000000000   17.351942794   -6.438599992  -13.839610523
   -1.963495408    0.000000000   15.775273818  -10.097710857  -15.976583003
   -1.767145868    0.000000000   13.375619009  -13.904968913  -17.637955160
   -1.570796327    0.000000000   10.635117338  -12.881265075  -18.362300073
   -1.374446786    0.000000000    8.795809891   -4.636203717  -17.650134381
   -1.178097245    0.000000000    9.193257756    9.336040695  -15.296532373
   -0.981747704    0.000000000   12.542645073   24.515397687  -11.612238440
   -0.785398163    0.000000000   18.547047676   35.509450202   -7.353989439
   -0.589048623    0.000000000   25.951825166   38.245514443   -3.389045976
   -0.392699082    0.000000000   32.934677003   31.194201226   -0.301302524
   -0.196349541    0.000000000   37.643871870   15.501111100    1.849525009
    0.000000000    0.000000000   38.704893305   -5.143714040    3.524851025
    0.196349541    0.000000000   35.682945810  -24.977630219    5.458116658
    0.392699082    0.000000000   29.400445881  -37.256827262    8.258430527
    0.589048623    0.000000000   21.928492782  -36.411949431   12.009149648
    0.785398163    0.000000000   16.091769899  -20.792897944   16.096448680
    0.981747704    0.000000000   14.501682818    5.727288820   19.417561816
    1.178097245    0.000000000   18.520508961   34.747592956   20.921788996
    1.374446786    0.000000000   27.695776275   56.836350579   20.157666811
    1.570796327    0.000000000   39.966308679   65.630396311   17.478189451
    1.767145868    0.000000000   52.517283226   59.945280943   13.804625339
    1.963495408    0.000000000   62.772499951   43.029000230   10.140339350
    2.159844949    0.000000000   69.025610296   20.095401224    7.164734512
    2.356194490    0.000000000   70.591089295   -4.022000204    5.066361056
    2.552544031    0.000000000   67.613971132  -25.640673116    3.620877492
    2.748893572    0.000000000   60.868311527  -41.992701213    2.386535452
    2.945243113    0.000000000   51.624434213  -50.802109232    0.927693018

   -3.141592654    0.349065850   42.215467297  -53.151918458   -1.358199000
   -2.945243113    0.349065850   32.408860373  -45.631342020   -2.842428606
   -2.748893572    0.349065850   24.661243795  -32.844444495   -4.400854092
   -2.552544031    0.349065850   19.529003722  -19.882469161   -5.939988429
   -2.356194490    0.349065850   16.545086908  -11.581938594   -7.415652870
   -2.159844949    0.349065850   14.534445407   -9.960035055   -8.820921868
   -1.963495408    0.349065850   12.327120062  -12.914462421  -10.081514508
   -1.767145868    0.349065850    9.493967513  -15.379330119  -10.953303627
   -1.570796327    0.349065850    6.655778063  -12.295439343  -11.050506870
   -1.374446786    0.349065850    5.168807780   -1.628814744  -10.036682699
   -1.178097245    0.349065850    6.370972620   14.391853916   -7.870820711
   -0.981747704    0.349065850   10.827837339   30.513459960   -4.912305191
   -0.785398163    0.349065850   17.988284677   41.069677378   -1.786703172
   -0.589048623    0.349065850   26.353355119   42.361774533    0.919679114
   -0.392699082    0.349065850   33.981101654   33.695154521    2.958261959
   -0.196349541    0.349065850   39.077816846   17.133697471    4.535959559
    0.000000000    0.349065850   40.481053007   -3.052158847    6.224897659
    0.196349541    0.349065850   38.024517228  -21.137670321    8.671014983
    0.392699082    0.349065850   32.720384089  -31.143397191   12.223184164
    0.589048623    0.349065850   26.623784162  -28.751889404   16.623488011
    0.785398163    0.349065850   22.295211190  -13.476332317   20.966239150
    0.981747704    0.349065850   21.921517160   10.444762085   24.017973348
    1.178097245    0.349065850   26.476732700   35.344289048   24.793405621
    1.374446786    0.349065850   35.346860158   53.256461543   23.040882070
    1.570796327    0.349065850   46.604966534   59.210299075   19.339465299
    1.767145868    0.349065850   57.777587149   52.660258468   14.764517521
    1.963495408    0.349065850   66.664233132   36.605414245   10.369860452
    2.159844949    0.349065850   71.822898265   15.445947972    6.816330184
    2.356194490    0.349065850   72.658268832   -6.864006294    4.266049376
    2.552544031    0.349065850   69.254848021  -27.272657897    2.515200586
    2.748893572    0.349065850   62.239022165  -43.256688051    1.198307026
    2.945243113    0.349065850   52.719869844  -52.444218587   -0.024376104

   -3.141592654    0.698131701   43.198443876  -53.622242555   -1.546192427
   -2.945243113    0.698131701   33.256401624  -46.551375855   -1.690792249
   -2.748893572    0.698131701   25.273660784  -34.312572486   -1.764211431
   -2.552544031    0.698131701   19.802180542  -21.846632598   -1.912041814
   -2.356194490    0.698131701   16.395826316  -13.882158982   -2.246653442
   -2.159844949    0.698131701   13.922815094  -12.308916817   -2.792260366
   -1.963495408    0.698131701   11.283908988  -14.876555237   -3.436790614
   -1.767145868    0.698131701    8.147154972  -16.420120077   -3.939611321
   -1.570796327    0.698131701    5.233502257  -11.970224444   -4.020510609
   -1.374446786    0.698131701    3.956703844    0.160595403   -3.498310405
   -1.178097245    0.698131701    5.626573001   17.261030737   -2.397434750
   -0.981747704    0.698131701   10.693333142   33.718788495   -0.935999303
   -0.785398163    0.698131701   18.453443618   43.872018235    0.606543632
   -0.589048623    0.698131701   27.296798633   44.427900016    2.064907402
   -0.392699082    0.698131701   35.275658242   35.302393994    3.514862179
   -0.196349541    0.698131701   40.707203151   19.105093241    5.261733975
    0.000000000    0.698131701   42.616839579    0.292990673    7.720354367
    0.196349541    0.698131701   41.013009083  -15.740519769   11.180144705
    0.392699082    0.698131701   36.964762699  -23.869144783   15.557638644
    0.589048623    0.698131701   32.386810880  -20.850321641   20.243783801
    0.785398163    0.698131701   29.508855251   -6.967825277   24.196731101
    0.981747704    0.698131701   30.110695310   13.599123714   26.307886856
    1.178097245    0.698131701   34.864551834   34.161225115   25.900046804
    1.374446786    0.698131701   43.101475399   48.179815367   23.053878310
    1.570796327    0.698131701   53.104063998   51.825185820   18.556958827
    1.767145868    0.698131701   62.759982323   44.904211318   13.513199718
    1.963495408    0.698131701   70.218361180   30.008056070    8.870257051
    2.159844949    0.698131701   74.262047054   10.739605777    5.154684649
    2.356194490    0.698131701   74.363669694   -9.676747311    2.464147275
    2.552544031    0.698131701   70.558828969  -28.645475512    0.649043123
    2.748893572    0.698131701   63.365149623  -43.799338113   -0.509139913
    2.945243113    0.698131701   53.772681281  -52.731902639   -1.194244474

   -3.141592654    1.047197551   41.640446513  -53.942015669   -5.570579291
   -2.945243113    1.047197551   31.711645719  -46.118019226   -5.013067790
   -2.748893572    1.047197551   23.862819265  -33.438332606   -4.035332976
   -2.552544031    1.047197551   18.573213990  -20.933527009   -2.958043553
   -2.356194490    1.047197551   15.320315577  -13.274486030   -2.056217981
   -2.159844949    1.047197551   12.924081088  -12.132056551   -1.465678887
   -1.963495408    1.047197551   10.287552897  -14.984731102   -1.159881998
   -1.767145868    1.047197551    7.127919923  -16.485488689   -1.008484436
   -1.570796327    1.047197551    4.232467723  -11.680461661   -0.871746456
   -1.374446786    1.047197551    3.059560512    0.923501575   -0.666729892
   -1.178097245    1.047197551    4.918799490   18.389351099   -0.367541482
   -0.981747704    1.047197551   10.226724565   35.014377052    0.054015138
   -0.785398163    1.047197551   18.249949705   45.261167969    0.691762206
   -0.589048623    1.047197551   27.390586730   46.130156733    1.719320699
   -0.392699082    1.047197551   35.774409852   37.822958035    3.365622501
   -0.196349541    1.047197551   41.832827487   23.069511731    5.834487156
    0.000000000    1.047197551   44.699832692    6.114328116    9.224530170
    0.196349541    1.047197551   44.414616442   -8.220255942   13.409866408
    0.392699082    1.047197551   41.937305066  -15.621071267   17.943491813
    0.589048623    1.047197551   38.916154102  -13.560911438   22.048402024
    0.785398163    1.047197551   37.219108892   -2.518222244   24.790102470
    0.981747704    1.047197551   38.301603810   13.916160198   25.408498580
    1.178097245    1.047197551   42.693285542   30.248563958   23.661538295
    1.374446786    1.047197551   49.831397649   41.166882502   19.954855993
    1.570796327    1.047197551   58.297803493   43.503529928   15.156453925
    1.767145868    1.047197551   66.330811624   36.919925669   10.209636510
    1.963495408    1.047197551   72.339932051   23.323753524    5.773201276
    2.159844949    1.047197551   75.220479812    5.560038452    2.112113409
    2.356194490    1.047197551   74.435214276  -13.582606122   -0.794132613
    2.552544031    1.047197551   69.963644200  -31.568662740   -3.029675577
    2.748893572    1.047197551   62.280108425  -45.870170026   -4.607772938
    2.945243113    1.047197551   52.364829994  -53.934578105   -5.466512899

   -3.141592654    1.396263402   37.253155642  -53.970273403  -10.562012048
   -2.945243113    1.396263402   27.514290392  -44.210826465  -10.078888918
   -2.748893572    1.396263402   20.181139159  -30.224092036   -8.803661557
   -2.552544031    1.396263402   15.581085087  -17.268411116   -7.063515171
   -2.356194490    1.396263402   13.027858168   -9.917531817   -5.199111235
   -2.159844949    1.396263402   11.221535953   -9.524756549   -3.453660854
   -1.963495408    1.396263402    9.011109508  -13.252912783   -1.940871587
   -1.767145868    1.396263402    6.109289695  -15.576902748   -0.692657125
   -1.570796327    1.396263402    3.320142369  -11.488118112    0.277574650
   -1.374446786    1.396263402    2.127933784    0.566919776    0.962030463
   -1.178097245    1.396263402    3.889281997   17.814201214    1.404042255
   -0.981747704    1.396263402    9.107026759   34.772587237    1.754811682
   -0.785398163    1.396263402   17.171404034   46.026479778    2.277308452
   -0.589048623    1.396263402   26.612280866   48.502845979    3.272561207
   -0.392699082    1.396263402   35.648825617   42.116033657    4.992095809
   -0.196349541    1.396263402   42.736114888   29.209189304    7.541809341
    0.000000000    1.396263402   46.950945850   13.580976558   10.833843414
    0.196349541    1.396263402   48.186150471   -0.397601926   14.535020861
    0.392699082    1.396263402   47.171801475   -8.789315920   18.067192761
    0.589048623    1.396263402   45.274936172   -9.166939750   20.693547606
    0.785398163    1.396263402   44.107327594   -1.637526026   21.727340784
    0.981747704    1.396263402   44.990224739   11.051596602   20.799576238
    1.178097245    1.396263402   48.507382931   24.404906972   18.043340122
    1.374446786    1.396263402   54.320490914   33.769736023   14.057456628
    1.570796327    1.396263402   61.302901572   35.988007375    9.640176868
    1.767145868    1.396263402   67.925154545   30.139996422    5.455116245
    1.963495408    1.396263402   72.690474613   17.405105303    1.806629633
    2.159844949    1.396263402   74.467945268    0.178170773   -1.329553095
    2.356194490    1.396263402   72.653768816  -18.695510861   -4.113839044
    2.552544031    1.396263402   67.211837755  -36.274548658   -6.608745354
    2.748893572    1.396263402   58.687394282  -49.609126093   -8.685229371
    2.945243113    1.396263402   48.189167384  -56.021841030  -10.080261623

   -3.141592654    1.745329252   31.654326693  -54.939924945  -15.283467963
   -2.945243113    1.745329252   21.943877794  -42.968931707  -15.074288180
   -2.748893572    1.745329252   15.043818802  -27.158272442  -13.700381362
   -2.552544031    1.745329252   11.165350200  -13.126903300  -11.433831027
   -2.356194490    1.745329252    9.462878605   -5.524062418   -8.627146212
   -2.159844949    1.745329252    8.487798456   -5.542612090   -5.594515214
   -1.963495408    1.745329252    6.982505623  -10.103771532   -2.571480889
   -1.767145868    1.745329252    4.598983057  -13.466557163    0.248351090
   -1.570796327    1.745329252    2.119870069  -10.427018744    2.673068305
   -1.374446786    1.745329252    1.050079808    0.810392190    4.536384437
   -1.178097245    1.745329252    2.819998432   17.761265135    5.781246226
   -0.981747704    1.745329252    8.058740866   35.166498544    6.530330959
   -0.785398163    1.745329252   16.306552414   47.599060687    7.071186163
   -0.589048623    1.745329252   26.214253876   51.723516780    7.740772349
   -0.392699082    1.745329252   36.051295684   47.004568505    8.802702589
   -0.196349541    1.745329252   44.228644771   35.311325249   10.335881642
    0.000000000    1.745329252   49.691740216   20.019524680   12.203806336
    0.196349541    1.745329252   52.131035764    5.222054441   14.047352905
    0.392699082    1.745329252   52.040411242   -5.187515922   15.355302106
    0.589048623    1.745329252   50.575170750   -8.472424588   15.613567356
    0.785398163    1.745329252   49.233608213   -4.067774970   14.513618994
    0.981747704    1.745329252   49.375722961    6.103829164   12.117090666
    1.178097245    1.745329252   51.771508557   18.160075500    8.864607117
    1.374446786    1.745329252   56.340607880   27.529990015    5.390876470
    1.570796327    1.745329252   62.173086105   30.593669285    2.233039170
    1.767145868    1.745329252   67.832961086   25.686355464   -0.387411265
    1.963495408    1.745329252   71.778997407   13.406240119   -2.611531803
    2.159844949    1.745329252   72.762442749   -4.000826547   -4.772252511
    2.356194490    1.745329252   70.079882972  -23.364898504   -7.147115336
    2.552544031    1.745329252   63.688542933  -41.183718049   -9.747654382
    2.748893572    1.745329252   54.233605741  -54.023300796  -12.282365173
    2.945243113    1.745329252   42.990422056  -59.044598449  -14.276127141

   -3.141592654    2.094395102   25.642901503  -56.458956000  -16.923688727
   -2.945243113    2.094395102   15.853662685  -42.241634074  -17.002776393
   -2.748893572    2.094395102    9.307369621  -24.350504627  -15.709204010
   -2.552544031    2.094395102    6.144284744   -8.755213557  -13.189540123
   -2.356194490    2.094395102    5.401781689   -0.225569439   -9.749381599
   -2.159844949    2.094395102    5.509624176    0.099006417   -5.743644073
   -1.963495408    2.094395102    5.104936602   -4.611351539   -1.516207323
   -1.767145868    2.094395102    3.749610303   -8.554860348    2.595651076
   -1.570796327    2.094395102    2.147999771   -6.450272377    6.250034427
   -1.374446786    2.094395102    1.751784703    3.687282047    9.141717367
   -1.178097245    2.094395102    3.988279244   19.683035107   11.094679608
   -0.981747704    2.094395102    9.545666468   36.576237815   12.136453007
   -0.785398163    2.094395102   18.065861526   49.039684170   12.486935893
   -0.589048623    2.094395102   28.294964630   53.593403971   12.446641185
   -0.392699082    2.094395102   38.549977753   49.360308912   12.272586387
   -0.196349541    2.094395102   47.214643962   37.835450132   12.064378102
    0.000000000    2.094395102   53.139562344   22.074808640   11.733265861
    0.196349541    2.094395102   55.872687157    6.028489545   11.018948265
    0.392699082    2.094395102   55.761632929   -6.285347280    9.606727188
    0.589048623    2.094395102   53.870889568  -11.692964445    7.312040135
    0.785398163    2.094395102   51.717251644   -8.990408890    4.253068063
    0.981747704    2.094395102   50.802273886    0.457104094    0.886608978
    1.178097245    2.094395102   52.113592253   12.943979623   -2.154548635
    1.374446786    2.094395102   55.773034805   23.564235932   -4.354745830
    1.570796327    2.094395102   60.967900365   28.028349515   -5.567274647
    1.767145868    2.094395102   66.221249668   23.977270259   -6.069814563
    1.963495408    2.094395102   69.841952499   11.649002844   -6.419740444
    2.159844949    2.094395102   70.406314388   -6.611454019   -7.182017315
    2.356194490    2.094395102   67.097052901  -27.129853578   -8.683925827
    2.552544031    2.094395102   59.876486532  -45.752638207  -10.878945628
    2.748893572    2.094395102   49.512869231  -58.533649646  -13.375550368
    2.945243113    2.094395102   37.474174018  -62.465705519  -15.584098004

   -3.141592654    2.443460953   20.051174522  -58.189883352  -11.031111759
   -2.945243113    2.443460953   10.122867924  -41.888046721  -10.545651919
   -2.748893572    2.443460953    3.861944037  -21.824209348   -8.996466804
   -2.552544031    2.443460953    1.390271434   -4.305149249   -6.458055694
   -2.356194490    2.443460953    1.676200830    5.717610849   -3.108167738
   -2.159844949    2.443460953    3.057680414    7.043411512    0.838977036
   -1.963495408    2.443460953    4.071873107    2.802893784    5.139137727
   -1.767145868    2.443460953    4.170266663   -1.268314519    9.467445905
   -1.570796327    2.443460953    3.934217650    0.065274280   13.392000671
   -1.374446786    2.443460953    4.693998243    8.866394582   16.443466293
   -1.178097245    2.443460953    7.787429622   23.202409394   18.270072403
   -0.981747704    2.443460953   13.871390821   38.444747678   18.774307318
   -0.785398163    2.443460953   22.617760871   49.524685120   18.133598428
   -0.589048623    2.443460953   32.836488537   53.052007726   16.680479944
   -0.392699082    2.443460953   42.906727254   48.033238466   14.744428022
   -0.196349541    2.443460953   51.236396781   35.726422500   12.509187272
    0.000000000    2.443460953   56.651530628   18.933246848    9.977451885
    0.196349541    2.443460953   58.638967618    1.526453237    7.018229087
    0.392699082    2.443460953   57.498949172  -12.241878847    3.514619521
    0.589048623    2.443460953   54.326830319  -18.658317617   -0.445507480
    0.785398163    2.443460953   50.787814124  -15.919954484   -4.457892906
    0.981747704    2.443460953   48.623118846   -5.123917927   -7.878277215
    1.178097245    2.443460953   49.057775105    9.713181019  -10.085815107
    1.374446786    2.443460953   52.337380957   22.883439638  -10.794719854
    1.570796327    2.443460953   57.598118304   29.205402535  -10.207956102
    1.767145868    2.443460953   63.162521883   25.741489108   -8.923266063
    1.963495408    2.443460953   67.077468521   12.693975449   -7.669039288
    2.159844949    2.443460953   67.699562819   -7.157153465   -7.020005173
    2.356194490    2.443460953   64.105556764  -29.452856946   -7.222109441
    2.552544031    2.443460953   56.288813893  -49.373581378   -8.159328650
    2.748893572    2.443460953   45.160133289  -62.525657928   -9.442194575
    2.945243113    2.443460953   32.388237308  -65.770144524  -10.558047142

   -3.141592654    2.792526803   17.535560451  -58.318729510    1.146749213
   -2.945243113    2.792526803    7.704300802  -40.735791262    2.772751444
   -2.748893572    2.792526803    1.812959884  -19.207864496    4.632909616
   -2.552544031    2.792526803    0.000000000   -0.229594443    6.694147171
   -2.356194490    2.792526803    1.218770207   11.107353271    9.023888753
   -2.159844949    2.792526803    3.766734054   13.477725341   11.759143635
   -1.963495408    2.792526803    6.112758880    9.843730783   14.969675621
   -1.767145868    2.792526803    7.601430500    5.725087268   18.486117466
   -1.570796327    2.792526803    8.667388498    6.192228458   21.833237606
   -1.374446786    2.792526803   10.479149222   13.340652495   24.352059970
   -1.178097245    2.792526803   14.244050555   25.516918607   25.464749958
   -0.981747704    2.792526803   20.560166077   38.515343585   24.917462161
   -0.785398163    2.792526803   29.120337143   47.616714365   22.854436745
   -0.589048623    2.792526803   38.803819533   49.573154990   19.690723612
   -0.392699082    2.792526803   48.064937341   43.303867064   15.894936313
   -0.196349541    2.792526803   55.356231011   29.885281659   11.794375758
    0.000000000    2.792526803   59.515890372   11.987278975    7.508485958
    0.196349541    2.792526803   60.035893654   -6.439360816    3.016384018
    0.392699082    2.792526803   57.263076192  -20.793541353   -1.666653656
    0.589048623    2.792526803   52.426162349  -26.866109734   -6.295363392
    0.785398163    2.792526803   47.412528124  -22.506258299  -10.333638542
    0.981747704    2.792526803   44.211861328   -8.926917709  -13.109111395
    1.178097245    2.792526803   44.220493519    9.192162247  -14.130776227
    1.374446786    2.792526803   47.690691518   25.202934603  -13.372610976
    1.570796327    2.792526803   53.590937376   33.164772673  -11.309400600
    1.767145868    2.792526803   59.973556735   29.889371652   -8.695071332
    1.963495408    2.792526803   64.621072709   15.862691722   -6.226385599
    2.159844949    2.792526803   65.716502350   -5.543729725   -4.305253070
    2.356194490    2.792526803   62.284935260  -29.361689397   -2.980372930
    2.552544031    2.792526803   54.372592771  -50.334604424   -2.045598636
    2.748893572    2.792526803   43.006526877  -63.862275547   -1.197058529
    2.945243113    2.792526803   29.992771708  -66.791062703   -0.176861650
