#! FIELDS phi psi file.free der_phi der_psi
#! SET min_phi -pi
#! SET max_phi pi
#! SET nbins_phi  32
#! SET periodic_phi true
#! SET min_psi -pi
#! SET max_psi pi
#! SET nbins_psi  18
#! SET periodic_psi true
   -3.141592654   -3.141592654   18.740510830  -54.671366809   17.315176308
   -2.945243113   -3.141592654    9.774581370  -35.876465873   19.801309528
   -2.748893572   -3.141592654    4.823345631  -14.791222414   21.325013363
   -2.552544031   -3.141592654    3.737474362    2.642691845   22.075775889
   -2.356194490   -3.141592654    5.370261503   12.551773540   22.563588987
   -2.159844949   -3.141592654    8.153295146   14.652898852   23.436604637
   -1.963495408   -3.141592654   10.819939142   12.109560859   25.180634587
   -1.767145868   -3.141592654   12.927922086    9.790790456   27.834138720
   -1.570796327   -3.141592654   14.952736990   11.750623314   30.895506100
   -1.374446786   -3.141592654   17.922871416   19.374260904   33.497335958
   -1.178097245   -3.141592654   22.825777230   30.884472501   34.756455176
   -0.981747704   -3.141592654   30.065078265   42.435074579   34.100315997
   -0.785398163   -3.141592654   39.220018066   49.687238097   31.405215159
   -0.589048623   -3.141592654   49.104473310   49.466748577   26.929977138
   -0.392699082   -3.141592654   58.086960564   40.435213906   21.141443658
   -0.196349541   -3.141592654   64.474269200   23.382493456   14.557049972
    0.000000000   -3.141592654   66.936806143    1.108523746    7.660938569
    0.196349541   -3.141592654   64.889197015  -21.617004267    0.905870535
    0.392699082   -3.141592654   58.824216477  -38.792481276   -5.245135739
    0.589048623   -3.141592654   50.404716211  -44.796983067  -10.285711639
    0.785398163   -3.141592654   42.172354441  -36.781517988  -13.726070347
    0.981747704   -3.141592654   36.787691150  -16.514683909  -15.243989711
    1.178097245   -3.141592654   36.085711235    9.552201908  -14.853944108
    1.374446786   -3.141592654   40.342536952   32.493032497  -12.951367711
    1.570796327   -3.141592654   48.129556461   44.493845131  -10.149019944
    1.767145868   -3.141592654   56.836569311   41.632218651   -7.011261737
    1.963495408   -3.141592654   63.569535678   24.946449318   -3.834884461
    2.159844949   -3.141592654   66.047380400   -0.650777797   -0.630113841
    2.356194490   -3.141592654   63.178479750  -28.329637003    2.745442927
    2.552544031   -3.141592654   55.232020133  -51.339764630    6.392864513
    2.748893572   -3.141592654   43.664343149  -64.556113385   10.238378291
    2.945243113   -3.141592654   30.697493748  -65.459794543   14.009536153

   -3.141592654   -2.792526803   26.641453050  -49.756939699   25.297707713
   -2.945243113   -2.792526803   18.428273998  -33.169090328   27.714486344
   -2.748893572   -2.792526803   13.797442059  -14.160632381   28.806380811
   -2.552544031   -2.792526803   12.691266824    1.989057821   28.885739966
   -2.356194490   -2.792526803   14.171627222   11.882296279   28.594799133
   -2.159844949   -2.792526803   16.929889656   15.254885978   28.667491976
   -1.963495408   -2.792526803   19.906033069   14.707468915   29.599402896
   -1.767145868   -2.792526803   22.707655801   14.126343583   31.373936225
   -1.570796327   -2.792526803   25.657846487   16.568891189   33.407329820
   -1.374446786   -2.792526803   29.473747039   22.861059235   34.766485483
   -1.178097245   -2.792526803   34.785983003   31.334148788   34.548277775
   -0.981747704   -2.792526803   41.723118217   38.817773412   32.225062092
   -0.785398163   -2.792526803   49.752137078   41.904251180   27.791416360
   -0.589048623   -2.792526803   57.753334023   38.256283784   21.697392289
   -0.392699082   -2.792526803   64.300761812   27.098472632   14.640742832
   -0.196349541   -2.792526803   67.984983431    9.450038402    7.360719447
    0.000000000   -2.792526803   67.775526995  -11.941234876    0.487094333
    0.196349541   -2.792526803   63.354900269  -32.559988381   -5.498500278
    0.392699082   -2.792526803   55.422531699  -46.752112008  -10.238963339
    0.589048623   -2.792526803   45.775858801  -49.288427584  -13.456531806
    0.785398163   -2.792526803   37.009375238  -37.754919337  -14.968730005
    0.981747704   -2.792526803   31.745728503  -14.410482080  -14.761831816
    1.178097245   -2.792526803   31.688369906   13.852302248  -13.071632439
    1.374446786   -2.792526803   36.916713182   37.929285646  -10.357850858
    1.570796327   -2.792526803   45.808600662   50.211869877   -7.129038814
    1.767145868   -2.792526803   55.633011084   47.294342695   -3.732874556
    1.963495408   -2.792526803   63.482654032   30.721016010   -0.229718809
    2.159844949   -2.792526803   67.137976923    5.632641529    3.531634035
    2.356194490   -2.792526803   65.575513949  -21.301435575    7.725257248
    2.552544031   -2.792526803   59.072395205  -43.740646675   12.351118729
    2.748893572   -2.792526803   49.006471917  -56.996677727   17.148232152
    2.945243113   -2.792526803   37.450362358  -58.809508480   21.642411175

   -3.141592654   -2.443460953   34.881303297  -45.003788471   22.190266534
   -2.945243113   -2.443460953   27.404185539  -30.443936605   24.137066504
   -2.748893572   -2.443460953   23.123986502  -13.230230115   25.003785972
   -2.552544031   -2.443460953   22.082542647    1.880766697   25.052170782
   -2.356194490   -2.443460953   23.523957124   11.768098785   24.750487664
   -2.159844949   -2.443460953   26.334128563   16.002733956   24.593495892
   -1.963495408   -2.443460953   29.567944393   16.555083451   24.871328113
   -1.767145868   -2.443460953   32.796023467   16.450992917   25.493585688
   -1.570796327   -2.443460953   36.144919187   18.054604334   25.977859932
   -1.374446786   -2.443460953   40.045596681   22.012180887   25.633450851
   -1.178097245   -2.443460953   44.867422147   27.079505426   23.851138464
   -0.981747704   -2.443460953   50.606574837   30.915015678   20.358836892
   -0.785398163   -2.443460953   56.772120666   31.008766646   15.319299670
   -0.589048623   -2.443460953   62.442155765   25.663761239    9.261776053
   -0.392699082   -2.443460953   66.476122477   14.357898285    2.888414206
   -0.196349541   -2.443460953   67.760496316   -2.045210696   -3.117233639
    0.000000000   -2.443460953   65.500238854  -21.210307678   -8.250920129
    0.196349541   -2.443460953   59.520897103  -39.123240664  -12.229505208
    0.392699082   -2.443460953   50.573876163  -50.528440171  -14.955798670
    0.589048623   -2.443460953   40.447962025  -50.424997949  -16.426854129
    0.785398163   -2.443460953   31.696072421  -36.515110203  -16.671695644
    0.981747704   -2.443460953   26.876803984  -11.193365215  -15.748254363
    1.178097245   -2.443460953   27.598614843   18.472353530  -13.801880007
    1.374446786   -2.443460953   33.817106426   43.299206705  -11.090107214
    1.570796327   -2.443460953   43.791839059   55.811256884   -7.915533810
    1.767145868   -2.443460953   54.721521486   52.961803072   -4.511128038
    1.963495408   -2.443460953   63.704090102   36.643045307   -0.946637274
    2.159844949   -2.443460953   68.574398528   12.128879463    2.831307474
    2.356194490   -2.443460953   68.358207881  -14.099059066    6.883962873
    2.552544031   -2.443460953   63.321871297  -36.087945737   11.144775847
    2.748893572   -2.443460953   54.753670545  -49.530301284   15.369746371
    2.945243113   -2.443460953   44.579126587  -52.347847325   19.181315983

   -3.141592654   -2.094395102   41.000944911  -40.987627372   12.924541949
   -2.945243113   -2.094395102   34.173982339  -27.861425578   14.093905608
   -2.748893572   -2.094395102   30.262839946  -12.017818883   14.739325711
   -2.552544031   -2.094395102   29.351819212    2.076944564   14.995797947
   -2.356194490   -2.094395102   30.774250056   11.464766100   15.019274915
   -2.159844949   -2.094395102   33.511765039   15.608384101   14.913912407
   -1.963495408   -2.094395102   36.664084749   16.077865606   14.656517062
   -1.767145868   -2.094395102   39.751312895   15.367661665   14.066345381
   -1.570796327   -2.094395102   42.756484515   15.480581358   12.854673926
   -1.374446786   -2.094395102   45.934852325   17.126532343   10.749229578
   -1.178097245   -2.094395102   49.539583684   19.587128518    7.630100748
   -0.981747704   -2.094395102   53.583424427   21.287851411    3.613899069
   -0.785398163   -2.094395102   57.738178160   20.390409950   -0.958573996
   -0.589048623   -2.094395102   61.341975292   15.475601785   -5.605207435
   -0.392699082   -2.094395102   63.522698713    5.853205826   -9.835466134
   -0.196349541   -2.094395102   63.366599005   -8.140338860  -13.259521177
    0.000000000   -2.094395102   60.159527102  -24.786096658  -15.694073721
    0.196349541   -2.094395102   53.696233692  -40.565067912  -17.173325469
    0.392699082   -2.094395102   44.627200117  -50.421766364  -17.888610872
    0.589048623   -2.094395102   34.632312640  -49.254467843  -18.047292710
    0.785398163   -2.094395102   26.194010469  -34.500489123  -17.743255088
    0.981747704   -2.094395102   21.850406748   -8.351282792  -16.915404155
    1.178097245   -2.094395102   23.211800085   22.141963386  -15.437975561
    1.374446786   -2.094395102   30.223665347   47.684218079  -13.254780807
    1.570796327   -2.094395102   41.112858396   60.699682407  -10.453509121
    1.767145868   -2.094395102   53.037729297   58.187292139   -7.237421743
    1.963495408   -2.094395102   63.075196570   42.158139349   -3.823534803
    2.159844949   -2.094395102   69.060525745   17.971905855   -0.387673204
    2.356194490   -2.094395102   70.023947536   -7.951230962    2.947976613
    2.552544031   -2.094395102   66.211153016  -29.829551562    6.069470372
    2.748893572   -2.094395102   58.852632743  -43.549735859    8.852929657
    2.945243113   -2.094395102   49.785808558  -47.132052726   11.169354052

   -3.141592654   -1.745329252   43.554720209  -38.506967685    4.641608900
   -2.945243113   -1.745329252   37.158771993  -25.986475892    5.166423299
   -2.748893572   -1.745329252   33.543783160  -10.901437653    5.534769438
   -2.552544031   -1.745329252   32.768051462    2.325275549    5.698154976
   -2.356194490   -1.745329252   34.150352188   10.801258852    5.518362395
   -2.159844949   -1.745329252   36.664467128   13.982121537    4.810108635
   -1.963495408   -1.745329252   39.392747082   13.354875565    3.396991318
   -1.767145868   -1.745329252   41.820077820   11.332461992    1.177311609
   -1.570796327   -1.745329252   43.889359445    9.970538421   -1.819893952
   -1.374446786   -1.745329252   45.844664978   10.222213866   -5.405339797
   -1.178097245   -1.745329252   47.990684139   11.745923735   -9.248562270
   -0.981747704   -1.745329252   50.466703825   13.319157290  -12.941598142
   -0.785398163   -1.745329252   53.124732916   13.284219289  -16.087359654
   -0.589048623   -1.745329252   55.493409879   10.129029595  -18.375935193
   -0.392699082   -1.745329252   56.846465688    2.833449195  -19.648508482
   -0.196349541   -1.745329252   56.333865436   -8.788451743  -19.920100694
    0.000000000   -1.745329252   53.196378016  -23.550023328  -19.407969230
    0.196349541   -1.745329252   47.090884076  -38.316961465  -18.481764682
    0.392699082   -1.745329252   38.485043189  -48.084361728  -17.555623191
    0.589048623   -1.745329252   28.905720873  -47.410137514  -16.912774466
    0.785398163   -1.745329252   20.776305984  -33.146968838  -16.561453107
    0.981747704   -1.745329252   16.688528004   -6.991043906  -16.218374133
    1.178097245   -1.745329252   18.370936470   24.146686755  -15.466368183
    1.374446786   -1.745329252   25.875294682   50.723156334  -13.986232494
    1.570796327   -1.745329252   37.463397053   64.729006903  -11.723073299
    1.767145868   -1.745329252   50.248451403   62.836388514   -8.895144555
    1.963495408   -1.745329252   61.221226854   46.951124553   -5.863547718
    2.159844949   -1.745329252   68.131245916   22.545894357   -2.987334623
    2.356194490   -1.745329252   69.955429927   -3.782353185   -0.512490615
    2.552544031   -1.745329252   66.918876375  -26.093592491    1.445906142
    2.748893572   -1.745329252   60.254360866  -40.213982554    2.894904961
    2.945243113   -1.745329252   51.804604324  -44.187548827    3.919345032

   -3.141592654   -1.396263402   41.985133645  -38.901220735    2.673483460
   -2.945243113   -1.396263402   35.545666016  -26.025312883    2.552261423
   -2.748893572   -1.396263402   31.954542998  -10.667484101    2.336569757
   -2.552544031   -1.396263402   31.218511772    2.394679824    1.918502931
   -2.356194490   -1.396263402   32.546099011   10.052991907    1.054991346
   -2.159844949   -1.396263402   34.777496038   11.750031811   -0.544961642
   -1.963495408   -1.396263402   36.883394423    9.208579046   -3.091023094
   -1.767145868   -1.396263402   38.305592854    5.288935579   -6.577945890
   -1.570796327   -1.396263402   39.044700908    2.605981014  -10.721530487
   -1.374446786   -1.396263402   39.507871321    2.593411992  -15.003250109
   -1.178097245   -1.396263402   40.234828557    5.134848485  -18.811388977
   -0.981747704   -1.396263402   41.609748598    8.878544753  -21.613880783
   -0.785398163   -1.396263402   43.671734222   11.724842635  -23.087686229
   -0.589048623   -1.396263402   46.030726101   11.550058350  -23.157939019
   -0.392699082   -1.396263402   47.918866373    6.737573617  -21.985036154
   -0.196349541   -1.396263402   48.338918110   -3.390726897  -19.906398698
    0.000000000   -1.396263402   46.305566491  -17.924307552  -17.398133776
    0.196349541   -1.396263402   41.221223345  -33.736946620  -14.979079722
    0.392699082   -1.396263402   33.331854549  -45.469690338  -13.083455875
    0.589048623   -1.396263402   24.048196950  -46.980178144  -11.911003276
    0.785398163   -1.396263402   15.834031459  -34.275107425  -11.344233725
    0.981747704   -1.396263402   11.471679840   -8.432640147  -10.997742163
    1.178097245   -1.396263402   12.951568271   23.714136225  -10.408905084
    1.374446786   -1.396263402   20.544527796   52.121006164   -9.253482658
    1.570796327   -1.396263402   32.595530927   67.969168171   -7.478010036
    1.767145868   -1.396263402   46.145174010   67.217597616   -5.284599157
    1.963495408   -1.396263402   58.006357238   51.433513105   -2.999929435
    2.159844949   -1.396263402   65.728326065   26.203368812   -0.940119469
    2.356194490   -1.396263402   68.143536437   -1.471479307    0.688406744
    2.552544031   -1.396263402   65.423318126  -25.148647658    1.801395479
    2.748893572   -1.396263402   58.838364486  -40.262120428    2.427753508
    2.945243113   -1.396263402   50.327235639  -44.665007968    2.671205599

   -3.141592654   -1.047197551   39.269864213  -41.651142669    4.493843998
   -2.945243113   -1.047197551   32.344489332  -28.170085102    3.426720745
   -2.748893572   -1.047197551   28.406814611  -12.073305517    2.113701972
   -2.552544031   -1.047197551   27.440843618    1.350408107    0.544967430
   -2.356194490   -1.047197551   28.537126469    8.589548591   -1.432372750
   -2.159844949   -1.047197551   30.368047027    9.008309752   -4.056178699
   -1.963495408   -1.047197551   31.765702089    4.710538240   -7.499030834
   -1.767145868   -1.047197551   32.145675334   -0.719338997  -11.682891253
   -1.570796327   -1.047197551   31.634396056   -3.903429128  -16.183438439
   -1.374446786   -1.047197551   30.887412470   -2.973818197  -20.303433328
   -1.178097245   -1.047197551   30.727653072    1.860555380  -23.297612200
   -0.981747704   -1.047197551   31.755657716    8.689681152  -24.632755146
   -0.785398163   -1.047197551   34.092654424   14.659197189  -24.152183931
   -0.589048623   -1.047197551   37.287001210   16.965457867  -22.081156270
   -0.392699082   -1.047197551   40.395662177   13.547661030  -18.927564264
   -0.196349541   -1.047197551   42.184587808    3.517877406  -15.317380141
    0.000000000   -1.047197551   41.414350822  -12.159814207  -11.850912557
    0.196349541   -1.047197551   37.270128912  -30.038099504   -8.956773126
    0.392699082   -1.047197551   29.871510775  -44.164908202   -6.806444590
    0.589048623   -1.047197551   20.637158983  -47.657267473   -5.311746993
    0.785398163   -1.047197551   12.177765906  -35.893289806   -4.218504200
    0.981747704   -1.047197551    7.511641753   -9.712717380   -3.246420633
    1.178097245   -1.047197551    8.861784569   23.787349870   -2.207670819
    1.374446786   -1.047197551   16.639284928   53.918376166   -1.038069273
    1.570796327   -1.047197551   29.189635284   71.139610125    0.231949582
    1.767145868   -1.047197551   43.430127678   70.915222844    1.531685462
    1.963495408   -1.047197551   55.989209740   54.684254250    2.783822321
    2.159844949   -1.047197551   64.240651062   28.246142704    3.905617603
    2.356194490   -1.047197551   66.904205135   -1.014217860    4.806017089
    2.552544031   -1.047197551   64.117813717  -26.240614719    5.379511824
    2.748893572   -1.047197551   57.194449509  -42.529016028    5.534410473
    2.945243113   -1.047197551   48.170802803  -47.504826133    5.227661285

   -3.141592654   -0.698131701   39.360821896  -44.931346708    4.114031605
   -2.945243113   -0.698131701   31.758902778  -31.724818104    1.725058368
   -2.748893572   -0.698131701   27.115785752  -15.687788244   -0.906099016
   -2.552544031   -0.698131701   25.429449518   -2.417790077   -3.618693010
   -2.356194490   -0.698131701   25.740070301    4.275172293   -6.438128612
   -2.159844949   -0.698131701   26.632483760    3.708556024   -9.544325354
   -1.963495408   -0.698131701   26.882121669   -1.642433208  -13.081562489
   -1.767145868   -0.698131701   25.954997549   -7.516478577  -16.912163257
   -1.570796327   -0.698131701   24.163864598   -9.899265397  -20.506682772
   -1.374446786   -0.698131701   22.437452287   -6.727215695  -23.083461241
   -1.178097245   -0.698131701   21.851195506    1.383034411  -23.944947257
   -0.981747704   -0.698131701   23.130394735   11.680408496  -22.803859831
   -0.785398163   -0.698131701   26.344336168   20.424960417  -19.912182966
   -0.589048623   -0.698131701   30.839875012   24.206375048  -15.933555891
   -0.392699082   -0.698131701   35.393873161   20.790111245  -11.679966966
   -0.196349541   -0.698131701   38.499235786    9.508587115   -7.828675868
    0.000000000   -0.698131701   38.718846950   -8.134586113   -4.741438646
    0.196349541   -0.698131701   35.165231185  -27.991173560   -2.400102292
    0.392699082   -0.698131701   28.021852061  -43.468012706   -0.498128580
    0.589048623   -0.698131701   18.870726521  -47.346456879    1.340073122
    0.785398163   -0.698131701   10.508657070  -35.108126409    3.314915211
    0.981747704   -0.698131701    6.083018487   -8.036720945    5.331608758
    1.178097245   -0.698131701    7.846687825   26.264173964    7.082388100
    1.374446786   -0.698131701   16.157405528   56.785719534    8.277176279
    1.570796327   -0.698131701   29.270969297   73.934918859    8.831211170
    1.767145868   -0.698131701   44.024432757   73.298128975    8.897808826
    1.963495408   -0.698131701   56.994414142   56.459156909    8.739603781
    2.159844949   -0.698131701   65.524864712   29.296374538    8.556277510
    2.356194490   -0.698131701   68.314164883   -0.802851932    8.375208078
    2.552544031   -0.698131701   65.476944106  -26.983199137    8.044684884
    2.748893572   -0.698131701   58.308656384  -44.278017207    7.326729021
    2.945243113   -0.698131701   48.849719975  -50.158030964    6.028688322

   -3.141592654   -0.349065850   40.434423042  -49.967845056    3.035865374
   -2.945243113   -0.349065850   31.768198279  -37.413735132   -0.266407550
   -2.748893572   -0.349065850   25.994482298  -21.420054902   -3.685425972
   -2.552544031   -0.349065850   23.208575609   -7.864435371   -6.947259493
   -2.356194490   -0.349065850   22.472323326   -0.985435793   -9.992893350
   -2.159844949   -0.349065850   22.323823766   -1.676553680  -12.957814531
   -1.963495408   -0.349065850   21.496402605   -7.182754232  -15.956139324
   -1.767145868   -0.349065850   19.512123584  -12.574581747  -18.809703022
   -1.570796327   -0.349065850   16.874303348  -13.227474562  -20.953660449
   -1.374446786   -0.349065850   14.773067762   -7.035496348  -21.640641950
   -1.178097245   -0.349065850   14.480672459    4.701830158  -20.351444530
   -0.981747704   -0.349065850   16.735660181   18.126270149  -17.134030842
   -0.785398163   -0.349065850   21.408001058   28.541429667  -12.649910414
   -0.589048623   -0.349065850   27.510826970   32.161772512   -7.894923088
   -0.392699082   -0.349065850   33.481677797   27.068008991   -3.782867207
   -0.196349541   -0.349065850   37.589469058   13.399516183   -0.794993617
    0.000000000   -0.349065850   38.353715480   -6.360498378    1.161282964
    0.196349541   -0.349065850   35.023184005  -27.275038176    2.652358561
    0.392699082   -0.349065850   28.027202249  -42.473845887    4.407269725
    0.589048623   -0.349065850   19.184159166  -45.109692143    6.906494540
    0.785398163   -0.349065850   11.401480360  -31.513281823   10.080680875
    0.981747704   -0.349065850    7.761506164   -3.815381433   13.312410266
    1.178097245   -0.349065850   10.326316344   30.017021652   15.772345532
    1.374446786   -0.349065850   19.255798497   59.242942373   16.883458250
    1.570796327   -0.349065850   32.704360032   74.918210094   16.598957072
    1.767145868   -0.349065850   47.535570419   73.204110920   15.351818360
    1.963495408   -0.349065850   60.430465059   55.880191168   13.746303630
    2.159844949   -0.349065850   68.833516344   28.609484280   12.234424451
    2.356194490   -0.349065850   71.476710000   -1.646295370   10.936530874
    2.552544031   -0.349065850   68.426097672  -28.397356979    9.661547604
    2.748893572   -0.349065850   60.881571047  -46.771517424    8.069608673
    2.945243113   -0.349065850   50.801765670  -54.003529708    5.880801821

   -3.141592654    0.000000000   41.178925823  -56.032463982    1.079426796
   -2.945243113    0.000000000   31.265370634  -43.911578322   -2.269722608
   -2.748893572    0.000000000   24.232401390  -27.634799946   -5.511501824
   -2.552544031    0.000000000   20.291969625  -13.372771545   -8.384198008
   -2.356194490    0.000000000   18.543970664   -5.812944393  -10.849100993
   -2.159844949    0.000000000   17.494743960   -6.051385306  -13.049115789
   -1.963495408    0.000000000   15.852452165  -11.049693469  -15.082732904
   -1.767145868    0.000000000   13.208096617  -15.265574081  -16.756181827
   -1.570796327    0.000000000   10.247695504  -13.622743330  -17.540247044
   -1.374446786    0.000000000    8.375573328   -4.206243214  -16.822814543
   -1.178097245    0.000000000    8.968038823   10.795712211  -14.318597258
   -0.981747704    0.000000000   12.656985605   26.368527653  -10.340938713
   -0.785398163    0.000000000   19.006445565   37.042866388   -5.739369925
   -0.589048623    0.000000000   26.646472525   39.051809861   -1.525737008
   -0.392699082    0.000000000   33.714646408   31.265175167    1.582101610
   -0.196349541    0.000000000   38.382757808   15.028518356    3.458065096
    0.000000000    0.000000000   39.310075151   -6.054709544    4.597328321
    0.196349541    0.000000000   36.057734860  -26.480052629    5.862639759
    0.392699082    0.000000000   29.397507035  -39.670520562    8.055062962
    0.589048623    0.000000000   21.348947950  -39.874103596   11.469507850
    0.785398163    0.000000000   14.764709724  -24.816847982   15.673013933
    0.981747704    0.000000000   12.432315677    2.452996198   19.655282085
    1.178097245    0.000000000   16.032768412   34.051403356   22.319347017
    1.374446786    0.000000000   25.457077888   60.218780428   23.017117634
    1.570796327    0.000000000   38.821823741   73.252009109   21.809859209
    1.767145868    0.000000000   53.161721063   70.094122202   19.335586621
    1.963495408    0.000000000   65.407507937   52.551572279   16.410755595
    2.159844949    0.000000000   73.194847107   25.714434102   13.652504373
    2.356194490    0.000000000   75.310569435   -4.190282472   11.274703295
    2.552544031    0.000000000   71.747788385  -31.189649946    9.121446776
    2.748893572    0.000000000   63.573569287  -50.492072097    6.854965757
    2.945243113    0.000000000   52.640114182  -58.996666919    4.191655103

   -3.141592654    0.349065850   42.729719236  -60.489607477    0.618443307
   -2.945243113    0.349065850   31.902358141  -48.673052734   -1.596355785
   -2.748893572    0.349065850   23.939908321  -32.259613359   -3.597102516
   -2.552544031    0.349065850   19.131456637  -17.553241281   -5.293366799
   -2.356194490    0.349065850   16.611262086   -9.498064414   -6.732543318
   -2.159844949    0.349065850   14.883553966   -9.265440029   -8.035247504
   -1.963495408    0.349065850   12.671736943  -13.560547171   -9.223422788
   -1.767145868    0.349065850    9.653380137  -16.424956316  -10.077789720
   -1.570796327    0.349065850    6.665975453  -12.612868921  -10.175163004
   -1.374446786    0.349065850    5.245837303   -0.605367424   -9.131161515
   -1.178097245    0.349065850    6.770581511   16.533340245   -6.895580331
   -0.981747704    0.349065850   11.691378277   32.904281862   -3.876587886
   -0.785398163    0.349065850   19.264208900   42.702448317   -0.785020216
   -0.589048623    0.349065850   27.821820143   42.608987213    1.719578513
   -0.392699082    0.349065850   35.356235692   32.519097221    3.371614481
   -0.196349541    0.349065850   40.114665185   14.932848951    4.434173162
    0.000000000    0.349065850   41.028968282   -5.776366097    5.594993220
    0.196349541    0.349065850   38.016445010  -24.063608596    7.641434002
    0.392699082    0.349065850   32.129684488  -34.157158187   11.059022054
    0.589048623    0.349065850   25.445286641  -31.695175859   15.703683769
    0.785398163    0.349065850   20.589841092  -15.780204976   20.742207846
    0.981747704    0.349065850   19.916724190    9.907743220   24.935909038
    1.178097245    0.349065850   24.655638258   37.950817392   27.176975282
    1.374446786    0.349065850   34.428568439   59.888813015   26.970077277
    1.570796327    0.349065850   47.364017488   69.438502999   24.596150269
    1.767145868    0.349065850   60.741336754   64.401413836   20.890679511
    1.963495408    0.349065850   71.823196919   46.632491600   16.810530091
    2.159844949    0.349065850   78.519019884   20.624184191   13.068157832
    2.356194490    0.349065850   79.742999345   -8.206088472    9.953508657
    2.552544031    0.349065850   75.467133678  -34.540354735    7.389839913
    2.748893572    0.349065850   66.646035567  -53.843175582    5.114760802
    2.945243113    0.349065850   55.010300326  -62.853959819    2.885483967

   -3.141592654    0.698131701   44.519287093  -62.315925448    0.458662816
   -2.945243113    0.698131701   33.308925779  -50.732949440    0.091673798
   -2.748893572    0.698131701   24.919691172  -34.524525293   -0.067299144
   -2.552544031    0.698131701   19.652741861  -19.935380242   -0.195841516
   -2.356194490    0.698131701   16.660541349  -11.895440695   -0.459193843
   -2.159844949    0.698131701   14.473949661  -11.496485496   -0.942188030
   -1.963495408    0.698131701   11.866452267  -15.288744411   -1.584463306
   -1.767145868    0.698131701    8.595063682  -17.195979024   -2.177160501
   -1.570796327    0.698131701    5.581884177  -12.067095271   -2.454249795
   -1.374446786    0.698131701    4.400988453    1.239488111   -2.243339852
   -1.178097245    0.698131701    6.376237744   19.150124251   -1.571578701
   -0.981747704    0.698131701   11.817007352   35.432718010   -0.642828922
   -0.785398163    0.698131701   19.812213286   44.382923434    0.311937297
   -0.589048623    0.698131701   28.593156120   43.232987639    1.214208913
   -0.392699082    0.698131701   36.184917625   32.628980563    2.244488352
   -0.196349541    0.698131701   41.006644594   15.693676312    3.795811041
    0.000000000    0.698131701   42.244752742   -3.033499097    6.327324392
    0.196349541    0.698131701   40.045025429  -18.446357783   10.127119220
    0.392699082    0.698131701   35.545339116  -25.766574948   15.089586272
    0.589048623    0.698131701   30.682971371  -21.839552771   20.590864955
    0.785398163    0.698131701   27.730590351   -6.657414291   25.583882907
    0.981747704    0.698131701   28.587459331   16.034944312   28.924737323
    1.178097245    0.698131701   34.110013819   39.677397063   29.819788417
    1.374446786    0.698131701   43.776414400   57.194129896   28.141070706
    1.570796327    0.698131701   55.841182676   63.549761338   24.438469457
    1.767145868    0.698131701   67.897174082   57.143771454   19.657198182
    1.963495408    0.698131701   77.561687288   39.692012540   14.743388215
    2.159844949    0.698131701   83.017046748   15.033755240   10.373795424
    2.356194490    0.698131701   83.304127512  -12.172100905    6.861806157
    2.552544031    0.698131701   78.386740564  -37.192943552    4.241348805
    2.748893572    0.698131701   69.127634918  -55.753862298    2.398909947
    2.945243113    0.698131701   57.144152101  -64.557495068    1.183896665

   -3.141592654    1.047197551   43.264974561  -62.644354298   -4.514372624
   -2.945243113    1.047197551   32.077508988  -50.204661680   -3.421963901
   -2.748893572    1.047197551   23.846525675  -33.500840738   -2.009702560
   -2.552544031    1.047197551   18.794413851  -18.835289520   -0.671503754
   -2.356194490    1.047197551   15.994405676  -11.081261905    0.325001349
   -2.159844949    1.047197551   13.922676243  -11.149993075    0.894996199
   -1.963495408    1.047197551   11.338930729  -15.370988846    1.103251291
   -1.767145868    1.047197551    8.023644929  -17.527595060    1.067751140
   -1.570796327    1.047197551    4.935285841  -12.484466093    0.870213111
   -1.374446786    1.047197551    3.668282728    0.769776555    0.533952769
   -1.178097245    1.047197551    5.541510013   18.563922898    0.088949486
   -0.981747704    1.047197551   10.855500299   34.743471854   -0.332808127
   -0.785398163    1.047197551   18.725946950   43.873675201   -0.446571863
   -0.589048623    1.047197551   27.473706939   43.533676760    0.132593095
   -0.392699082    1.047197551   35.272469258   34.576626826    1.777496458
   -0.196349541    1.047197551   40.703392950   20.054879443    4.706223126
    0.000000000    1.047197551   43.066288801    4.063807179    8.900801581
    0.196349541    1.047197551   42.501107819   -9.035602677   14.045572606
    0.392699082    1.047197551   39.977722057  -15.329893884   19.517328842
    0.589048623    1.047197551   37.109493405  -12.317420862   24.441670406
    0.785398163    1.047197551   35.767256149   -0.087632527   27.874164966
    0.981747704    1.047197551   37.500777830   18.246602088   29.077412130
    1.178097245    1.047197551   42.999294832   37.284716844   27.791653705
    1.374446786    1.047197551   51.812576555   51.129701078   24.330386459
    1.570796327    1.047197551   62.457124270   55.442034440   19.435535947
    1.767145868    1.047197551   72.857654225   48.627091560   13.981137212
    1.963495408    1.047197551   80.909598616   31.921696838    8.689166160
    2.159844949    1.047197551   84.961050240    8.545346695    4.024310028
    2.356194490    1.047197551   84.110377769  -17.279191708    0.226878600
    2.552544031    1.047197551   78.319588885  -40.997906537   -2.569994308
    2.748893572    1.047197551   68.434235365  -58.335521048   -4.282813381
    2.945243113    1.047197551   56.059239635  -65.965080968   -4.893629536

   -3.141592654    1.396263402   38.207076142  -60.843337898  -10.151265657
   -2.945243113    1.396263402   27.570423307  -46.527157372   -8.698829775
   -2.748893572    1.396263402   20.164909634  -28.945187207   -6.770257288
   -2.552544031    1.396263402   16.009622103  -14.403710260   -4.763120540
   -2.356194490    1.396263402   14.006809191   -7.474265394   -2.938338990
   -2.159844949    1.396263402   12.534631823   -8.672652076   -1.389854294
   -1.963495408    1.396263402   10.321486171  -14.073249105   -0.120767410
   -1.767145868    1.396263402    7.146329570  -17.400938835    0.846554838
   -1.570796327    1.396263402    3.968144339  -13.525937897    1.427527206
   -1.374446786    1.396263402    2.392282374   -1.292220375    1.548024536
   -1.178097245    1.396263402    3.800172949   16.001791706    1.286008144
   -0.981747704    1.396263402    8.639939258   32.661612770    0.959523838
   -0.785398163    1.396263402   16.249673368   43.495611263    1.080438419
   -0.589048623    1.396263402   25.180836655   45.917478563    2.167246816
   -0.392699082    1.396263402   33.763814593   40.192811244    4.544343629
   -0.196349541    1.396263402   40.596056755   28.595322455    8.197037822
    0.000000000    1.396263402   44.840394131   14.456801853   12.764966411
    0.196349541    1.396263402   46.367318505    1.579136453   17.597863313
    0.392699082    1.396263402   45.796860025   -6.365477794   21.878505225
    0.589048623    1.396263402   44.384740544   -6.688476726   24.784190311
    0.785398163    1.396263402   43.728168312    1.176444991   25.693788625
    0.981747704    1.396263402   45.269401383   15.109301643   24.380052010
    1.178097245    1.396263402   49.790701232   30.688078345   21.097161805
    1.374446786    1.396263402   57.090311597   42.563644775   16.483867999
    1.570796327    1.396263402   65.979858081   46.330134028   11.310945159
    1.767145868    1.396263402   74.616458401   39.860142502    6.218956036
    1.963495408    1.396263402   81.010778787   23.820161828    1.571253735
    2.159844949    1.396263402   83.540277647    1.149318349   -2.490761259
    2.356194490    1.396263402   81.317256706  -23.806375479   -5.902566041
    2.552544031    1.396263402   74.366267103  -46.182235609   -8.535920049
    2.748893572    1.396263402   63.648330495  -61.517177805  -10.198072191
    2.945243113    1.396263402   50.887932166  -66.650149663  -10.731535304

   -3.141592654    1.745329252   31.869542370  -59.231035775  -16.060061793
   -2.945243113    1.745329252   21.737324721  -43.113698724  -14.697560425
   -2.748893572    1.745329252   15.114388477  -24.533039579  -12.632127812
   -2.552544031    1.745329252   11.855890970   -9.806186814  -10.184378009
   -2.356194490    1.745329252   10.722791299   -3.292045874   -7.568896617
   -2.159844949    1.745329252   10.000564858   -5.261874161   -4.877933453
   -1.963495408    1.745329252    8.362444169  -11.664068426   -2.174476756
   -1.767145868    1.745329252    5.546220237  -16.185685158    0.393528326
   -1.570796327    1.745329252    2.481921817  -13.578100704    2.577179795
   -1.374446786    1.745329252    0.790785061   -2.332973823    4.149929798
   -1.178097245    1.745329252    1.959090455   14.767390012    5.094403267
   -0.981747704    1.745329252    6.635483757   32.441598248    5.696145828
   -0.785398163    1.745329252   14.402545275   45.479758412    6.459358346
   -0.589048623    1.745329252   24.001971121   50.784145507    7.864729035
   -0.392699082    1.745329252   33.817099796   47.765173098   10.136372589
   -0.196349541    1.745329252   42.323064514   37.839286908   13.108148010
    0.000000000    1.745329252   48.414598380   23.724557771   16.270917767
    0.196349541    1.745329252   51.612487231    9.032944329   18.905860480
    0.392699082    1.745329252   52.195688588   -2.280992635   20.293072504
    0.589048623    1.745329252   51.178553105   -6.806477009   19.927327619
    0.785398163    1.745329252   50.090554769   -2.982865742   17.697569121
    0.981747704    1.745329252   50.501720794    8.003065978   13.943987632
    1.178097245    1.745329252   53.468113177   22.228538451    9.344182792
    1.374446786    1.745329252   59.097559451   34.201953100    4.652162201
    1.570796327    1.745329252   66.428240081   38.877745770    0.412498173
    1.767145868    1.745329252   73.700378854   33.367669615   -3.186257816
    1.963495408    1.745329252   78.883392222   17.899068906   -6.270307246
    2.159844949    1.745329252   80.275435052   -4.542930843   -9.068137141
    2.356194490    1.745329252   76.959110978  -29.185552609  -11.690271557
    2.552544031    1.745329252   69.024838394  -50.691506289  -14.003155605
    2.748893572    1.745329252   57.569190511  -64.389114421  -15.691230430
    2.945243113    1.745329252   44.454688774  -67.313989459  -16.426777831

   -3.141592654    2.094395102   25.255682196  -58.384652740  -18.820778507
   -2.945243113    2.094395102   15.444828950  -40.749139958  -17.810394135
   -2.748893572    2.094395102    9.401523025  -21.078327293  -15.913550950
   -2.552544031    2.094395102    6.893528304   -5.680990889  -13.307118155
   -2.356194490    2.094395102    6.613445411    1.234893399  -10.145279336
   -2.159844949    2.094395102    6.806583986   -0.495856160   -6.542675401
   -1.963495408    2.094395102    6.110625431   -6.888099575   -2.637820845
   -1.767145868    2.094395102    4.202938901  -11.786236845    1.326604393
   -1.570796327    2.094395102    1.930327753   -9.976382568    5.005455947
   -1.374446786    2.094395102    0.852023195    0.314311079    8.067829397
   -1.178097245    2.094395102    2.470350003   16.794245004   10.363799421
   -0.981747704    2.094395102    7.544716628   34.606779474   12.004644640
   -0.785398163    2.094395102   15.817986541   48.571347858   13.289088644
   -0.589048623    2.094395102   26.150594468   55.162240535   14.499606803
   -0.392699082    2.094395102   36.929256230   53.073129084   15.718135678
   -0.196349541    2.094395102   46.489815320   43.061856489   16.735717379
    0.000000000    2.094395102   53.486131445   27.480226407   17.120472392
    0.196349541    2.094395102   57.168778583   10.028816446   16.364173912
    0.392699082    2.094395102   57.608965401   -4.795264930   14.100407431
    0.589048623    2.094395102   55.754748823  -12.716581538   10.306461103
    0.785398163    2.094395102   53.249751229  -11.266378472    5.406700743
    0.981747704    2.094395102   51.930580046   -1.045947133    0.185176750
    1.178097245    2.094395102   53.179492377   14.018717436   -4.487931466
    1.374446786    2.094395102   57.369259859   27.840348457   -8.000017564
    1.570796327    2.094395102   63.650650462   34.500677443  -10.222605508
    1.767145868    2.094395102   70.211573865   30.357064871  -11.493458797
    1.963495408    2.094395102   74.862320538   15.344909692  -12.392498322
    2.159844949    2.094395102   75.736539198   -7.333735545  -13.434491363
    2.356194490    2.094395102   71.832039473  -32.347279042  -14.842613561
    2.552544031    2.094395102   63.272061125  -53.788373718  -16.479530546
    2.748893572    2.094395102   51.273792152  -66.683445575  -17.960007645
    2.945243113    2.094395102   37.841853495  -68.164631876  -18.842465883

   -3.141592654    2.443460953   18.951718355  -58.197680365  -12.670017320
   -2.945243113    2.443460953    9.318810431  -39.138588901  -11.430860408
   -2.748893572    2.443460953    3.726137880  -18.134484573   -9.554730748
   -2.552544031    2.443460953    1.916019476   -1.543892869   -7.115519903
   -2.356194490    2.443460953    2.557674918    6.467729346   -4.144426908
   -2.159844949    2.443460953    3.878780084    5.732911610   -0.630085273
   -1.963495408    2.443460953    4.485841286    0.093408859    3.394965141
   -1.767145868    2.443460953    3.986686773   -4.519750954    7.737667762
   -1.570796327    2.443460953    3.118887314   -3.040972519   12.010708622
   -1.374446786    2.443460953    3.324298225    6.382406038   15.735473155
   -1.178097245    2.443460953    6.026147785   21.744983944   18.532315200
   -0.981747704    2.443460953   11.966978910   38.506440676   20.256169782
   -0.785398163    2.443460953   20.918650912   51.600473372   20.986015452
   -0.589048623    2.443460953   31.765532190   57.345420607   20.875660061
   -0.392699082    2.443460953   42.867407935   54.090565292   19.999256904
   -0.196349541    2.443460953   52.463231316   42.279888452   18.270424992
    0.000000000    2.443460953   59.068423111   24.163886032   15.501361459
    0.196349541    2.443460953   61.809683001    3.721686875   11.534687737
    0.392699082    2.443460953   60.727331170  -13.894355321    6.420256325
    0.589048623    2.443460953   56.891379852  -23.556401856    0.551909730
    0.785398163    2.443460953   52.225538521  -22.110391914   -5.332339759
    0.981747704    2.443460953   48.931326030  -10.029990332  -10.341978063
    1.178097245    2.443460953   48.711300671    8.180552635  -13.755843797
    1.374446786    2.443460953   52.091302506   25.374798128  -15.316003432
    1.570796327    2.443460953   58.159297070   34.591007722  -15.311852646
    1.767145868    2.443460953   64.874056383   31.588154389  -14.412944637
    1.963495408    2.443460953   69.761560123   16.334787343  -13.360588961
    2.159844949    2.443460953   70.730293837   -7.436972101  -12.687026023
    2.356194490    2.443460953   66.681636754  -33.665005645  -12.572962939
    2.552544031    2.443460953   57.780203683  -55.825026276  -12.864095180
    2.748893572    2.443460953   45.376149389  -68.634348888  -13.210013278
    2.945243113    2.443460953   31.632920396  -69.277744023  -13.232507439

   -3.141592654    2.792526803   15.821334068  -57.385326227    1.455121624
   -2.945243113    2.792526803    6.421907147  -37.563906888    3.476044355
   -2.748893572    2.792526803    1.225326875  -15.664783770    5.332583832
   -2.552544031    2.792526803    0.000000000    1.963869101    7.046229370
   -2.356194490    2.792526803    1.446127559   11.174095789    8.851340166
   -2.159844949    2.792526803    3.817761577   11.724659595   11.111709562
   -1.963495408    2.792526803    5.718183735    7.221238930   14.113158909
   -1.767145868    2.792526803    6.693065717    3.254790516   17.832277902
   -1.570796327    2.792526803    7.352915028    4.600651512   21.844688089
   -1.374446786    2.792526803    8.976027197   13.050737923   25.449663500
   -1.178097245    2.792526803   12.835917745   26.787382947   27.948076830
   -0.981747704    2.792526803   19.576073430   41.567647380   28.894225493
   -0.785398163    2.792526803   28.920916344   52.521460656   28.182170857
   -0.589048623    2.792526803   39.727789896   55.986477888   25.951791372
   -0.392699082    2.792526803   50.321748284   50.229128715   22.431637642
   -0.196349541    2.792526803   58.894969274   35.697896364   17.823860121
    0.000000000    2.792526803   63.937656969   14.864670380   12.299618912
    0.196349541    2.792526803   64.621151290   -7.807528237    6.074642845
    0.392699082    2.792526803   61.143470944  -26.521340615   -0.479671982
    0.589048623    2.792526803   54.854904584  -35.597507336   -6.766534455
    0.785398163    2.792526803   48.033474251  -31.734285136  -12.028554120
    0.981747704    2.792526803   43.205371002  -15.862109171  -15.565009596
    1.178097245    2.792526803   42.253536324    6.537459296  -17.012651294
    1.374446786    2.792526803   45.671530777   27.214515748  -16.520823564
    1.570796327    2.792526803   52.325856560   38.453917667  -14.677674941
    1.767145868    2.792526803   59.863999146   35.874430887  -12.240301480
    1.963495408    2.792526803   65.530840026   19.848018563   -9.822121957
    2.159844949    2.792526803   67.063756985   -5.229676789   -7.723378366
    2.356194490    2.792526803   63.322042389  -32.687256906   -5.934740775
    2.552544031    2.792526803   54.526826873  -55.627491097   -4.268170652
    2.748893572    2.792526803   42.130998175  -68.656324365   -2.521002149
    2.945243113    2.792526803   28.402638856  -69.042634287   -0.595430179
