#! FIELDS phi psi file.free der_phi der_psi
#! SET min_phi -pi
#! SET max_phi pi
#! SET nbins_phi  32
#! SET periodic_phi true
#! SET min_psi -pi
#! SET max_psi pi
#! SET nbins_psi  18
#! SET periodic_psi true
   -3.141592654   -3.141592654   20.559170845  -54.377408467   12.725515494
   -2.945243113   -3.141592654   11.249021972  -39.248459233   15.291668092
   -2.748893572   -3.141592654    5.494191876  -19.071212726   17.445489229
   -2.552544031   -3.141592654    3.687779844   -0.056606532   19.158776549
   -2.356194490   -3.141592654    5.039822052   12.441029871   20.626626247
   -2.159844949   -3.141592654    8.010621626   16.473116542   22.175116728
   -1.963495408   -3.141592654   11.090750714   14.213878357   24.041518099
   -1.767145868   -3.141592654   13.496821366   10.491252410   26.144137284
   -1.570796327   -3.141592654   15.426616484    9.990196908   28.014484602
   -1.374446786   -3.141592654   17.776740786   14.837288217   28.968296144
   -1.178097245   -3.141592654   21.528026218   23.798074610   28.428390988
   -0.981747704   -3.141592654   27.160782371   33.292825696   26.202140453
   -0.785398163   -3.141592654   34.376593585   39.264751892   22.549517883
   -0.589048623   -3.141592654   42.181935914   38.992501921   18.025618958
   -0.392699082   -3.141592654   49.244543671   31.720253305   13.209935566
   -0.196349541   -3.141592654   54.270709823   18.620883528    8.480937857
    0.000000000   -3.141592654   56.349003005    2.240913048    3.936620994
    0.196349541   -3.141592654   55.182337513  -13.733598254   -0.503975895
    0.392699082   -3.141592654   51.269745416  -25.028281818   -4.884092827
    0.589048623   -3.141592654   45.921141823  -27.844021538   -8.993466195
    0.785398163   -3.141592654   41.007656272  -20.618610191  -12.321087063
    0.981747704   -3.141592654   38.372086350   -5.283970120  -14.242348357
    1.178097245   -3.141592654   39.135585849   12.969118372  -14.354411549
    1.374446786   -3.141592654   43.234562367   27.665687386  -12.734564515
    1.570796327   -3.141592654   49.440809861   33.869924142   -9.917778694
    1.767145868   -3.141592654   55.854509826   29.769796178   -6.627892557
    1.963495408   -3.141592654   60.543064168   16.728010165   -3.435618632
    2.159844949   -3.141592654   62.043767446   -2.089314693   -0.579968919
    2.356194490   -3.141592654   59.590537233  -22.911189342    2.007227714
    2.552544031   -3.141592654   53.163175113  -41.934663756    4.532064130
    2.748893572   -3.141592654   43.482692808  -55.436666411    7.167221492
    2.945243113   -3.141592654   31.971677377  -60.152457426    9.941961775

   -3.141592654   -2.792526803   26.506101664  -48.655380081   19.172893653
   -2.945243113   -2.792526803   18.207951566  -34.769511952   22.169576521
   -2.748893572   -2.792526803   13.178790191  -16.180725581   24.230084649
   -2.552544031   -2.792526803   11.796221360    1.454354176   25.363166685
   -2.356194490   -2.792526803   13.366601521   13.304256452   25.901763861
   -2.159844949   -2.792526803   16.517601987   17.579326606   26.344886118
   -1.963495408   -2.792526803   19.886558850   16.078856586   27.068706180
   -1.767145868   -2.792526803   22.720118167   12.870620836   28.065760311
   -1.570796327   -2.792526803   25.091771471   11.907912729   28.891697500
   -1.374446786   -2.792526803   27.669277522   15.040308357   28.871018303
   -1.178097245   -2.792526803   31.210885120   21.367209118   27.443915936
   -0.981747704   -2.792526803   36.086472869   28.055984597   24.445046517
   -0.785398163   -2.792526803   42.041318380   31.808667434   20.159134575
   -0.589048623   -2.792526803   48.244503621   30.313427410   15.156154157
   -0.392699082   -2.792526803   53.562486002   22.774238294   10.014296284
   -0.196349541   -2.792526803   56.857921705   10.007609664    5.105606238
    0.000000000   -2.792526803   57.296260573   -5.836830153    0.522964165
    0.196349541   -2.792526803   54.596968773  -21.259304675   -3.806025899
    0.392699082   -2.792526803   49.271290287  -31.836758813   -7.907156550
    0.589048623   -2.792526803   42.695968014  -33.407470447  -11.564850928
    0.785398163   -2.792526803   36.876559064  -24.137746000  -14.299752528
    0.981747704   -2.792526803   33.807793937   -6.090781796  -15.561868145
    1.178097245   -2.792526803   34.691714594   14.964611732  -15.044253733
    1.374446786   -2.792526803   39.411060202   31.843881784  -12.898210226
    1.570796327   -2.792526803   46.567095210   39.184958515   -9.673437099
    1.767145868   -2.792526803   54.055411329   35.279450176   -6.039662852
    1.963495408   -2.792526803   59.802406323   21.972686764   -2.461978570
    2.159844949   -2.792526803   62.309993307    2.969587791    0.936079074
    2.356194490   -2.792526803   60.861368278  -17.675055637    4.301009722
    2.552544031   -2.792526803   55.506861618  -36.213880253    7.839505168
    2.748893572   -2.792526803   47.000506511  -49.233880942   11.629881602
    2.945243113   -2.792526803   36.726035633  -53.858533616   15.522992881

   -3.141592654   -2.443460953   33.141886604  -42.985686472   18.490733167
   -2.945243113   -2.443460953   25.820868279  -30.575965106   21.021218799
   -2.748893572   -2.443460953   21.447808951  -13.694583710   22.600482578
   -2.552544031   -2.443460953   20.405393614    2.523434076   23.250384686
   -2.356194490   -2.443460953   22.102479205   13.660403570   23.257023151
   -2.159844949   -2.443460953   25.315403693   17.952546149   23.034904463
   -1.963495408   -2.443460953   28.788540777   16.760043428   22.894286071
   -1.767145868   -2.443460953   31.759214311   13.465462469   22.844356856
   -1.570796327   -2.443460953   34.165975103   11.497861714   22.568847560
   -1.374446786   -2.443460953   36.483316705   12.671759519   21.599602766
   -1.178097245   -2.443460953   39.322410181   16.567156444   19.582999807
   -0.981747704   -2.443460953   43.031086957   21.075810749   16.474881140
   -0.785398163   -2.443460953   47.466949555   23.495216606   12.553332160
   -0.589048623   -2.443460953   51.991426506   21.699522962    8.272542830
   -0.392699082   -2.443460953   55.656960226   14.667415036    4.041472128
   -0.196349541   -2.443460953   57.441044708    2.739573980    0.077967856
    0.000000000   -2.443460953   56.528766809  -12.362664707   -3.626918594
    0.196349541   -2.443460953   52.599481219  -27.292314056   -7.186089108
    0.392699082   -2.443460953   46.132148391  -37.392635698  -10.627474442
    0.589048623   -2.443460953   38.546002029  -38.025071522  -13.728764142
    0.785398163   -2.443460953   31.979159401  -26.974115540  -16.009678032
    0.981747704   -2.443460953   28.594695904   -6.363384520  -16.918417745
    1.178097245   -2.443460953   29.700031198   17.470833597  -16.132495649
    1.374446786   -2.443460953   35.145676440   36.598501491  -13.769070492
    1.570796327   -2.443460953   43.374166780   45.170948462  -10.340955948
    1.767145868   -2.443460953   52.077767090   41.545804254   -6.496238341
    1.963495408   -2.443460953   59.038476156   28.035631891   -2.703401545
    2.159844949   -2.443460953   62.717655362    8.880737091    0.888151604
    2.356194490   -2.443460953   62.440685492  -11.601579415    4.384553939
    2.552544031   -2.443460953   58.315537556  -29.753389100    7.946914031
    2.748893572   -2.443460953   51.110333368  -42.495233163   11.617892806
    2.945243113   -2.443460953   42.150468921  -47.315842960   15.238521282

   -3.141592654   -2.094395102   38.850430851  -38.482007136   13.008226530
   -2.945243113   -2.094395102   32.289780107  -27.406332320   14.453266366
   -2.748893572   -2.094395102   28.389546927  -12.057965568   15.255473576
   -2.552544031   -2.094395102   27.528551523    2.791268356   15.471186068
   -2.356194490   -2.094395102   29.180691975   13.025628324   15.266350897
   -2.159844949   -2.094395102   32.222358571   16.910508343   14.829152567
   -1.963495408   -2.094395102   35.470660019   15.506806583   14.250827085
   -1.767145868   -2.094395102   38.156339567   11.737292375   13.456094312
   -1.570796327   -2.094395102   40.131455173    8.730458062   12.245938808
   -1.374446786   -2.094395102   41.761815859    8.397418599   10.434468888
   -1.178097245   -2.094395102   43.607913900   10.782081255    7.991289516
   -0.981747704   -2.094395102   46.073011873   14.328163323    5.091574740
   -0.785398163   -2.094395102   49.159366537   16.653785256    2.040892451
   -0.589048623   -2.094395102   52.396609825   15.535014804   -0.862169651
   -0.392699082   -2.094395102   54.950571896    9.536928116   -3.462276127
   -0.196349541   -2.094395102   55.819193760   -1.511698953   -5.785613770
    0.000000000   -2.094395102   54.120656197  -16.205279535   -8.009498624
    0.196349541   -2.094395102   49.437890432  -31.173811448  -10.326865936
    0.392699082   -2.094395102   42.194793914  -41.372847003  -12.788528823
    0.589048623   -2.094395102   33.854249136  -41.595561882  -15.171778668
    0.785398163   -2.094395102   26.700950523  -29.202491136  -16.984836075
    0.981747704   -2.094395102   23.086943224   -6.348578554  -17.645879787
    1.178097245   -2.094395102   24.450478874   20.085538458  -16.774035617
    1.374446786   -2.094395102   30.637769753   41.415092791  -14.408829281
    1.570796327   -2.094395102   39.953876352   51.253371085  -11.000475722
    1.767145868   -2.094395102   49.895903496   47.940208213   -7.179558976
    1.963495408   -2.094395102   58.092865715   34.181970007   -3.454698744
    2.159844949   -2.094395102   62.946127581   14.713733950   -0.058688018
    2.356194490   -2.094395102   63.800424397   -5.877090650    3.022289585
    2.552544031   -2.094395102   60.804291819  -23.969420525    5.884365717
    2.748893572   -2.094395102   54.736590254  -36.734097264    8.567619769
    2.945243113   -2.094395102   46.878908077  -41.931701775   10.994384593

   -3.141592654   -1.745329252   42.136586780  -36.223079175    7.249975604
   -2.945243113   -1.745329252   35.937671005  -26.022543028    7.591470861
   -2.748893572   -1.745329252   32.213096766  -11.665861997    7.524028434
   -2.552544031   -1.745329252   31.333154644    2.223078735    7.097471574
   -2.356194490   -1.745329252   32.792283377   11.660468754    6.358070363
   -2.159844949   -1.745329252   35.501993794   14.916073588    5.321277522
   -1.963495408   -1.745329252   38.301924777   12.928309301    3.953081399
   -1.767145868   -1.745329252   40.416981267    8.482876195    2.193100286
   -1.570796327   -1.745329252   41.678636438    4.715491688    0.025283831
   -1.374446786   -1.745329252   42.453036543    3.740160199   -2.445188679
   -1.178097245   -1.745329252   43.352245597    5.888797544   -4.968523286
   -0.981747704   -1.745329252   44.880290499    9.779673700   -7.218311301
   -0.785398163   -1.745329252   47.151488244   12.971876255   -8.922780895
   -0.589048623   -1.745329252   49.772158664   12.942718942   -9.978294243
   -0.392699082   -1.745329252   51.913541707    7.879279374  -10.504651756
   -0.196349541   -1.745329252   52.510214269   -2.719962332  -10.790847579
    0.000000000   -1.745329252   50.568898116  -17.566850006  -11.202993650
    0.196349541   -1.745329252   45.563489510  -33.146271622  -12.030221910
    0.392699082   -1.745329252   37.865586189  -43.988577295  -13.346949681
    0.589048623   -1.745329252   28.988064241  -44.311597267  -14.917370069
    0.785398163   -1.745329252   21.370974130  -31.025680945  -16.226236428
    0.981747704   -1.745329252   17.571634219   -6.273504482  -16.663691319
    1.178097245   -1.745329252   19.182836508   22.552555391  -15.805757936
    1.374446786   -1.745329252   26.072592901   45.991188498  -13.627248037
    1.570796327   -1.745329252   36.424435775   57.044789355  -10.507599192
    1.767145868   -1.745329252   47.538773473   53.935813138   -7.026993847
    1.963495408   -1.745329252   56.872512481   39.686345600   -3.690834322
    2.159844949   -1.745329252   62.737285491   19.508651303   -0.776406141
    2.356194490   -1.745329252   64.470950954   -1.689323255    1.661790101
    2.552544031   -1.745329252   62.252669872  -20.212595680    3.665366290
    2.748893572   -1.745329252   56.886910825  -33.346582793    5.272055249
    2.945243113   -1.745329252   49.651772100  -39.007611284    6.474607790

   -3.141592654   -1.396263402   42.257563546  -37.222011336    5.171758571
   -2.945243113   -1.396263402   35.837708939  -27.248395118    4.883711474
   -2.748893572   -1.396263402   31.863668611  -12.974485478    4.123760456
   -2.552544031   -1.396263402   30.717418748    0.795415334    2.947910228
   -2.356194490   -1.396263402   31.868972074    9.908834207    1.390927709
   -2.159844949   -1.396263402   34.178244683   12.538425230   -0.553359803
   -1.963495408   -1.396263402   36.428199966    9.676925922   -2.912091027
   -1.767145868   -1.396263402   37.815296769    4.346527866   -5.658849178
   -1.570796327   -1.396263402   38.204246922    0.056466769   -8.630032749
   -1.374446786   -1.396263402   38.068997645   -0.723198777  -11.498278395
   -1.178097245   -1.396263402   38.181761921    2.484020784  -13.842480183
   -0.981747704   -1.396263402   39.203481431    8.108803681  -15.297956986
   -0.785398163   -1.396263402   41.338450129   13.244853836  -15.707217718
   -0.589048623   -1.396263402   44.178782784   14.801778144  -15.181759071
   -0.392699082   -1.396263402   46.778099823   10.531851846  -14.072608968
   -0.196349541   -1.396263402   47.893296306   -0.255681539  -12.838796723
    0.000000000   -1.396263402   46.345087122  -16.146805526  -11.917880715
    0.196349541   -1.396263402   41.473268398  -33.241354960  -11.579684884
    0.392699082   -1.396263402   33.611784095  -45.487777047  -11.835281724
    0.589048623   -1.396263402   24.357408811  -46.486017311  -12.412460638
    0.785398163   -1.396263402   16.339289242  -32.736980762  -12.842329183
    0.981747704   -1.396263402   12.343145938   -6.418367036  -12.643750132
    1.178097245   -1.396263402   14.133485671   24.553242737  -11.539951068
    1.374446786   -1.396263402   21.618279203   49.951383503   -9.576417171
    1.570796327   -1.396263402   32.877768111   62.156934909   -7.075184424
    1.767145868   -1.396263402   45.026210893   59.192846579   -4.456277414
    1.963495408   -1.396263402   55.337493822   44.277971847   -2.039689324
    2.159844949   -1.396263402   62.000730177   23.009108264    0.033982329
    2.356194490   -1.396263402   64.304330245    0.613136230    1.766153914
    2.552544031   -1.396263402   62.425983089  -19.031279066    3.184752079
    2.748893572   -1.396263402   57.194645179  -33.127381415    4.272570158
    2.945243113   -1.396263402   49.925850173  -39.528937707    4.958861876

   -3.141592654   -1.047197551   41.235276616  -40.097669437    4.895852003
   -2.945243113   -1.047197551   34.218983009  -30.378881822    4.077287191
   -2.748893572   -1.047197551   29.638853840  -15.967705210    2.538422727
   -2.552544031   -1.047197551   27.933678077   -1.908218405    0.392587769
   -2.356194490   -1.047197551   28.570836797    7.319060334   -2.226083173
   -2.159844949   -1.047197551   30.350324167    9.660849338   -5.223333693
   -1.963495408   -1.047197551   31.977704928    6.182169931   -8.532639720
   -1.767145868   -1.047197551   32.618241958    0.290057890  -12.017046202
   -1.570796327   -1.047197551   32.198575368   -3.988779731  -15.373024122
   -1.374446786   -1.047197551   31.344289451   -3.836410727  -18.137322793
   -1.178097245   -1.047197551   31.011174193    1.175575244  -19.826564468
   -0.981747704   -1.047197551   31.992537687    9.024572036  -20.141958031
   -0.785398163   -1.047197551   34.512478404   16.163195802  -19.113882007
   -0.589048623   -1.047197551   38.062571698   18.946177307  -17.096076956
   -0.392699082   -1.047197551   41.511858236   14.868238937  -14.646523986
   -0.196349541   -1.047197551   43.415793108    3.295731615  -12.324072723
    0.000000000   -1.047197551   42.432622919  -14.013381818  -10.525225177
    0.196349541   -1.047197551   37.825733941  -32.652938849   -9.366129384
    0.392699082   -1.047197551   29.958169940  -46.029712868   -8.679536073
    0.589048623   -1.047197551   20.551896723  -47.337820003   -8.120442056
    0.785398163   -1.047197551   12.413388574  -32.973281464   -7.347786067
    0.981747704   -1.047197551    8.490201885   -5.375413979   -6.188720992
    1.178097245   -1.047197551   10.628215625   27.021527434   -4.703158893
    1.374446786   -1.047197551   18.710199881   53.461623908   -3.107628782
    1.570796327   -1.047197551   30.706262830   66.020835708   -1.630009290
    1.767145868   -1.047197551   43.591893158   62.738650335   -0.385253911
    1.963495408   -1.047197551   54.529728885   47.059185833    0.660299913
    2.159844949   -1.047197551   61.647019362   24.836858329    1.625003597
    2.356194490   -1.047197551   64.211251584    1.434319344    2.611233668
    2.552544031   -1.047197551   62.393285749  -19.241580663    3.610797977
    2.748893572   -1.047197551   57.018031855  -34.379770028    4.480632435
    2.945243113   -1.047197551   49.407486428  -41.729451301    4.985897713

   -3.141592654   -0.698131701   41.786016303  -42.111983632    2.829975323
   -2.945243113   -0.698131701   34.257954984  -33.549426931    1.286377517
   -2.748893572   -0.698131701   28.960236582  -20.051606843   -1.079637371
   -2.552544031   -0.698131701   26.388813854   -6.602207938   -4.067395971
   -2.356194490   -0.698131701   26.061975894    2.215327478   -7.440369058
   -2.159844949   -0.698131701   26.805762646    4.225728452  -11.019238653
   -1.963495408   -0.698131701   27.343362843    0.560160629  -14.658207237
   -1.767145868   -0.698131701   26.894813729   -5.073627224  -18.115820890
   -1.570796327   -0.698131701   25.510918144   -8.290318835  -20.965210159
   -1.374446786   -0.698131701   23.992442936   -6.157228287  -22.668126600
   -1.178097245   -0.698131701   23.452479041    1.445203574  -22.803128742
   -0.981747704   -0.698131701   24.743788121   11.844681987  -21.301807760
   -0.785398163   -0.698131701   28.012786098   20.810198178  -18.524327093
   -0.589048623   -0.698131701   32.561979669   24.269325001  -15.118699145
   -0.392699082   -0.698131701   37.025690867   19.704658824  -11.773944946
   -0.196349541   -0.698131701   39.760938886    6.832248112   -8.964936248
    0.000000000   -0.698131701   39.321396949  -12.000306677   -6.819717581
    0.196349541   -0.698131701   34.988079111  -31.772320235   -5.118766966
    0.392699082   -0.698131701   27.246305685  -45.482614083   -3.452010406
    0.589048623   -0.698131701   17.984172899  -46.306843306   -1.480228239
    0.785398163   -0.698131701   10.136615019  -31.020742129    0.826320261
    0.981747704   -0.698131701    6.682620030   -2.623883227    3.130593278
    1.178097245   -0.698131701    9.397988366   30.035799093    4.908026194
    1.374446786   -0.698131701   18.047892442   56.141286178    5.763304400
    1.570796327   -0.698131701   30.506467439   68.022702093    5.654264973
    1.767145868   -0.698131701   43.717735476   64.080854602    4.896020566
    1.963495408   -0.698131701   54.874972364   48.000465312    3.973132383
    2.159844949   -0.698131701   62.161602951   25.656775575    3.305401900
    2.356194490   -0.698131701   64.885216791    2.234460689    3.092346083
    2.552544031   -0.698131701   63.211648625  -18.616676946    3.266668273
    2.748893572   -0.698131701   57.913674537  -34.287602403    3.540863532
    2.945243113   -0.698131701   50.235998431  -42.567097468    3.516815052

   -3.141592654   -0.349065850   42.360168606  -44.558284016    0.619920544
   -2.945243113   -0.349065850   34.199591888  -37.511021767   -1.278809556
   -2.748893572   -0.349065850   27.998932222  -25.198066552   -3.931700771
   -2.552544031   -0.349065850   24.343344897  -12.409888572   -7.104187719
   -2.356194490   -0.349065850   22.848706361   -3.813308321  -10.524020760
   -2.159844949   -0.349065850   22.410260583   -1.748355714  -13.980380904
   -1.963495408   -0.349065850   21.803815234   -5.048263566  -17.284584277
   -1.767145868   -0.349065850   20.336403041   -9.710283490  -20.132000915
   -1.570796327   -0.349065850   18.210599102  -11.047949867  -22.039050839
   -1.374446786   -0.349065850   16.407260123   -6.193967780  -22.478439173
   -1.178097245   -0.349065850   16.155936400    4.396400263  -21.161720880
   -0.981747704   -0.349065850   18.279013580   17.199746592  -18.266506737
   -0.785398163   -0.349065850   22.735382836   27.314950010  -14.423667615
   -0.589048623   -0.349065850   28.556977783   30.508557905  -10.456508169
   -0.392699082   -0.349065850   34.130869848   24.656798548   -7.039580947
   -0.196349541   -0.349065850   37.681591373   10.198636386   -4.438587434
    0.000000000   -0.349065850   37.780091294   -9.761848174   -2.444271059
    0.196349541   -0.349065850   33.851503822  -29.716328215   -0.511448725
    0.392699082   -0.349065850   26.575039528  -42.677901314    1.933202822
    0.589048623   -0.349065850   17.974610965  -42.383631111    5.117804703
    0.785398163   -0.349065850   10.975293016  -26.461127731    8.691028729
    0.981747704   -0.349065850    8.390794103    1.448154535   11.813303831
    1.178097245   -0.349065850   11.761905536   32.480531795   13.575581740
    1.374446786   -0.349065850   20.682571998   56.436764082   13.501064835
    1.570796327   -0.349065850   33.009119141   66.502639934   11.787714442
    1.767145868   -0.349065850   45.817276525   61.673206791    9.162081461
    1.963495408   -0.349065850   56.499672183   45.720091132    6.484300682
    2.159844949   -0.349065850   63.410123974   24.174515315    4.386619127
    2.356194490   -0.349065850   65.936371361    1.685567947    3.105329526
    2.552544031   -0.349065850   64.219531836  -18.603580685    2.505586475
    2.748893572   -0.349065850   58.923729658  -34.410934498    2.201110930
    2.945243113   -0.349065850   51.145409921  -43.588093805    1.711062353

   -3.141592654    0.000000000   42.195524168  -47.332822353   -1.660254100
   -2.945243113    0.000000000   33.363877033  -41.527562860   -3.467258431
   -2.748893572    0.000000000   26.275292721  -30.138963836   -5.782217694
   -2.552544031    0.000000000   21.598949213  -17.782386267   -8.418187146
   -2.356194490    0.000000000   19.042095556   -9.202774445  -11.170868101
   -2.159844949    0.000000000   17.568777087   -6.850488492  -13.880509055
   -1.963495408    0.000000000   16.019126639   -9.466011295  -16.367901642
   -1.767145868    0.000000000   13.805054514  -12.757867789  -18.310765023
   -1.570796327    0.000000000   11.286986752  -11.853556852  -19.230779810
   -1.374446786    0.000000000    9.601326707   -4.136583265  -18.677098496
   -1.178097245    0.000000000   10.034273190    9.212302832  -16.512236230
   -0.981747704    0.000000000   13.300982580   23.812452343  -13.082438207
   -0.785398163    0.000000000   19.113046014   34.261644826   -9.116994382
   -0.589048623    0.000000000   26.217690812   36.453836876   -5.405242542
   -0.392699082    0.000000000   32.799671062   28.940358509   -2.442565398
   -0.196349541    0.000000000   37.041799722   13.067082677   -0.232617296
    0.000000000    0.000000000   37.642680192   -7.308898003    1.688098108
    0.196349541    0.000000000   34.260159937  -26.411615044    4.000723052
    0.392699082    0.000000000   27.791927453  -37.687773590    7.223709614
    0.589048623    0.000000000   20.329878566  -35.923771808   11.334890373
    0.785398163    0.000000000   14.638196030  -19.917994807   15.625113510
    0.981747704    0.000000000   13.187245703    6.118517209   18.935362627
    1.178097245    0.000000000   17.161055653   33.780871232   20.217015803
    1.374446786    0.000000000   25.974295935   54.120184183   19.079732008
    1.570796327    0.000000000   37.568677830   61.622207255   15.971461959
    1.767145868    0.000000000   49.305103620   55.929835402   11.900850613
    1.963495408    0.000000000   58.904596711   40.637267690    7.925957181
    2.159844949    0.000000000   64.955601954   20.571340339    4.755038479
    2.356194490    0.000000000   66.927989921   -0.399955305    2.608413679
    2.552544031    0.000000000   64.909325726  -19.714303017    1.310128514
    2.748893572    0.000000000   59.424910170  -35.367727703    0.456872941
    2.945243113    0.000000000   51.406734177  -45.196023221   -0.409744555

   -3.141592654    0.349065850   42.550643318  -48.596543707   -2.344033058
   -2.945243113    0.349065850   33.367924085  -43.838197022   -3.352767321
   -2.748893572    0.349065850   25.723571724  -33.442432935   -4.608212536
   -2.552544031    0.349065850   20.324493419  -21.775884093   -6.077242737
   -2.356194490    0.349065850   16.946708232  -13.502870981   -7.699276489
   -2.159844949    0.349065850   14.633386691  -11.027726277   -9.390900140
   -1.963495408    0.349065850   12.320342698  -12.953720633  -10.982413403
   -1.767145868    0.349065850    9.548902704  -14.814729088  -12.155010012
   -1.570796327    0.349065850    6.828296571  -11.761313709  -12.493187979
   -1.374446786    0.349065850    5.402284223   -1.591101460  -11.674458712
   -1.178097245    0.349065850    6.548711646   13.796845965   -9.686800020
   -0.981747704    0.349065850   10.831798970   29.366255742   -6.902111481
   -0.785398163    0.349065850   17.723884592   39.514927483   -3.922050902
   -0.589048623    0.349065850   25.752761432   40.530589877   -1.284444595
   -0.392699082    0.349065850   33.005271938   31.748145389    0.808085543
   -0.196349541    0.349065850   37.728553480   15.335039314    2.578295856
    0.000000000    0.349065850   38.819699711   -4.370968210    4.575034200
    0.196349541    0.349065850   36.174682169  -21.699143548    7.387353369
    0.392699082    0.349065850   30.841981754  -30.878563055   11.288694463
    0.589048623    0.349065850   24.859868402  -27.918041871   15.944151433
    0.785398163    0.349065850   20.701381542  -12.698606793   20.385415994
    0.981747704    0.349065850   20.404873120   10.315385055   23.349949198
    1.178097245    0.349065850   24.781626109   33.568614809   23.869495709
    1.374446786    0.349065850   33.119146469   49.646642008   21.754623948
    1.570796327    0.349065850   43.533494138   54.413187340   17.669472307
    1.767145868    0.349065850   53.756524080   48.066198326   12.762499362
    1.963495408    0.349065850   61.896456950   33.862539702    8.127266219
    2.159844949    0.349065850   66.805678650   15.791077719    4.437650925
    2.356194490    0.349065850   68.046258514   -3.117302542    1.868954013
    2.552544031    0.349065850   65.657220197  -20.887474561    0.245895375
    2.748893572    0.349065850   60.029640907  -35.798707099   -0.771299190
    2.945243113    0.349065850   51.930456653  -45.720481402   -1.539024374

   -3.141592654    0.698131701   43.097007917  -48.272638228   -2.652752759
   -2.945243113    0.698131701   33.922169151  -44.124500058   -2.672331504
   -2.748893572    0.698131701   26.137596453  -34.596854122   -2.695576418
   -2.552544031    0.698131701   20.423690642  -23.806591798   -2.882038720
   -2.356194490    0.698131701   16.576828090  -16.195073909   -3.340650494
   -2.159844949    0.698131701   13.702920134  -13.960068008   -4.074360885
   -1.963495408    0.698131701   10.837989745  -15.533356242   -4.935875629
   -1.767145868    0.698131701    7.648945250  -16.383627388   -5.641228211
   -1.570796327    0.698131701    4.763330058  -11.817089713   -5.872223925
   -1.374446786    0.698131701    3.487480569   -0.035876910   -5.428293579
   -1.178097245    0.698131701    5.068285976   16.555903888   -4.335285253
   -0.981747704    0.698131701    9.951322955   32.581981089   -2.827268325
   -0.785398163    0.698131701   17.458611979   42.470710803   -1.201663206
   -0.589048623    0.698131701   26.012216355   42.920080205    0.361646790
   -0.392699082    0.698131701   33.696028521   33.844018296    1.929395313
   -0.196349541    0.698131701   38.862141889   17.904431362    3.801566613
    0.000000000    0.698131701   40.579725385   -0.420742575    6.389129149
    0.196349541    0.698131701   38.896821221  -15.813824084    9.975483893
    0.392699082    0.698131701   34.894815049  -23.347497671   14.464890513
    0.589048623    0.698131701   30.452096720  -20.071116829   19.228123306
    0.785398163    0.698131701   27.700932993   -6.573346516   23.198896443
    0.981747704    0.698131701   28.276816227   12.818839754   25.251752188
    1.178097245    0.698131701   32.708787462   31.602203490   24.712201714
    1.374446786    0.698131701   40.260197564   43.822904918   21.688723310
    1.570796327    0.698131701   49.287903181   46.455939102   17.013512133
    1.767145868    0.698131701   57.904507275   39.969492561   11.832738640
    1.963495408    0.698131701   64.570515885   27.131763511    7.117678345
    2.159844949    0.698131701   68.354851243   11.110981384    3.397054525
    2.356194490    0.698131701   68.881110703   -5.754728880    0.760377039
    2.552544031    0.698131701   66.142624806  -21.897262026   -0.949492787
    2.748893572    0.698131701   60.430013338  -35.757767095   -1.959019026
    2.945243113    0.698131701   52.391022291  -45.247540229   -2.469633364

   -3.141592654    1.047197551   41.281988017  -48.570927549   -6.402025696
   -2.945243113    1.047197551   32.115834157  -43.758482712   -6.027747863
   -2.748893572    1.047197551   24.444486014  -33.861302464   -5.211493645
   -2.552544031    1.047197551   18.880270687  -23.079433984   -4.244889007
   -2.356194490    1.047197551   15.147190470  -15.803357420   -3.413030648
   -2.159844949    1.047197551   12.305893607  -14.014550683   -2.881689686
   -1.963495408    1.047197551    9.398681074  -15.858401878   -2.641935058
   -1.767145868    1.047197551    6.149470890  -16.602670098   -2.547744464
   -1.570796327    1.047197551    3.262502448  -11.566086475   -2.419706066
   -1.374446786    1.047197551    2.097065146    0.834301832   -2.141920747
   -1.178097245    1.047197551    3.902427241   17.931070570   -1.689752802
   -0.981747704    1.047197551    9.085706675   34.224272024   -1.078343081
   -0.785398163    1.047197551   16.929103126   44.245734840   -0.282207110
   -0.589048623    1.047197551   25.854300105   44.983181738    0.808964939
   -0.392699082    1.047197551   34.006945601   36.646365447    2.395546282
   -0.196349541    1.047197551   39.844613752   22.038635911    4.702482663
    0.000000000    1.047197551   42.541213030    5.452663905    7.891449008
    0.196349541    1.047197551   42.177108497   -8.338456106   11.916020642
    0.392699082    1.047197551   39.730819150  -15.202658184   16.392652411
    0.589048623    1.047197551   36.822149209  -12.905034670   20.567096675
    0.785398163    1.047197551   35.227885731   -2.243430458   23.480044746
    0.981747704    1.047197551   36.261690869   13.022420346   24.312429420
    1.178097245    1.047197551   40.309046073   27.572069099   22.754476973
    1.374446786    1.047197551   46.737452538   36.680528934   19.164967477
    1.570796327    1.047197551   54.202722208   37.998585731   14.404644519
    1.767145868    1.047197551   61.170622220   31.862403320    9.448545403
    1.963495408    1.047197551   66.366594127   20.363021792    5.004689654
    2.159844949    1.047197551   68.976955626    5.908666572    1.372676691
    2.356194490    1.047197551   68.618949451   -9.610531106   -1.469318079
    2.552544031    1.047197551   65.229925662  -24.709555230   -3.642751179
    2.748893572    1.047197551   59.052124405  -37.696600011   -5.211650092
    2.945243113    1.047197551   50.713855738  -46.351742255   -6.146006500

   -3.141592654    1.396263402   37.044226465  -49.425364374  -11.215530611
   -2.945243113    1.396263402   27.900858126  -42.686450075  -11.096203219
   -2.748893572    1.396263402   20.599139062  -31.270907354  -10.067329930
   -2.552544031    1.396263402   15.630920244  -19.741242213   -8.416234752
   -2.356194490    1.396263402   12.558545627  -12.533939664   -6.518733409
   -2.159844949    1.396263402   10.303754437  -11.373640650   -4.694123112
   -1.963495408    1.396263402    7.834215304  -14.047858613   -3.117294397
   -1.767145868    1.396263402    4.863142436  -15.556547912   -1.830612183
   -1.570796327    1.396263402    2.120992031  -11.105861962   -0.815679219
   -1.374446786    1.396263402    1.006340724    0.927132768   -0.047235341
   -1.178097245    1.396263402    2.817409947   17.948256572    0.513896510
   -0.981747704    1.396263402    8.029598673   34.573245588    0.969268184
   -0.785398163    1.396263402   16.013618120   45.399108253    1.512358107
   -0.589048623    1.396263402   25.280892247   47.371893154    2.395097730
   -0.392699082    1.396263402   34.047461300   40.531561849    3.871402950
   -0.196349541    1.396263402   40.799327476   27.446810448    6.107221148
    0.000000000    1.396263402   44.685935911   12.086504823    9.112259260
    0.196349541    1.396263402   45.690316525   -1.188666578   12.654790791
    0.392699082    1.396263402   44.608301196   -8.677968548   16.228386190
    0.589048623    1.396263402   42.807582702   -8.369265864   19.114141693
    0.785398163    1.396263402   41.810871085   -0.832722492   20.582807629
    0.981747704    1.396263402   42.773436479   10.898519192   20.173839896
    1.178097245    1.396263402   46.094027208   22.456897892   17.906473461
    1.374446786    1.396263402   51.324048048   29.824594079   14.283457427
    1.570796327    1.396263402   57.387839312   30.787106959   10.059984715
    1.767145868    1.396263402   62.987398133   25.234352881    5.922437855
    1.963495408    1.396263402   66.966383457   14.589088546    2.241699203
    2.159844949    1.396263402   68.509604895    0.752423921   -0.945005838
    2.356194490    1.396263402   67.172014478  -14.467621392   -3.782746963
    2.552544031    1.396263402   62.852414657  -29.300323058   -6.372227253
    2.748893572    1.396263402   55.827259877  -41.639478438   -8.640950194
    2.945243113    1.396263402   46.828791996  -49.016329820  -10.347592361

   -3.141592654    1.745329252   31.589567624  -51.404640169  -15.227775766
   -2.945243113    1.745329252   22.285842799  -42.315467665  -15.454564927
   -2.748893572    1.745329252   15.277673315  -28.731770228  -14.369023899
   -2.552544031    1.745329252   10.966154241  -15.738891109  -12.195803239
   -2.356194490    1.745329252    8.747302997   -7.997593777   -9.331942482
   -2.159844949    1.745329252    7.366756665   -7.119342072   -6.191182930
   -1.963495408    1.745329252    5.659862392  -10.593003906   -3.098295718
   -1.767145868    1.745329252    3.269418910  -13.111948587   -0.280988464
   -1.570796327    1.745329252    0.908596122   -9.648157204    2.088999957
   -1.374446786    1.745329252    0.000000000    1.617114021    3.882725813
   -1.178097245    1.745329252    1.904116914   18.285999895    5.057830750
   -0.981747704    1.745329252    7.194658717   35.132048570    5.716060574
   -0.785398163    1.745329252   15.359695102   46.764131583    6.106463904
   -0.589048623    1.745329252   25.012411291   49.975849655    6.543179782
   -0.392699082    1.745329252   34.426391466   44.507503434    7.308125333
   -0.196349541    1.745329252   42.078509701   32.573318707    8.544444996
    0.000000000    1.745329252   47.038486485   17.764752899   10.208616646
    0.196349541    1.745329252   49.138853158    4.122290407   12.034408276
    0.392699082    1.745329252   48.975645702   -4.808735777   13.573246885
    0.589048623    1.745329252   47.715089303   -6.854591248   14.317823967
    0.785398163    1.745329252   46.746927196   -2.059902769   13.901007700
    0.981747704    1.745329252   47.220545001    7.261838707   12.268542037
    1.178097245    1.745329252   49.663385732   17.338636119    9.716117077
    1.374446786    1.745329252   53.834459651   24.323487447    6.752517999
    1.570796327    1.745329252   58.850886832   25.709313562    3.854569166
    1.767145868    1.745329252   63.518483963   20.805740855    1.271646352
    1.963495408    1.745329252   66.670439415   10.515475427   -1.044454400
    2.159844949    1.745329252   67.405867216   -3.485246668   -3.331257128
    2.356194490    1.745329252   65.188023066  -19.219386433   -5.827998177
    2.552544031    1.745329252   59.888388297  -34.469417434   -8.582208143
    2.748893572    1.745329252   51.852178297  -46.628595423  -11.371247679
    2.945243113    1.745329252   41.964028329  -52.922034181  -13.751495038

   -3.141592654    2.094395102   25.742694153  -53.774921223  -16.150055853
   -2.945243113    2.094395102   16.211348900  -42.217153356  -16.676549334
   -2.748893572    2.094395102    9.469325434  -26.171970445  -15.675988637
   -2.552544031    2.094395102    5.862304111  -11.243545038  -13.246545173
   -2.356194490    2.094395102    4.651759193   -2.363673343   -9.739037853
   -2.159844949    2.094395102    4.423505982   -1.137947041   -5.613879612
   -1.963495408    2.094395102    3.871366684   -4.904317717   -1.318158337
   -1.767145868    2.094395102    2.529471582   -8.187514231    2.755616162
   -1.570796327    2.094395102    1.033341308   -5.805099118    6.265238349
   -1.374446786    2.094395102    0.761631482    4.260208686    8.934703569
   -1.178097245    2.094395102    3.077343258   19.880374417   10.614529659
   -0.981747704    2.094395102    8.610640608   36.090625836   11.344086003
   -0.785398163    2.094395102   16.945183113   47.606649142   11.350887564
   -0.589048623    2.094395102   26.789472659   51.131225083   10.959571037
   -0.392699082    2.094395102   36.477843385   46.138249132   10.477718820
   -0.196349541    2.094395102   44.487078605   34.526862659   10.074841716
    0.000000000    2.094395102   49.827101252   19.586947605    9.731800344
    0.196349541    2.094395102   52.221212166    5.180369094    9.237458406
    0.392699082    2.094395102   52.140359383   -5.111070561    8.290813116
    0.589048623    2.094395102   50.659896840   -8.798193810    6.674650681
    0.785398163    2.094395102   49.163167274   -5.412598376    4.427072462
    0.981747704    2.094395102   48.894224518    3.197700872    1.886166515
    1.178097245    2.094395102   50.540032592   13.423357671   -0.448113249
    1.374446786    2.094395102   54.010752162   21.166736970   -2.165659466
    1.570796327    2.094395102   58.495025239   23.417383926   -3.158032127
    1.767145868    2.094395102   62.766682320   18.963231627   -3.657095985
    1.963495408    2.094395102   65.544668112    8.431068573   -4.117292022
    2.159844949    2.094395102   65.792198223   -6.453148295   -5.007596630
    2.356194490    2.094395102   62.877820883  -23.347906172   -6.624254791
    2.552544031    2.094395102   56.669838270  -39.502879857   -8.967188946
    2.748893572    2.094395102   47.615205364  -51.802162912  -11.720851676
    2.945243113    2.094395102   36.782174434  -57.184653811  -14.327154463

   -3.141592654    2.443460953   20.492889679  -56.332052769  -10.286816035
   -2.945243113    2.443460953   10.674848823  -42.504049347  -10.205582894
   -2.748893572    2.443460953    4.125173508  -23.935523855   -8.889384118
   -2.552544031    2.443460953    1.188591490   -6.728142349   -6.373954673
   -2.356194490    2.443460953    1.042837928    3.852098888   -2.888024150
   -2.159844949    2.443460953    2.144624618    6.073884936    1.241105531
   -1.963495408    2.443460953    3.048214264    2.595963027    5.649676670
   -1.767145868    2.443460953    3.151681812   -1.076883221    9.933577325
   -1.570796327    2.443460953    2.961185332    0.284107363   13.641679148
   -1.374446786    2.443460953    3.741793075    8.822098801   16.336554595
   -1.178097245    2.443460953    6.779876482   22.658557816   17.724013372
   -0.981747704    2.443460953   12.687114432   37.156782948   17.769305916
   -0.785398163    2.443460953   21.090199341   47.301909636   16.708090995
   -0.589048623    2.443460953   30.778197385   49.910928661   14.927837856
   -0.392699082    2.443460953   40.169089371   44.362306037   12.807636614
   -0.196349541    2.443460953   47.787421639   32.314656140   10.570048604
    0.000000000    2.443460953   52.638562771   16.771198479    8.235794510
    0.196349541    2.443460953   54.395621487    1.457977294    5.666536994
    0.392699082    2.443460953   53.479918185   -9.885580355    2.713119193
    0.589048623    2.443460953   50.979598933  -14.309939743   -0.591525345
    0.785398163    2.443460953   48.393783457  -10.814884532   -3.913734665
    0.981747704    2.443460953   47.163501754   -1.011499073   -6.688278754
    1.178097245    2.443460953   48.169661971   11.207733316   -8.369418229
    1.374446786    2.443460953   51.414968624   21.037127406   -8.723504603
    1.570796327    2.443460953   56.029292540   24.713686624   -7.964616966
    1.767145868    2.443460953   60.605207490   20.570796956   -6.653384937
    1.963495408    2.443460953   63.635748702    9.235747768   -5.451088414
    2.159844949    2.443460953   63.896212759   -7.207542023   -4.877373033
    2.356194490    2.443460953   60.658306266  -25.874227499   -5.172139846
    2.552544031    2.443460953   53.804667315  -43.450329731   -6.265817840
    2.748893572    2.443460953   43.898852061  -56.355682632   -7.825921196
    2.945243113    2.443460953   32.199394943  -61.267479439   -9.347913481

   -3.141592654    2.792526803   18.397400645  -56.811903774    0.835695699
   -2.945243113    2.792526803    8.615748923  -41.600163878    2.145218935
   -2.748893572    2.792526803    2.403465748  -21.393143115    3.907567055
   -2.552544031    2.792526803    0.127009629   -2.574120241    6.096537201
   -2.356194490    2.792526803    0.936201437    9.366542232    8.702398626
   -2.159844949    2.792526803    3.221818667   12.537011393   11.733761845
   -1.963495408    2.792526803    5.443043949    9.447524654   15.132322005
   -1.767145868    2.792526803    6.872721793    5.449518095   18.643673650
   -1.570796327    2.792526803    7.865912664    5.681915433   21.772911658
   -1.374446786    2.792526803    9.535306658   12.380292020   23.905271964
   -1.178097245    2.792526803   13.055303072   23.979162883   24.548769343
   -0.981747704    2.792526803   19.001787817   36.276598336   23.549730427
   -0.785398163    2.792526803   27.046356758   44.609693803   21.142919158
   -0.589048623    2.792526803   36.070920219   45.927594973   17.810612352
   -0.392699082    2.792526803   44.588641579   39.496950157   14.055590275
   -0.196349541    2.792526803   51.182007522   26.748728165   10.201766695
    0.000000000    2.792526803   54.871303607   10.495942535    6.325550156
    0.196349541    2.792526803   55.325572953   -5.518392004    2.333254752
    0.392699082    2.792526803   52.992447160  -17.257717137   -1.843644364
    0.589048623    2.792526803   49.064772797  -21.305724864   -6.032572431
    0.785398163    2.792526803   45.232354713  -16.315203804   -9.738682670
    0.981747704    2.792526803   43.156300092   -3.980371220  -12.293896528
    1.178097245    2.792526803   43.869523345   11.203312013  -13.182729047
    1.374446786    2.792526803   47.375841661   23.565339891  -12.343386498
    1.570796327    2.792526803   52.646854037   28.657309418  -10.221040762
    1.767145868    2.792526803   58.026353158   24.606676531   -7.554131257
    1.963495408    2.792526803   61.768082189   12.312408566   -5.041882032
    2.159844949    2.792526803   62.490425636   -5.619251029   -3.110906751
    2.356194490    2.792526803   59.413772244  -25.784612374   -1.855027094
    2.552544031    2.792526803   52.459009843  -44.483469876   -1.117539220
    2.748893572    2.792526803   42.288630113  -57.902443620   -0.613638415
    2.945243113    2.792526803   30.293078757  -62.618978128   -0.041768700
