#! FIELDS phi psi file.free der_phi der_psi
#! SET min_phi -pi
#! SET max_phi pi
#! SET nbins_phi  32
#! SET periodic_phi true
#! SET min_psi -pi
#! SET max_psi pi
#! SET nbins_psi  18
#! SET periodic_psi true
   -3.141592654   -3.141592654   19.117914825  -55.357923352   13.995199645
   -2.945243113   -3.141592654    9.926262334  -37.282953748   16.659337325
   -2.748893572   -3.141592654    4.723284890  -15.730274952   18.703148825
   -2.552544031   -3.141592654    3.572949013    3.026365399   20.166698747
   -2.356194490   -3.141592654    5.418965717   14.289864669   21.365148321
   -2.159844949   -3.141592654    8.616766047   16.981889891   22.755741020
   -1.963495408   -3.141592654   11.707377712   13.935027262   24.676310465
   -1.767145868   -3.141592654   14.045910865   10.210514105   27.085908736
   -1.570796327   -3.141592654   15.977411227   10.373708713   29.487106088
   -1.374446786   -3.141592654   18.505048149   16.301687941   31.103863312
   -1.178097245   -3.141592654   22.668338174   26.523338430   31.227700176
   -0.981747704   -3.141592654   28.962813846   37.275402909   29.521025351
   -0.785398163   -3.141592654   37.067224025   44.258040998   26.114100705
   -0.589048623   -3.141592654   45.909804229   44.422926117   21.475474189
   -0.392699082   -3.141592654   54.009088535   36.656615243   16.168798126
   -0.196349541   -3.141592654   59.861697011   21.896861546   10.643188793
    0.000000000   -3.141592654   62.328977631    2.762640475    5.145974191
    0.196349541   -3.141592654   60.939330319  -16.581585221   -0.214195186
    0.392699082   -3.141592654   56.146454935  -31.041228870   -5.306646526
    0.589048623   -3.141592654   49.394873527  -35.857870871   -9.818423095
    0.785398163   -3.141592654   42.870100710  -28.649564895  -13.237971823
    0.981747704   -3.141592654   38.845709383  -11.037149287  -15.033618438
    1.178097245   -3.141592654   38.859709765   11.289679440  -14.942892079
    1.374446786   -3.141592654   43.082170655   30.525135885  -13.166536291
    1.570796327   -3.141592654   50.203204681   39.958966330  -10.295594094
    1.767145868   -3.141592654   57.913451852   36.356654017   -7.031718536
    1.963495408   -3.141592654   63.692348154   20.787317041   -3.870607186
    2.159844949   -3.141592654   65.568640250   -2.498086536   -0.965647907
    2.356194490   -3.141592654   62.581253088  -27.763929036    1.808379003
    2.552544031   -3.141592654   54.909704456  -49.324691579    4.664617072
    2.748893572   -3.141592654   43.757706008  -62.571944818    7.723651325
    2.945243113   -3.141592654   31.073173234  -64.686498199   10.914849711

   -3.141592654   -2.792526803   25.823351509  -49.833432380   21.623269594
   -2.945243113   -2.792526803   17.564019493  -33.396472712   24.476629909
   -2.748893572   -2.792526803   12.946320129  -13.636270684   26.219241712
   -2.552544031   -2.792526803   12.063765308    3.788056416   26.977230648
   -2.356194490   -2.792526803   14.005032207   14.682501024   27.215107885
   -2.159844949   -2.792526803   17.331935921   18.057383308   27.536519924
   -1.963495408   -2.792526803   20.754837602   16.276010994   28.371175059
   -1.767145868   -2.792526803   23.661795139   13.534540911   29.703774949
   -1.570796327   -2.792526803   26.255226758   13.553816406   31.021471954
   -1.374446786   -2.792526803   29.269049812   17.828852558   31.528178846
   -1.178097245   -2.792526803   33.462173528   25.152155367   30.515018632
   -0.981747704   -2.792526803   39.154489428   32.509447299   27.671927002
   -0.785398163   -2.792526803   46.012359059   36.453592900   23.183447662
   -0.589048623   -2.792526803   53.097987573   34.526075594   17.595718817
   -0.392699082   -2.792526803   59.140989782   25.802623037   11.557049698
   -0.196349541   -2.792526803   62.850591134   11.068826368    5.597204072
    0.000000000   -2.792526803   63.252652754   -7.349918628    0.021825478
    0.196349541   -2.792526803   59.985797479  -25.520238550   -5.028053310
    0.392699082   -2.792526803   53.586515362  -38.383697995   -9.426406117
    0.589048623   -2.792526803   45.591421542  -41.082467162  -12.920406671
    0.785398163   -2.792526803   38.293827097  -31.210231197  -15.126536488
    0.981747704   -2.792526803   34.053023038  -10.664291326  -15.693491375
    1.178097245   -2.792526803   34.408198769   14.300397813  -14.540974623
    1.374446786   -2.792526803   39.413789038   35.328851993  -11.983491927
    1.570796327   -2.792526803   47.567438490   45.512670597   -8.608424062
    1.767145868   -2.792526803   56.375632746   41.908513273   -4.999252380
    1.963495408   -2.792526803   63.222793181   26.131158522   -1.469117140
    2.159844949   -2.792526803   66.146844956    2.895632212    1.994431394
    2.356194490   -2.792526803   64.256218992  -21.936031942    5.596058551
    2.552544031   -2.792526803   57.788644029  -42.895101478    9.506911909
    2.748893572   -2.792526803   47.942572332  -55.778789646   13.696983247
    2.945243113   -2.792526803   36.580209031  -58.141970802   17.884432980

   -3.141592654   -2.443460953   33.183312266  -44.352513680   20.346845243
   -2.945243113   -2.443460953   25.836126200  -29.655137951   22.680442097
   -2.748893572   -2.443460953   21.772633080  -11.701145339   23.973699492
   -2.552544031   -2.443460953   21.128223524    4.402270069   24.346627678
   -2.356194490   -2.443460953   23.129490281   14.834192668   24.172796106
   -2.159844949   -2.443460953   26.509749034   18.553032705   23.916416022
   -1.963495408   -2.443460953   30.092593293   17.393589960   23.893579999
   -1.767145868   -2.443460953   33.245817479   14.782771765   24.078055912
   -1.570796327   -2.443460953   36.010231166   13.840019108   24.081645660
   -1.374446786   -2.443460953   38.886194066   15.969852283   23.332145102
   -1.178097245   -2.443460953   42.438558012   20.434435475   21.357217929
   -0.981747704   -2.443460953   46.922589046   25.005628218   18.009912964
   -0.785398163   -2.443460953   52.093646298   26.960440759   13.522694285
   -0.589048623   -2.443460953   57.213025795   24.198409495    8.388825611
   -0.392699082   -2.443460953   61.237227656   15.737797357    3.146763082
   -0.196349541   -2.443460953   63.059083076    1.995308843   -1.789159925
    0.000000000   -2.443460953   61.804604092  -15.124606337   -6.213206617
    0.196349541   -2.443460953   57.142709464  -31.950829702  -10.066061944
    0.392699082   -2.443460953   49.616331635  -43.400092074  -13.301895400
    0.589048623   -2.443460953   40.796654376  -44.390046779  -15.755788631
    0.785398163   -2.443460953   33.054886790  -32.341839881  -17.124370370
    0.981747704   -2.443460953   28.833878002   -9.299238027  -17.095560318
    1.178097245   -2.443460953   29.692882132   17.998602880  -15.564851931
    1.374446786   -2.443460953   35.599632036   40.669380077  -12.767113541
    1.570796327   -2.443460953   44.887024496   51.571691083   -9.199255758
    1.767145868   -2.443460953   54.895581655   48.001474033   -5.388466690
    1.963495408   -2.443460953   62.922651253   32.066163218   -1.647362116
    2.159844949   -2.443460953   67.014091129    8.907730706    1.989489463
    2.356194490   -2.443460953   66.340355303  -15.514626041    5.659811540
    2.552544031   -2.443460953   61.185259849  -35.967360334    9.476166020
    2.748893572   -2.443460953   52.727841021  -48.651741510   13.385979218
    2.945243113   -2.443460953   42.733826218  -51.463351177   17.133778433

   -3.141592654   -2.094395102   39.259580858  -39.901938429   13.713977753
   -2.945243113   -2.094395102   32.649597988  -26.658030110   15.044852524
   -2.748893572   -2.094395102   29.019082196  -10.280658043   15.704263582
   -2.552544031   -2.094395102   28.516220283    4.495079857   15.792428747
   -2.356194490   -2.094395102   30.447160223   14.121752723   15.500027331
   -2.159844949   -2.094395102   33.651755942   17.541082321   15.014314720
   -1.963495408   -2.094395102   37.023342782   16.237945090   14.409129900
   -1.767145868   -2.094395102   39.910302301   13.129277130   13.585164372
   -1.570796327   -2.094395102   42.244355363   10.984530194   12.313716621
   -1.374446786   -2.094395102   44.386226996   11.276788231   10.365857161
   -1.178097245   -2.094395102   46.818831475   13.759575004    7.655988751
   -0.981747704   -2.094395102   49.834627223   16.867907473    4.309155086
   -0.785398163   -2.094395102   53.343552536   18.361963352    0.620855859
   -0.589048623   -2.094395102   56.817345851   16.199258806   -3.055537885
   -0.392699082   -2.094395102   59.392471754    9.067595405   -6.439204571
   -0.196349541   -2.094395102   60.054634891   -3.153787600   -9.385043843
    0.000000000   -2.094395102   57.920380849  -18.998746396  -11.903819306
    0.196349541   -2.094395102   52.588646161  -34.959103750  -14.084853840
    0.392699082   -2.094395102   44.534744888  -45.768676129  -15.983741031
    0.589048623   -2.094395102   35.322788720  -45.950130512  -17.502716351
    0.785398163   -2.094395102   27.393885528  -32.584485388  -18.357063278
    0.981747704   -2.094395102   23.298309697   -7.708296922  -18.181720656
    1.178097245   -2.094395102   24.664707316   21.556855400  -16.744023258
    1.374446786   -2.094395102   31.434364417   45.797258637  -14.115729566
    1.570796327   -2.094395102   41.823229786   57.526577328  -10.670295573
    1.767145868   -2.094395102   53.025033368   54.108182920   -6.906311723
    1.963495408   -2.094395102   62.236403517   37.999435374   -3.212669647
    2.159844949   -2.094395102   67.477917003   14.714761969    0.236937976
    2.356194490   -2.094395102   67.948654396   -9.641774149    3.448127711
    2.552544031   -2.094395102   63.961952056  -29.950373366    6.466242986
    2.748893572   -2.094395102   56.687082138  -42.683872823    9.271845838
    2.945243113   -2.094395102   47.825865889  -45.984900142   11.744020759

   -3.141592654   -1.745329252   42.633620939  -37.545210598    6.900139461
   -2.945243113   -1.745329252   36.398000276  -25.244045287    7.337586731
   -2.748893572   -1.745329252   32.941980008   -9.928588500    7.351828194
   -2.552544031   -1.745329252   32.405491977    3.818575379    6.963380162
   -2.356194490   -1.745329252   34.115288839   12.576614912    6.185225742
   -2.159844949   -1.745329252   36.944590373   15.282108371    5.005480304
   -1.963495408   -1.745329252   39.806051491   13.291982992    3.380197762
   -1.767145868   -1.745329252   42.038379797    9.383194944    1.261362903
   -1.570796327   -1.745329252   43.547859998    6.323548913   -1.342011409
   -1.374446786   -1.745329252   44.688415870    5.778573565   -4.305266223
   -1.178097245   -1.745329252   45.987061997    7.798669605   -7.372744906
   -0.981747704   -1.745329252   47.835265253   11.050168668  -10.214716456
   -0.785398163   -1.745329252   50.268717621   13.326799412  -12.528770733
   -0.589048623   -1.745329252   52.868947831   12.385425056  -14.137775123
   -0.392699082   -1.745329252   54.826646292    6.590768944  -15.050764842
   -0.196349541   -1.745329252   55.116129469   -4.535516306  -15.441545674
    0.000000000   -1.745329252   52.780294253  -19.759699269  -15.602608767
    0.196349541   -1.745329252   47.317153151  -35.609338592  -15.829107551
    0.392699082   -1.745329252   39.120145471  -46.586855622  -16.296117338
    0.589048623   -1.745329252   29.740098792  -46.774633860  -16.943622078
    0.785398163   -1.745329252   21.695329251  -32.814392697  -17.449939659
    0.981747704   -1.745329252   17.674571492   -6.605395647  -17.347825555
    1.178097245   -1.745329252   19.428731244   24.432822324  -16.254187006
    1.374446786   -1.745329252   26.931412979   50.313717739  -14.078873221
    1.570796327   -1.745329252   38.319314791   63.047165028  -11.076151953
    1.767145868   -1.745329252   50.639759165   59.858111495   -7.707316453
    1.963495408   -1.745329252   60.953635499   43.408131113   -4.414299397
    2.159844949   -1.745329252   67.204013429   19.570316628   -1.474825679
    2.356194490   -1.745329252   68.576841047   -5.296817269    1.022753742
    2.552544031   -1.745329252   65.403170202  -26.002835305    3.090644427
    2.748893572   -1.745329252   58.867532103  -39.113206557    4.761007266
    2.945243113   -1.745329252   50.661943411  -42.909899446    6.036284236

   -3.141592654   -1.396263402   42.204163425  -38.186542949    4.775879682
   -2.945243113   -1.396263402   35.828029137  -26.024849389    4.534820164
   -2.748893572   -1.396263402   32.208708370  -10.826665473    3.850167047
   -2.552544031   -1.396263402   31.472116927    2.632192493    2.735728613
   -2.356194490   -1.396263402   32.895753426   10.785631651    1.164212195
   -2.159844949   -1.396263402   35.283658464   12.520562523   -0.928960310
   -1.963495408   -1.396263402   37.485336563    9.311529962   -3.599778161
   -1.767145868   -1.396263402   38.817101173    4.231712687   -6.806772007
   -1.570796327   -1.396263402   39.234350821    0.461770803  -10.336981096
   -1.374446786   -1.396263402   39.219909670    0.038372465  -13.803869036
   -1.178097245   -1.396263402   39.483971969    3.162088780  -16.735564084
   -0.981747704   -1.396263402   40.599411694    8.329203533  -18.724429147
   -0.785398163   -1.396263402   42.720730261   12.885027860  -19.559470617
   -0.589048623   -1.396263402   45.446005371   14.019115835  -19.281379096
   -0.392699082   -1.396263402   47.875137018    9.618383800  -18.165234126
   -0.196349541   -1.396263402   48.817893738   -1.082101429  -16.621187550
    0.000000000   -1.396263402   47.121042161  -16.856346714  -15.098599831
    0.196349541   -1.396263402   42.111145222  -33.984328052  -13.952984498
    0.392699082   -1.396263402   34.083450589  -46.476126453  -13.340862378
    0.589048623   -1.396263402   24.603459473  -47.786531321  -13.155265555
    0.785398163   -1.396263402   16.323915631  -34.012120436  -13.056492105
    0.981747704   -1.396263402   12.143208660   -6.867214978  -12.613762184
    1.178097245   -1.396263402   14.009149487   25.914381262  -11.509240480
    1.374446786   -1.396263402   21.991863609   53.673411014   -9.682789117
    1.570796327   -1.396263402   34.184009746   67.735122742   -7.339741762
    1.767145868   -1.396263402   47.481583031   64.955590813   -4.820941644
    1.963495408   -1.396263402   58.762453624   48.027396170   -2.427485879
    2.159844949   -1.396263402   65.823378553   23.142677092   -0.330687298
    2.356194490   -1.396263402   67.776400576   -2.969609640    1.425420288
    2.552544031   -1.396263402   64.943573684  -24.826977908    2.840177886
    2.748893572   -1.396263402   58.545562154  -38.838583917    3.899504890
    2.945243113   -1.396263402   50.330399137  -43.230877015    4.559025020

   -3.141592654   -1.047197551   40.567340942  -40.986359202    5.092083485
   -2.945243113   -1.047197551   33.632050461  -28.864331364    4.136301452
   -2.748893572   -1.047197551   29.475679979  -13.434354975    2.536598184
   -2.552544031   -1.047197551   28.250200915    0.223035997    0.393772943
   -2.356194490   -1.047197551   29.193119751    8.217291691   -2.220589448
   -2.159844949   -1.047197551   31.018572655    9.277665701   -5.297625087
   -1.963495408   -1.047197551   32.486826292    5.062648208   -8.836453249
   -1.767145868   -1.047197551   32.893763193   -0.861257102  -12.713241452
   -1.570796327   -1.047197551   32.285106485   -4.728715013  -16.582712598
   -1.374446786   -1.047197551   31.331432910   -4.143333104  -19.906482563
   -1.178097245   -1.047197551   30.960905800    1.023178842  -22.118422409
   -0.981747704   -1.047197551   31.907179686    8.782821795  -22.843291904
   -0.785398163   -1.047197551   34.367231707   15.807621060  -22.040028852
   -0.589048623   -1.047197551   37.853858148   18.687863549  -20.003513316
   -0.392699082   -1.047197551   41.285799728   14.974827404  -17.262278841
   -0.196349541   -1.047197551   43.256316057    3.851981330  -14.398622589
    0.000000000   -1.047197551   42.412940591  -13.213684019  -11.893973414
    0.196349541   -1.047197551   37.953007663  -32.050540698   -9.990940771
    0.392699082   -1.047197551   30.145299634  -46.097328799   -8.651391578
    0.589048623   -1.047197551   20.639428737  -48.285615444   -7.621663181
    0.785398163   -1.047197551   12.254015104  -34.434379544   -6.588487822
    0.981747704   -1.047197551    8.071757545   -6.355909661   -5.346177212
    1.178097245   -1.047197551   10.169688928   27.782376332   -3.885179073
    1.374446786   -1.047197551   18.645738820   56.756283186   -2.348897735
    1.570796327   -1.047197551   31.518026433   71.454570004   -0.915878274
    1.767145868   -1.047197551   45.549310327   68.588188716    0.317497933
    1.963495408   -1.047197551   57.483766888   50.964129806    1.378003555
    2.159844949   -1.047197551   65.021537226   25.023036098    2.361136944
    2.356194490   -1.047197551   67.227346171   -2.285070194    3.340776884
    2.552544031   -1.047197551   64.411838578  -25.322872034    4.282055624
    2.748893572   -1.047197551   57.809924531  -40.388628898    5.029526769
    2.945243113   -1.047197551   49.206116932  -45.587467081    5.362736244

   -3.141592654   -0.698131701   40.977461681  -43.488444890    3.657656273
   -2.945243113   -0.698131701   33.449646621  -32.354933593    1.633625293
   -2.748893572   -0.698131701   28.533736492  -17.627158844   -1.048922047
   -2.552544031   -0.698131701   26.436626503   -4.436801426   -4.154494296
   -2.356194490   -0.698131701   26.424160584    3.138993609   -7.509291638
   -2.159844949   -0.698131701   27.204772544    3.702742155  -11.056437817
   -1.963495408   -0.698131701   27.532470013   -0.939405973  -14.763038234
   -1.767145868   -0.698131701   26.754657366   -6.803187822  -18.433855430
   -1.570796327   -0.698131701   25.059142882   -9.674809060  -21.607574358
   -1.374446786   -0.698131701   23.321236329   -7.016138448  -23.655719457
   -1.178097245   -0.698131701   22.655669097    0.965287902  -24.055657037
   -0.981747704   -0.698131701   23.877041207   11.587184831  -22.660615278
   -0.785398163   -0.698131701   27.117519304   20.792514410  -19.790664069
   -0.589048623   -0.698131701   31.704126925   24.692949563  -16.095985005
   -0.392699082   -0.698131701   36.312275345   20.756579426  -12.308494585
   -0.196349541   -0.698131701   39.313111825    8.437769858   -8.982777890
    0.000000000   -0.698131701   39.212868950  -10.252414450   -6.348326775
    0.196349541   -0.698131701   35.187173430  -30.505866719   -4.276849292
    0.392699082   -0.698131701   27.599534247  -45.258224932   -2.405175104
    0.589048623   -0.698131701   18.261093271  -47.291925275   -0.376443899
    0.785398163   -0.698131701   10.138795451  -32.698897066    1.913204957
    0.981747704   -0.698131701    6.380736616   -3.818278924    4.219520627
    1.178097245   -0.698131701    9.025875263   30.717958306    6.083266588
    1.374446786   -0.698131701   18.071052075   59.522873809    7.119301430
    1.570796327   -0.698131701   31.434967913   73.650377985    7.246058108
    1.767145868   -0.698131701   45.832678640   70.134847206    6.724595096
    1.963495408   -0.698131701   58.020567631   52.035033587    5.999037836
    2.159844949   -0.698131701   65.741100606   25.844235559    5.462969365
    2.356194490   -0.698131701   68.091292672   -1.642199726    5.286004133
    2.552544031   -0.698131701   65.372674552  -25.023986387    5.355782156
    2.748893572   -0.698131701   58.768918690  -40.767329477    5.347249201
    2.945243113   -0.698131701   49.997020864  -46.964720546    4.874694906

   -3.141592654   -0.349065850   41.864143563  -47.226992088    1.902223251
   -2.945243113   -0.349065850   33.466506198  -37.392051655   -0.746172811
   -2.748893572   -0.349065850   27.477885624  -23.405798645   -3.929607154
   -2.552544031   -0.349065850   24.218927655  -10.418856557   -7.332708053
   -2.356194490   -0.349065850   23.035440195   -2.788016828  -10.730059154
   -2.159844949   -0.349065850   22.659985888   -2.144975192  -14.046118405
   -1.963495408   -0.349065850   21.855682255   -6.566678146  -17.231996453
   -1.767145868   -0.349065850   20.039051408  -11.611603596  -20.054457517
   -1.570796327   -0.349065850   17.563150509  -12.621641792  -22.009344904
   -1.374446786   -0.349065850   15.516631517   -7.075261860  -22.484070868
   -1.178097245   -0.349065850   15.163060654    4.192843819  -21.099598582
   -0.981747704   -0.349065850   17.302132440   17.535771643  -17.986072060
   -0.785398163   -0.349065850   21.870664453   28.111735379  -13.791963769
   -0.589048623   -0.349065850   27.897671813   31.794813815   -9.411844714
   -0.392699082   -0.349065850   33.774011739   26.423202032   -5.615475045
   -0.196349541   -0.349065850   37.702041533   12.204965626   -2.755542021
    0.000000000   -0.349065850   38.179999689   -8.010641655   -0.675697139
    0.196349541   -0.349065850   34.522187447  -28.812286436    1.169882457
    0.392699082   -0.349065850   27.304528925  -43.027940787    3.412945035
    0.589048623   -0.349065850   18.513567726  -43.915184845    6.385676373
    0.785398163   -0.349065850   11.155421924  -28.414863426    9.853635391
    0.981747704   -0.349065850    8.252696738    0.396415061   13.060721557
    1.178097245   -0.349065850   11.622891497   33.710287647   15.109467472
    1.374446786   -0.349065850   21.073862275   60.611435469   15.457064756
    1.570796327   -0.349065850   34.468160482   72.958372740   14.193112177
    1.767145868   -0.349065850   48.615042563   68.432246853   11.952690554
    1.963495408   -0.349065850   60.448181291   50.267620758    9.554678554
    2.159844949   -0.349065850   67.872024744   24.654198896    7.624111245
    2.356194490   -0.349065850   70.055870863   -2.181835828    6.378869027
    2.552544031   -0.349065850   67.259591608  -25.387717962    5.628062378
    2.748893572   -0.349065850   60.540114023  -41.714466604    4.923497858
    2.945243113   -0.349065850   51.467379171  -49.171221455    3.784917571

   -3.141592654    0.000000000   42.135571550  -51.592753993   -0.216172276
   -2.945243113    0.000000000   32.771962587  -42.762932868   -2.811583554
   -2.748893572    0.000000000   25.676946859  -29.188536058   -5.672742828
   -2.552544031    0.000000000   21.288657541  -16.064324163   -8.524048814
   -2.356194490    0.000000000   19.033597395   -8.036465166  -11.204784903
   -2.159844949    0.000000000   17.671515165   -6.935342514  -13.691425522
   -1.963495408    0.000000000   15.985749950  -10.686623567  -15.948761072
   -1.767145868    0.000000000   13.474894035  -14.417393720  -17.732887717
   -1.570796327    0.000000000   10.655056336  -13.154288278  -18.554378793
   -1.374446786    0.000000000    8.793211936   -4.588708783  -17.890383120
   -1.178097245    0.000000000    9.229433953    9.659190040  -15.532826697
   -0.981747704    0.000000000   12.658105851   24.967816751  -11.807370255
   -0.785398163    0.000000000   18.747864543   35.892407535   -7.492000958
   -0.589048623    0.000000000   26.207128816   38.391666683   -3.470095201
   -0.392699082    0.000000000   33.187341946   31.008221047   -0.333560822
   -0.196349541    0.000000000   37.824127944   14.944130161    1.855761089
    0.000000000    0.000000000   38.738968689   -6.078645679    3.563534283
    0.196349541    0.000000000   35.498488983  -26.263048417    5.535892044
    0.392699082    0.000000000   28.937119834  -38.785764887    8.402037538
    0.589048623    0.000000000   21.160388727  -37.931819326   12.268165946
    0.785398163    0.000000000   15.060167465  -21.879946269   16.533591248
    0.981747704    0.000000000   13.340972982    5.577211938   20.087643763
    1.178097245    0.000000000   17.455989220   35.914937197   21.844419304
    1.374446786    0.000000000   26.996147129   59.348803918   21.299487993
    1.570796327    0.000000000   39.859310055   69.038720732   18.759089838
    1.767145868    0.000000000   53.101421980   63.417676474   15.129154610
    1.963495408    0.000000000   63.969290305   45.657293355   11.436012229
    2.159844949    0.000000000   70.601921598   21.272388167    8.401706411
    2.356194490    0.000000000   72.246612038   -4.355672322    6.247078415
    2.552544031    0.000000000   69.090771109  -27.019824664    4.749647244
    2.748893572    0.000000000   62.030141442  -43.705181963    3.445545162
    2.945243113    0.000000000   52.469850521  -52.235530907    1.876986213

   -3.141592654    0.349065850   43.124439864  -54.351734537   -0.766024382
   -2.945243113    0.349065850   33.132668876  -46.343306229   -2.371366181
   -2.748893572    0.349065850   25.279076835  -33.256143371   -4.029109146
   -2.552544031    0.349065850   20.075574213  -20.239447379   -5.636820645
   -2.356194490    0.349065850   17.011524538  -12.065517864   -7.164860781
   -2.159844949    0.349065850   14.888364506  -10.617191892   -8.632025092
   -1.963495408    0.349065850   12.541844178  -13.647225874   -9.979378682
   -1.767145868    0.349065850    9.572943280  -15.991804554  -10.954909588
   -1.570796327    0.349065850    6.642860160  -12.592590591  -11.148769778
   -1.374446786    0.349065850    5.136662369   -1.526133898  -10.203447235
   -1.178097245    0.349065850    6.393552326   14.815327523   -8.074053732
   -0.981747704    0.349065850   10.949500008   31.058936123   -5.130828252
   -0.785398163    0.349065850   18.209452978   41.498983620   -2.013259455
   -0.589048623    0.349065850   26.632358197   42.496142261    0.688297590
   -0.392699082    0.349065850   34.250495443   33.453781385    2.733252835
   -0.196349541    0.349065850   39.262205557   16.510172429    4.342405774
    0.000000000    0.349065850   40.508546857   -4.021330687    6.101770493
    0.196349541    0.349065850   37.833921712  -22.375737153    8.667296483
    0.392699082    0.349065850   32.272172376  -32.496436598   12.392540730
    0.589048623    0.349065850   25.920549413  -29.940122959   17.018491317
    0.785398163    0.349065850   21.408208351  -14.090057150   21.627098758
    0.981747704    0.349065850   21.007040022   10.840605798   24.956845956
    1.178097245    0.349065850   25.763670562   37.017305892   25.977160897
    1.374446786    0.349065850   35.084422150   56.120839240   24.386059221
    1.570796327    0.349065850   46.983754691   62.759067901   20.730447013
    1.767145868    0.349065850   58.855941219   56.089641296   16.091841019
    1.963495408    0.349065850   68.336104018   39.099392536   11.568052086
    2.159844949    0.349065850   73.846989984   16.491541134    7.877100267
    2.356194490    0.349065850   74.739619126   -7.290211265    5.219077766
    2.552544031    0.349065850   71.140767307  -28.739473889    3.391003746
    2.748893572    0.349065850   63.787831878  -45.117291434    2.001497867
    2.945243113    0.349065850   53.913605045  -54.125125980    0.685337156

   -3.141592654    0.698131701   44.331193349  -54.980992272   -1.094902484
   -2.945243113    0.698131701   34.171911346  -47.421829019   -1.280553625
   -2.748893572    0.698131701   26.055881414  -34.838648140   -1.380810169
   -2.552544031    0.698131701   20.495969740  -22.265588434   -1.539052918
   -2.356194490    0.698131701   17.000079455  -14.405603516   -1.882202903
   -2.159844949    0.698131701   14.405289243  -13.026403074   -2.457270921
   -1.963495408    0.698131701   11.611268115  -15.712238608   -3.168470608
   -1.767145868    0.698131701    8.314843036  -17.170403331   -3.774978964
   -1.570796327    0.698131701    5.280498261  -12.420212941   -3.982826731
   -1.374446786    0.698131701    3.953745195    0.102814638   -3.593824976
   -1.178097245    0.698131701    5.645159771   17.504921531   -2.619379794
   -0.981747704    0.698131701   10.772707174   34.052901369   -1.266827469
   -0.785398163    0.698131701   18.588401151   44.069782405    0.197602476
   -0.589048623    0.698131701   27.445471839   44.354023975    1.628062009
   -0.392699082    0.698131701   35.381142990   34.937370375    3.119966492
   -0.196349541    0.698131701   40.716400355   18.497676792    4.988599931
    0.000000000    0.698131701   42.488569233   -0.491933343    7.644257854
    0.196349541    0.698131701   40.719159670  -16.631007647   11.358814622
    0.392699082    0.698131701   36.495125938  -24.743426444   16.025351983
    0.589048623    0.698131701   31.764917303  -21.481488871   21.011535091
    0.785398163    0.698131701   28.814710455   -7.015749290   25.250661776
    0.981747704    0.698131701   29.494294789   14.486437930   27.603767609
    1.178097245    0.698131701   34.531855322   36.168836803   27.355586957
    1.374446786    0.698131701   43.264897618   51.168570883   24.551900056
    1.570796327    0.698131701   53.912420326   55.294203556   19.968689747
    1.767145868    0.698131701   64.237665325   48.121620358   14.736387861
    1.963495408    0.698131701   72.243744019   32.264813143    9.862379642
    2.159844949    0.698131701   76.598275939   11.610935151    5.939493041
    2.356194490    0.698131701   76.731762532  -10.189411800    3.106924524
    2.552544031    0.698131701   72.720259594  -30.150750481    1.215510339
    2.748893572    0.698131701   65.181218470  -45.715364670    0.017831813
    2.945243113    0.698131701   55.217438595  -54.525347013   -0.701374886

   -3.141592654    1.047197551   42.861951896  -55.378820479   -5.573007098
   -2.945243113    1.047197551   32.703390264  -47.033073353   -4.912992505
   -2.748893572    1.047197551   24.717352911  -33.958327420   -3.816307736
   -2.552544031    1.047197551   19.344908472  -21.305161367   -2.628515289
   -2.356194490    1.047197551   16.012908331  -13.745844248   -1.650234471
   -2.159844949    1.047197551   13.501525849  -12.842046693   -1.035816714
   -1.963495408    1.047197551   10.703454530  -15.898854816   -0.767023373
   -1.767145868    1.047197551    7.358465278  -17.420619627   -0.712646215
   -1.570796327    1.047197551    4.295811269  -12.416567281   -0.726081674
   -1.374446786    1.047197551    3.009023150    0.507100957   -0.710984733
   -1.178097245    1.047197551    4.816103915   18.251346319   -0.617827779
   -0.981747704    1.047197551   10.112672335   35.006474533   -0.380850783
   -0.785398163    1.047197551   18.134041979   45.227142263    0.139734295
   -0.589048623    1.047197551   27.258954626   45.997039727    1.160976123
   -0.392699082    1.047197551   35.608231103   37.608373985    2.935478565
   -0.196349541    1.047197551   41.620864998   22.822791439    5.658966451
    0.000000000    1.047197551   44.438913883    5.861116264    9.391774172
    0.196349541    1.047197551   44.103906945   -8.475475445   13.952454113
    0.392699082    1.047197551   41.579370372  -15.833773970   18.839874196
    0.589048623    1.047197551   38.532472114  -13.576901436   23.237974633
    0.785398163    1.047197551   36.874035641   -2.061869340   26.188521532
    0.981747704    1.047197551   38.117620774   15.139465684   26.916626441
    1.178097245    1.047197551   42.838661389   32.379385256   25.167567839
    1.374446786    1.047197551   50.474767211   44.053031179   21.340516670
    1.570796327    1.047197551   59.546349828   46.680815875   16.314513406
    1.767145868    1.047197551   68.179600734   39.742471940   11.068657089
    1.963495408    1.047197551   74.657583550   25.188438343    6.316577424
    2.159844949    1.047197551   77.779384233    6.123714520    2.378601008
    2.356194490    1.047197551   76.976319272  -14.294953718   -0.728872704
    2.552544031    1.047197551   72.267395082  -33.194571808   -3.080163093
    2.748893572    1.047197551   64.218565170  -47.875472823   -4.698359686
    2.945243113    1.047197551   53.914875100  -55.814538319   -5.536668497

   -3.141592654    1.396263402   38.278906156  -55.112898036  -11.110366472
   -2.945243113    1.396263402   28.375266238  -44.770377878  -10.454820194
   -2.748893572    1.396263402   20.974088497  -30.408135636   -8.976607205
   -2.552544031    1.396263402   16.349206088  -17.394722079   -7.043420516
   -2.356194490    1.396263402   13.752519603  -10.274887406   -5.030380544
   -2.159844949    1.396263402   11.839645166  -10.260576240   -3.200087745
   -1.963495408    1.396263402    9.449665863  -14.322540116   -1.673773662
   -1.767145868    1.396263402    6.320573972  -16.781186053   -0.485409646
   -1.570796327    1.396263402    3.301915853  -12.585433457    0.353926590
   -1.374446786    1.396263402    1.918969404   -0.262924099    0.851638803
   -1.178097245    1.396263402    3.547356777   17.280721796    1.087878933
   -0.981747704    1.396263402    8.685660806   34.482755359    1.271625143
   -0.785398163    1.396263402   16.712350565   45.924181029    1.727230620
   -0.589048623    1.396263402   26.151137338   48.584277784    2.799909393
   -0.392699082    1.396263402   35.224262394   42.406683295    4.749086221
   -0.196349541    1.396263402   42.388884246   29.695469253    7.647439850
    0.000000000    1.396263402   46.711530390   14.169053295   11.343692803
    0.196349541    1.396263402   48.061259594    0.156735548   15.430667791
    0.392699082    1.396263402   47.145263044   -8.345745022   19.267667888
    0.589048623    1.396263402   45.329604747   -8.759360352   22.080468231
    0.785398163    1.396263402   44.257714159   -1.024868685   23.170450112
    0.981747704    1.396263402   45.306032445   12.165376562   22.175440712
    1.178097245    1.396263402   49.107185568   26.189796049   19.244538253
    1.374446786    1.396263402   55.331360925   36.126840088   14.998445835
    1.570796327    1.396263402   62.803053893   38.527175495   10.264383198
    1.767145868    1.396263402   69.896512815   32.300046333    5.741612419
    1.963495408    1.396263402   75.004964293   18.662701046    1.772373646
    2.159844949    1.396263402   76.915172569    0.251478645   -1.636110863
    2.356194490    1.396263402   75.001477355  -19.745411534   -4.624634521
    2.552544031    1.396263402   69.272380165  -38.068495985   -7.247854324
    2.748893572    1.396263402   60.366654481  -51.608884193   -9.374118938
    2.945243113    1.396263402   49.497354858  -57.734092701  -10.738066009

   -3.141592654    1.745329252   32.280751657  -55.686435197  -16.245158400
   -2.945243113    1.745329252   22.496749280  -43.012962573  -15.807042382
   -2.748893572    1.745329252   15.632234242  -26.822829871  -14.180125422
   -2.552544031    1.745329252   11.822490389  -12.834540176  -11.682193312
   -2.356194490    1.745329252   10.143672320   -5.621747590   -8.700217246
   -2.159844949    1.745329252    9.096240194   -6.188877199   -5.563587926
   -1.963495408    1.745329252    7.413334009  -11.240728848   -2.510295909
   -1.767145868    1.745329252    4.775522828  -14.875799086    0.267481409
   -1.570796327    1.745329252    2.015456399  -11.836901142    2.583619571
   -1.374446786    1.745329252    0.687747206   -0.378296575    4.293019125
   -1.178097245    1.745329252    2.257704612   16.922915364    5.383656477
   -0.981747704    1.745329252    7.372134944   34.741891519    6.040965031
   -0.785398163    1.745329252   15.580388804   47.622514739    6.608044711
   -0.589048623    1.745329252   25.538970768   52.216271005    7.447550720
   -0.392699082    1.745329252   35.517506681   47.937246212    8.804629001
   -0.196349541    1.745329252   43.911503418   36.551594462   10.701666674
    0.000000000    1.745329252   49.629357212   21.325695516   12.926987764
    0.196349541    1.745329252   52.309423150    6.325006431   15.050263862
    0.392699082    1.745329252   52.400713969   -4.450738343   16.512154656
    0.589048623    1.745329252   51.046631612   -8.052171989   16.781658080
    0.785398163    1.745329252   49.777614887   -3.694953345   15.560309482
    0.981747704    1.745329252   50.018125161    6.786755280   12.937797495
    1.178097245    1.745329252   52.600625126   19.396461392    9.389373558
    1.374446786    1.745329252   57.467259852   29.288800956    5.584430280
    1.570796327    1.745329252   63.671020066   32.535785027    2.091403673
    1.767145868    1.745329252   69.687733982   27.282313919   -0.842845027
    1.963495408    1.745329252   73.870984503   14.150890176   -3.340466982
    2.159844949    1.745329252   74.892840040   -4.372133860   -5.721738961
    2.356194490    1.745329252   72.032185256  -24.764230142   -8.255246906
    2.552544031    1.745329252   65.297779635  -43.188937515  -10.944165633
    2.748893572    1.745329252   55.437769623  -56.045830496  -13.487668993
    2.945243113    1.745329252   43.840355862  -60.560527696  -15.402391908

   -3.141592654    2.094395102   25.839210208  -56.821855267  -18.334131129
   -2.945243113    2.094395102   16.061686147  -41.814631281  -18.168929809
   -2.748893572    2.094395102    9.644789067  -23.546068298  -16.604275289
   -2.552544031    2.094395102    6.635417285   -8.078096642  -13.835166317
   -2.356194490    2.094395102    5.979816556   -0.068125605  -10.200946927
   -2.159844949    2.094395102    6.051783537   -0.430464209   -6.067000840
   -1.963495408    2.094395102    5.479517057   -5.761599971   -1.772203401
   -1.767145868    2.094395102    3.855642093  -10.093779391    2.355349587
   -1.570796327    2.094395102    1.938414046   -8.076758073    5.986081533
   -1.374446786    2.094395102    1.238366362    2.261215361    8.838607728
   -1.178097245    2.094395102    3.234497185   18.689156017   10.777161673
   -0.981747704    2.094395102    8.653889010   36.181361546   11.875400092
   -0.785398163    2.094395102   17.163976979   49.336859382   12.380323782
   -0.589048623    2.094395102   27.520743132   54.584332623   12.584191639
   -0.392699082    2.094395102   38.029900195   50.921874897   12.698122886
   -0.196349541    2.094395102   47.036449140   39.698804479   12.755950047
    0.000000000    2.094395102   53.326415098   23.860318710   12.606645959
    0.196349541    2.094395102   56.371620733    7.365850996   11.948679456
    0.392699082    2.094395102   56.460506490   -5.600863036   10.455787362
    0.589048623    2.094395102   54.643756974  -11.590808504    7.959005437
    0.785398163    2.094395102   52.479416923   -9.132293070    4.609864929
    0.981747704    2.094395102   51.549996068    0.521414616    0.906318063
    1.178097245    2.094395102   52.923938198   13.547875754   -2.479512602
    1.374446786    2.094395102   56.761180050   24.743983382   -5.000489289
    1.570796327    2.094395102   62.221947051   29.478765471   -6.490288324
    1.767145868    2.094395102   67.744701394   25.173345515   -7.220985550
    1.963495408    2.094395102   71.532248274   12.074365865   -7.755009962
    2.159844949    2.094395102   72.079463100   -7.229897144   -8.665302023
    2.356194490    2.094395102   68.550973403  -28.697741476  -10.280716451
    2.552544031    2.094395102   60.963844716  -47.822850367  -12.544012820
    2.748893572    2.094395102   50.195399675  -60.482543227  -15.043286968
    2.945243113    2.094395102   37.832646921  -63.746332929  -17.168600450

   -3.141592654    2.443460953   19.760434078  -58.242723207  -12.323151145
   -2.945243113    2.443460953    9.913117994  -41.076224182  -11.636935768
   -2.748893572    2.443460953    3.858950918  -20.629267112   -9.875033030
   -2.552544031    2.443460953    1.612989343   -3.294286146   -7.146640629
   -2.356194490    2.443460953    2.043098668    6.122232768   -3.648656299
   -2.159844949    2.443460953    3.428817692    6.677341093    0.406362539
   -1.963495408    2.443460953    4.300697862    1.749183665    4.788297377
   -1.767145868    2.443460953    4.144590305   -2.757471042    9.187039511
   -1.570796327    2.443460953    3.600446974   -1.528307995   13.183735904
   -1.374446786    2.443460953    4.065469798    7.510082725   16.325042780
   -1.178097245    2.443460953    6.941602500   22.384950350   18.280278467
   -0.981747704    2.443460953   12.937175704   38.381807458   18.967794899
   -0.785398163    2.443460953   21.753771412   50.300186626   18.557432292
   -0.589048623    2.443460953   32.202280039   54.585663816   17.344408940
   -0.392699082    2.443460953   42.629224463   50.073994762   15.599342517
   -0.196349541    2.443460953   51.377970286   37.878859106   13.449342753
    0.000000000    2.443460953   57.189056141   20.735867014   10.864522044
    0.196349541    2.443460953   59.463506325    2.594417368    7.715140203
    0.392699082    2.443460953   58.445955235  -12.064866129    3.916568115
    0.589048623    2.443460953   55.231922692  -19.212620342   -0.394086513
    0.785398163    2.443460953   51.546882699  -16.766890127   -4.762430365
    0.981747704    2.443460953   49.231928111   -5.725179070   -8.505164107
    1.178097245    2.443460953   49.607743461    9.752526388  -10.979201506
    1.374446786    2.443460953   52.966958904   23.629402069  -11.892405596
    1.570796327    2.443460953   58.421273833   30.349992258  -11.453513667
    1.767145868    2.443460953   64.205432387   26.732037281  -10.274112723
    1.963495408    2.443460953   68.253600338   12.976846463   -9.098591737
    2.159844949    2.443460953   68.834315966   -7.882575147   -8.512687412
    2.356194490    2.443460953   65.002988428  -31.095815558   -8.762807434
    2.552544031    2.443460953   56.809704043  -51.464521383   -9.720703175
    2.748893572    2.443460953   45.280474670  -64.403779791  -10.977596285
    2.945243113    2.443460953   32.210008356  -66.859184752  -12.004341722

   -3.141592654    2.792526803   16.840180439  -58.085399301    0.275341033
   -2.945243113    2.792526803    7.151607739  -39.592564364    2.026485613
   -2.748893572    2.792526803    1.531413403  -17.699132572    4.011725662
   -2.552544031    2.792526803    0.000000000    1.030688093    6.185937111
   -2.356194490    2.792526803    1.404702749   11.689323808    8.619156701
   -2.159844949    2.792526803    3.986957216   13.247197120   11.464021708
   -1.963495408    2.792526803    6.216876328    8.928400081   14.808278247
   -1.767145868    2.792526803    7.481780234    4.415837090   18.491444205
   -1.570796327    2.792526803    8.281283069    4.845788156   22.036776075
   -1.374446786    2.792526803    9.854941528   12.315954194   24.778228327
   -1.178097245    2.792526803   13.476506968   25.119862047   26.129367094
   -0.981747704    2.792526803   19.793736937   38.934964326   25.820727409
   -0.785398163    2.792526803   28.519551434   48.865658604   23.965673154
   -0.589048623    2.792526803   38.516020868   51.460339263   20.934571390
   -0.392699082    2.792526803   48.181868056   45.463247100   17.150259697
   -0.196349541    2.792526803   55.885754793   31.846370270   12.913972238
    0.000000000    2.792526803   60.372589348   13.287097742    8.352503499
    0.196349541    2.792526803   61.056066586   -6.108577281    3.485572412
    0.392699082    2.792526803   58.248393203  -21.458022736   -1.609943367
    0.589048623    2.792526803   53.205751617  -28.225494631   -6.627099021
    0.785398163    2.792526803   47.900929713  -24.012379423  -10.985147158
    0.981747704    2.792526803   44.439863009   -9.986619039  -13.992915924
    1.178097245    2.792526803   44.319685677    8.972945733  -15.163051972
    1.374446786    2.792526803   47.835209944   25.848814184  -14.485688715
    1.570796327    2.792526803   53.919909788   34.305692058  -12.455111054
    1.767145868    2.792526803   60.525747045   30.909832725   -9.844121092
    1.963495408    2.792526803   65.311625741   16.163554765   -7.365947554
    2.159844949    2.792526803   66.366427363   -6.278947408   -5.433233483
    2.356194490    2.792526803   62.694097967  -31.023816953   -4.096721428
    2.552544031    2.792526803   54.403809059  -52.412526213   -3.141595328
    2.748893572    2.792526803   42.646735189  -65.649916779   -2.250358060
    2.945243113    2.792526803   29.362212907  -67.686371261   -1.154997588
