#! FIELDS phi psi file.free der_phi der_psi
#! SET min_phi -pi
#! SET max_phi pi
#! SET nbins_phi  32
#! SET periodic_phi true
#! SET min_psi -pi
#! SET max_psi pi
#! SET nbins_psi  18
#! SET periodic_psi true
   -3.141592654   -3.141592654   19.600723819  -56.070948358   13.950790721
   -2.945243113   -3.141592654   10.246202870  -38.186768648   16.540860895
   -2.748893572   -3.141592654    4.868961581  -16.554105090   18.508508482
   -2.552544031   -3.141592654    3.585294677    2.528595063   19.896009116
   -2.356194490   -3.141592654    5.377801923   14.257379013   21.022043163
   -2.159844949   -3.141592654    8.616248615   17.418736659   22.348036122
   -1.963495408   -3.141592654   11.830501355   14.734139806   24.214949157
   -1.767145868   -3.141592654   14.346927812   11.189282703   26.580779348
   -1.570796327   -3.141592654   16.470559110   11.318360735   28.941339421
   -1.374446786   -3.141592654   19.162050735   16.994767292   30.510967548
   -1.178097245   -3.141592654   23.421421496   26.787804785   30.575689040
   -0.981747704   -3.141592654   29.716814171   37.016704557   28.804825283
   -0.785398163   -3.141592654   37.719082342   43.489482289   25.351029520
   -0.589048623   -3.141592654   46.369887930   43.268124043   20.712143727
   -0.392699082   -3.141592654   54.220612251   35.319284384   15.474990990
   -0.196349541   -3.141592654   59.812318411   20.616083971   10.091869109
    0.000000000   -3.141592654   62.051732471    1.754091821    4.789185052
    0.196349541   -3.141592654   60.502705606  -17.181031634   -0.362994848
    0.392699082   -3.141592654   55.635301767  -31.204973040   -5.276831221
    0.589048623   -3.141592654   48.889257601  -35.652957469   -9.671283387
    0.785398163   -3.141592654   42.431043064  -28.197316591  -13.046358067
    0.981747704   -3.141592654   38.509143653  -10.463595482  -14.859004729
    1.178097245   -3.141592654   38.638871771   11.883939622  -14.818887280
    1.374446786   -3.141592654   42.974516810   31.079940379  -13.094104411
    1.570796327   -3.141592654   50.199585343   40.468656238  -10.250750348
    1.767145868   -3.141592654   58.008666055   36.865232528   -6.981900208
    1.963495408   -3.141592654   63.891964913   21.352285468   -3.791966268
    2.159844949   -3.141592654   65.886190587   -1.866451558   -0.854090094
    2.356194490   -3.141592654   63.023881179  -27.142562644    1.937300229
    2.552544031   -3.141592654   55.460618963  -48.873391586    4.783629249
    2.748893572   -3.141592654   44.365948807  -62.463430919    7.805364267
    2.945243113   -3.141592654   31.660339772  -65.014165897   10.939181394

   -3.141592654   -2.792526803   26.215279466  -50.548036623   21.238361448
   -2.945243113   -2.792526803   17.793317829  -34.298893413   24.105734760
   -2.748893572   -2.792526803   13.000485775  -14.473361690   25.854586554
   -2.552544031   -2.792526803   11.979479053    3.250039850   26.600955241
   -2.356194490   -2.792526803   13.856499092   14.581162902   26.804574471
   -2.159844949   -2.792526803   17.208277620   18.403991448   27.071218253
   -1.963495408   -2.792526803   20.735758068   16.972200404   27.838660029
   -1.767145868   -2.792526803   23.799506125   14.401247686   29.100876527
   -1.570796327   -2.792526803   26.562020614   14.375370803   30.352033050
   -1.374446786   -2.792526803   29.714456518   18.388798480   30.799663750
   -1.178097245   -2.792526803   33.977766745   25.290071302   29.738602201
   -0.981747704   -2.792526803   39.649753349   32.168858054   26.867212632
   -0.785398163   -2.792526803   46.397837706   35.696918894   22.384352922
   -0.589048623   -2.792526803   53.306636777   33.515812373   16.850743512
   -0.392699082   -2.792526803   59.143171524   24.746399493   10.921594892
   -0.196349541   -2.792526803   62.657451370   10.164520443    5.118681459
    0.000000000   -2.792526803   62.908862118   -7.962807872   -0.275966193
    0.196349541   -2.792526803   59.555157163  -25.790261881   -5.154741310
    0.392699082   -2.792526803   53.133886780  -38.349836000   -9.425059980
    0.589048623   -2.792526803   45.167652555  -40.838555787  -12.856874299
    0.785398163   -2.792526803   37.929788691  -30.860457044  -15.072700416
    0.981747704   -2.792526803   33.761458879  -10.283612023  -15.708823643
    1.178097245   -2.792526803   34.191102274   14.678337201  -14.659267392
    1.374446786   -2.792526803   39.270211053   35.704173070  -12.208458017
    1.570796327   -2.792526803   47.499395647   45.914317535   -8.919134994
    1.767145868   -2.792526803   56.392524748   42.380573102   -5.363194689
    1.963495408   -2.792526803   63.341846242   26.703068974   -1.856658616
    2.159844949   -2.792526803   66.386444242    3.541323625    1.600404386
    2.356194490   -2.792526803   64.622139012  -21.318268468    5.200293891
    2.552544031   -2.792526803   58.260068094  -42.466763745    9.108111551
    2.748893572   -2.792526803   48.466052689  -55.697656435   13.296213268
    2.945243113   -2.792526803   37.078156503  -58.485637013   17.487805925

   -3.141592654   -2.443460953   33.429025861  -44.977798683   19.698842940
   -2.945243113   -2.443460953   25.935876236  -30.480842875   22.124925513
   -2.748893572   -2.443460953   21.709253636  -12.496193525   23.507230007
   -2.552544031   -2.443460953   20.930018462    3.857450986   23.947082410
   -2.356194490   -2.443460953   22.860712560   14.675738270   23.806485780
   -2.159844949   -2.443460953   26.250515652   18.803346904   23.548032527
   -1.963495408   -2.443460953   29.916750060   17.973368025   23.495577897
   -1.767145868   -2.443460953   33.203639713   15.533456691   23.635134700
   -1.570796327   -2.443460953   36.115818083   14.562573578   23.591231742
   -1.374446786   -2.443460953   39.113787666   16.461321054   22.801570568
   -1.178097245   -2.443460953   42.727035601   20.548268483   20.802235986
   -0.981747704   -2.443460953   47.191616914   24.700485014   17.455097370
   -0.785398163   -2.443460953   52.266768611   26.310951949   13.001722126
   -0.589048623   -2.443460953   57.237664875   23.368524650    7.940929515
   -0.392699082   -2.443460953   61.096861828   14.919381061    2.808095262
   -0.196349541   -2.443460953   62.773104816    1.352841516   -1.996923218
    0.000000000   -2.443460953   61.418173467  -15.495776075   -6.291970704
    0.196349541   -2.443460953   56.711254533  -32.043511035  -10.043600021
    0.392699082   -2.443460953   49.188595715  -43.285605041  -13.226185867
    0.589048623   -2.443460953   40.402952444  -44.174504919  -15.683519473
    0.785398163   -2.443460953   32.705400524  -32.118114186  -17.109311188
    0.981747704   -2.443460953   28.524914592   -9.111756877  -17.179184396
    1.178097245   -2.443460953   29.417229777   18.157424435  -15.771851945
    1.374446786   -2.443460953   35.355305420   40.839934919  -13.104902089
    1.570796327   -2.443460953   44.681917260   51.811414788   -9.660623718
    1.767145868   -2.443460953   54.748851725   48.365273967   -5.956833576
    1.963495408   -2.443460953   62.861804227   32.578358321   -2.302338146
    2.159844949   -2.443460953   67.065906107    9.530923246    1.268445896
    2.356194490   -2.443460953   66.516926522  -14.891412274    4.894351290
    2.552544031   -2.443460953   61.470932974  -35.507437500    8.691807853
    2.748893572   -2.443460953   53.074371649  -48.512431905   12.614268050
    2.945243113   -2.443460953   43.068584099  -51.726404756   16.409128906

   -3.141592654   -2.094395102   39.266931809  -40.368223940   13.075038075
   -2.945243113   -2.094395102   32.543728221  -27.313795897   14.527533078
   -2.748893572   -2.094395102   28.782267063  -10.922322504   15.305875641
   -2.552544031   -2.094395102   28.171292312    4.065999350   15.495025871
   -2.356194490   -2.094395102   30.049890906   14.032648120   15.275786165
   -2.159844949   -2.094395102   33.273403287   17.819415344   14.832804024
   -1.963495408   -2.094395102   36.731087030   16.819965659   14.244304804
   -1.767145868   -2.094395102   39.751276655   13.876514338   13.419189943
   -1.570796327   -2.094395102   42.233383932   11.715509043   12.138451290
   -1.374446786   -2.094395102   44.501272426   11.801850929   10.181443518
   -1.178097245   -2.094395102   47.004584731   13.940447043    7.470236378
   -0.981747704   -2.094395102   50.017664897   16.665697404    4.137050750
   -0.785398163   -2.094395102   53.454083099   17.846110267    0.482259274
   -0.589048623   -2.094395102   56.807547936   15.519092045   -3.140881356
   -0.392699082   -2.094395102   59.246847793    8.392498362   -6.459876564
   -0.196349541   -2.094395102   59.788783354   -3.685031088   -9.344768753
    0.000000000   -2.094395102   57.570949691  -19.312230887  -11.823303373
    0.196349541   -2.094395102   52.199231394  -35.059203470  -13.996758404
    0.392699082   -2.094395102   44.141175395  -45.725779550  -15.923176822
    0.589048623   -2.094395102   34.943711978  -45.860118487  -17.498286349
    0.785398163   -2.094395102   27.030264056  -32.525778158  -18.427898348
    0.981747704   -2.094395102   22.940028532   -7.712219278  -18.339672341
    1.178097245   -2.094395102   24.300472233   21.508708128  -16.998716507
    1.374446786   -2.094395102   31.060137411   45.755723018  -14.477257364
    1.570796327   -2.094395102   41.447019906   57.560781125  -11.147433584
    1.767145868   -2.094395102   52.668506778   54.285684989   -7.501859730
    1.963495408   -2.094395102   61.932079153   38.356662576   -3.918438448
    2.159844949   -2.094395102   67.259888226   15.226274241   -0.557426743
    2.356194490   -2.094395102   67.838568598   -9.076587690    2.599774733
    2.552544031   -2.094395102   63.955522003  -29.486728305    5.607380258
    2.748893572   -2.094395102   56.748484135  -42.477678799    8.448658889
    2.945243113   -2.094395102   47.894281401  -46.125806704   10.997906572

   -3.141592654   -1.745329252   42.438704486  -37.785922662    6.391937041
   -2.945243113   -1.745329252   36.135674014  -25.663377603    6.953703007
   -2.748893572   -1.745329252   32.593986141  -10.349841028    7.091107647
   -2.552544031   -1.745329252   31.989263200    3.572029270    6.814471226
   -2.356194490   -1.745329252   33.677839645   12.620968300    6.129825036
   -2.159844949   -1.745329252   36.547541737   15.647386094    5.022358274
   -1.963495408   -1.745329252   39.508767851   13.928964399    3.448692689
   -1.767145868   -1.745329252   41.883649560   10.173718487    1.363441434
   -1.570796327   -1.745329252   43.550028901    7.102927410   -1.219956749
   -1.374446786   -1.745329252   44.827535929    6.366911124   -4.171830887
   -1.178097245   -1.745329252   46.210979874    8.059259706   -7.230262355
   -0.981747704   -1.745329252   48.073365900   10.938504742  -10.059600394
   -0.785398163   -1.745329252   50.452233497   12.900322902  -12.355363831
   -0.589048623   -1.745329252   52.948037579   11.773882640  -13.943953701
   -0.392699082   -1.745329252   54.779408254    5.939916043  -14.844576661
   -0.196349541   -1.745329252   54.947304402   -5.107183413  -15.243352590
    0.000000000   -1.745329252   52.512932676  -20.184652671  -15.441207016
    0.196349541   -1.745329252   46.981806152  -35.879608583  -15.732644959
    0.392699082   -1.745329252   38.743610230  -46.745654463  -16.282199534
    0.589048623   -1.745329252   29.337841805  -46.888418254  -17.014297059
    0.785398163   -1.745329252   21.269987052  -32.942591233  -17.595592525
    0.981747704   -1.745329252   17.219823119   -6.777247482  -17.556811091
    1.178097245   -1.745329252   18.936096038   24.225125174  -16.523167014
    1.374446786   -1.745329252   26.397217825   50.108732241  -14.417005625
    1.570796327   -1.745329252   37.750248159   62.910360450  -11.500584221
    1.767145868   -1.745329252   50.056720259   59.866808328   -8.232845338
    1.963495408   -1.745329252   60.391491214   43.619534983   -5.042188174
    2.159844949   -1.745329252   66.703877717   19.984419370   -2.186582149
    2.356194490   -1.745329252   68.172071817   -4.759551367    0.264230426
    2.552544031   -1.745329252   65.104328628  -25.487448284    2.333155558
    2.748893572   -1.745329252   58.654301315  -38.779466181    4.052312307
    2.945243113   -1.745329252   50.487058619  -42.862778261    5.415164773

   -3.141592654   -1.396263402   41.851016549  -38.206622291    4.367680192
   -2.945243113   -1.396263402   35.452211541  -26.213586494    4.233162300
   -2.748893572   -1.396263402   31.791567832  -11.029619550    3.658454003
   -2.552544031   -1.396263402   31.027322161    2.579526308    2.649861216
   -2.356194490   -1.396263402   32.465114485   10.996630195    1.173360416
   -2.159844949   -1.396263402   34.923715699   13.028633646   -0.840797264
   -1.963495408   -1.396263402   37.251334065   10.072905355   -3.452711421
   -1.767145868   -1.396263402   38.748703895    5.133225400   -6.623087071
   -1.570796327   -1.396263402   39.343578639    1.340823966  -10.137304623
   -1.374446786   -1.396263402   39.484651408    0.715452249  -13.602927764
   -1.178097245   -1.396263402   39.849685709    3.497898096  -16.538459445
   -0.981747704   -1.396263402   40.992261186    8.272267155  -18.527417091
   -0.785398163   -1.396263402   43.066835729   12.481458874  -19.356648726
   -0.589048623   -1.396263402   45.687841174   13.383550441  -19.072807850
   -0.392699082   -1.396263402   47.980242549    8.884269709  -17.963557918
   -0.196349541   -1.396263402   48.778972794   -1.797839019  -16.450636592
    0.000000000   -1.396263402   46.950512222  -17.469848052  -14.987096369
    0.196349541   -1.396263402   41.833850423  -34.454432964  -13.921138999
    0.392699082   -1.396263402   33.727887971  -46.806269085  -13.393834475
    0.589048623   -1.396263402   24.193877627  -48.014304642  -13.282150415
    0.785398163   -1.396263402   15.874969637  -34.194164574  -13.238309214
    0.981747704   -1.396263402   11.658124731   -7.060323360  -12.834609625
    1.178097245   -1.396263402   13.481414864   25.671372890  -11.765016028
    1.374446786   -1.396263402   21.410572930   53.376125899   -9.982827251
    1.570796327   -1.396263402   33.542388256   67.431352010   -7.701001031
    1.767145868   -1.396263402   46.787008476   64.740243414   -5.258421373
    1.963495408   -1.396263402   58.042779573   48.003770296   -2.944607687
    2.159844949   -1.396263402   65.123106780   23.366732781   -0.913861782
    2.356194490   -1.396263402   67.142397325   -2.533087864    0.805769887
    2.552544031   -1.396263402   64.406250819  -24.304306502    2.222977737
    2.748893572   -1.396263402   58.105413089  -38.397757146    3.323627406
    2.945243113   -1.396263402   49.957366572  -43.003397673    4.056186999

   -3.141592654   -1.047197551   40.165663867  -40.895161988    4.773866907
   -2.945243113   -1.047197551   33.229839531  -28.938208934    3.920166029
   -2.748893572   -1.047197551   29.055367711  -13.515214399    2.426531938
   -2.552544031   -1.047197551   27.827014226    0.299688568    0.383994996
   -2.356194490   -1.047197551   28.809698183    8.558552121   -2.145008463
   -2.159844949   -1.047197551   30.730546302    9.904870953   -5.159225334
   -1.963495408   -1.047197551   32.345977327    5.918994903   -8.663884472
   -1.767145868   -1.047197551   32.934002393    0.101940891  -12.537722271
   -1.570796327   -1.047197551   32.511601247   -3.823590451  -16.431089644
   -1.374446786   -1.047197551   31.715517236   -3.469767351  -19.793166896
   -1.178097245   -1.047197551   31.443075761    1.334583967  -22.040577637
   -0.981747704   -1.047197551   32.410128128    8.685376535  -22.784141146
   -0.785398163   -1.047197551   34.813719295   15.344568435  -21.981351106
   -0.589048623   -1.047197551   38.181777130   17.964201495  -19.937969816
   -0.392699082   -1.047197551   41.456191228   14.116415917  -17.200067748
   -0.196349541   -1.047197551   43.254862007    2.979212870  -14.362350478
    0.000000000   -1.047197551   42.247277291  -13.997790961  -11.906120760
    0.196349541   -1.047197551   37.648181240  -32.674538484  -10.061575752
    0.392699082   -1.047197551   29.736137773  -46.534748485   -8.773081504
    0.589048623   -1.047197551   20.161203358  -48.558437055   -7.774210787
    0.785398163   -1.047197551   11.733323553  -34.605820342   -6.750817162
    0.981747704   -1.047197551    7.520394768   -6.509487989   -5.508084571
    1.178097245   -1.047197551    9.583307083   27.571684034   -4.053009845
    1.374446786   -1.047197551   18.008865425   56.454389654   -2.542931639
    1.570796327   -1.047197551   30.815216584   71.098614421   -1.161230597
    1.767145868   -1.047197551   44.779570025   68.287024707    0.001258493
    1.963495408   -1.047197551   56.671340592   50.853646409    0.984885240
    2.159844949   -1.047197551   64.214363660   25.194959711    1.902219730
    2.356194490   -1.047197551   66.481552277   -1.844552561    2.842133778
    2.552544031   -1.047197551   63.769055588  -24.742000688    3.779027980
    2.748893572   -1.047197551   57.279594968  -39.854332140    4.558859719
    2.945243113   -1.047197551   48.762966625  -45.252234721    4.956461089

   -3.141592654   -0.698131701   40.539643189  -43.278570271    3.389257975
   -2.945243113   -0.698131701   33.036755492  -32.289283591    1.468977848
   -2.748893572   -0.698131701   28.131465105  -17.556711816   -1.099653346
   -2.552544031   -0.698131701   26.061427514   -4.209115620   -4.095258880
   -2.356194490   -0.698131701   26.117074844    3.614910869   -7.360059324
   -2.159844949   -0.698131701   27.016263498    4.427691417  -10.851337506
   -1.963495408   -0.698131701   27.504910963   -0.043683313  -14.546025610
   -1.767145868   -0.698131701   26.908995288   -5.872015788  -18.250807365
   -1.570796327   -0.698131701   25.386734874   -8.867363408  -21.495029311
   -1.374446786   -0.698131701   23.782981233   -6.477855011  -23.630042640
   -1.178097245   -0.698131701   23.188471813    1.143353179  -24.107928386
   -0.981747704   -0.698131701   24.407305806   11.388696662  -22.762122604
   -0.785398163   -0.698131701   27.575480782   20.268386611  -19.908187652
   -0.589048623   -0.698131701   32.034312514   23.932617520  -16.206210763
   -0.392699082   -0.698131701   36.478194184   19.862701409  -12.405898415
   -0.196349541   -0.698131701   39.299090890    7.517437579   -9.075794024
    0.000000000   -0.698131701   39.024402281  -11.090763442   -6.448761372
    0.196349541   -0.698131701   34.849762085  -31.171502515   -4.389910828
    0.392699082   -0.698131701   27.152471672  -45.705667166   -2.525713786
    0.589048623   -0.698131701   17.746618712  -47.538463693   -0.493053892
    0.785398163   -0.698131701    9.589485351  -32.822451836    1.809321553
    0.981747704   -0.698131701    5.810154996   -3.928502461    4.126440250
    1.178097245   -0.698131701    8.426265745   30.521574637    5.985846757
    1.374446786   -0.698131701   17.419868170   59.195045579    6.993054627
    1.570796327   -0.698131701   30.709041004   73.232472025    7.065637535
    1.767145868   -0.698131701   45.025348647   69.751406890    6.472610603
    1.963495408   -0.698131701   57.154078263   51.842753079    5.672078952
    2.159844949   -0.698131701   64.865516287   25.954704772    5.073334711
    2.356194490   -0.698131701   67.268286654   -1.227954949    4.858302226
    2.552544031   -0.698131701   64.651581096  -24.427912508    4.921517284
    2.748893572   -0.698131701   58.167318448  -40.177297851    4.938970102
    2.945243113   -0.698131701   49.497078389  -46.538964176    4.522998625

   -3.141592654   -0.349065850   41.401147349  -46.898332170    1.803305940
   -2.945243113   -0.349065850   33.054998669  -37.176750628   -0.745069385
   -2.748893572   -0.349065850   27.107927417  -23.173967776   -3.822836357
   -2.552544031   -0.349065850   23.906659235  -10.045983477   -7.126497518
   -2.356194490   -0.349065850   22.815743967   -2.212939985  -10.445612472
   -2.159844949   -0.349065850   22.571656837   -1.392628223  -13.719862497
   -1.963495408   -0.349065850   21.925226214   -5.731145403  -16.912755898
   -1.767145868   -0.349065850   20.270097034  -10.825723940  -19.795566946
   -1.570796327   -0.349065850   17.932523621  -12.018359770  -21.855647722
   -1.374446786   -0.349065850   15.978076461   -6.752813711  -22.457874014
   -1.178097245   -0.349065850   15.656335935    4.195252681  -21.192521615
   -0.981747704   -0.349065850   17.765420147   17.236354558  -18.163062340
   -0.785398163   -0.349065850   22.249928558   27.567919826  -14.007365483
   -0.589048623   -0.349065850   28.151841949   31.076924609   -9.626576680
   -0.392699082   -0.349065850   33.876034891   25.605831688   -5.808872011
   -0.196349541   -0.349065850   37.640585921   11.373354018   -2.925451103
    0.000000000   -0.349065850   37.961834329   -8.757607086   -0.830365059
    0.196349541   -0.349065850   34.173120618  -29.385543523    1.022213803
    0.392699082   -0.349065850   26.863834622  -43.385120816    3.271017276
    0.589048623   -0.349065850   18.022118131  -44.084503410    6.255228451
    0.785398163   -0.349065850   10.641554967  -28.492157302    9.741734187
    0.981747704   -0.349065850    7.722251608    0.285758769   12.967802826
    1.178097245   -0.349065850   11.058232571   33.461673431   15.025099290
    1.374446786   -0.349065850   20.443022988   60.189726267   15.361394232
    1.570796327   -0.349065850   33.741769055   72.426424898   14.063551457
    1.767145868   -0.349065850   47.784946328   67.939368392   11.772422248
    1.963495408   -0.349065850   59.539561660   49.990135627    9.319339686
    2.159844949   -0.349065850   66.940802950   24.712866445    7.344684398
    2.356194490   -0.349065850   69.170422652   -1.785279267    6.078913561
    2.552544031   -0.349065850   66.475703569  -24.778150687    5.337897182
    2.748893572   -0.349065850   59.881434427  -41.079146188    4.673098531
    2.945243113   -0.349065850   50.922656395  -48.664631953    3.600098963

   -3.141592654    0.000000000   41.685782395  -51.111943876   -0.150062843
   -2.945243113    0.000000000   32.404507257  -42.387370293   -2.678422042
   -2.748893572    0.000000000   25.382213510  -28.802187957   -5.469591646
   -2.552544031    0.000000000   21.079763883  -15.563385152   -8.255270949
   -2.356194490    0.000000000   18.937740681   -7.385545408  -10.885587363
   -2.159844949    0.000000000   17.714659987   -6.185096566  -13.349605956
   -1.963495408    0.000000000   16.177116924   -9.949009242  -15.624045189
   -1.767145868    0.000000000   13.799030285  -13.823941898  -17.471181793
   -1.570796327    0.000000000   11.072549041  -12.809849036  -18.396078937
   -1.374446786    0.000000000    9.249614214   -4.539074170  -17.856202531
   -1.178097245    0.000000000    9.667578999    9.433628899  -15.614634381
   -0.981747704    0.000000000   13.029539776   24.526455831  -11.970651136
   -0.785398163    0.000000000   19.016948772   35.303027320   -7.690249523
   -0.589048623    0.000000000   26.350209095   37.704977113   -3.661050735
   -0.392699082    0.000000000   33.189190042   30.264949323   -0.491274996
   -0.196349541    0.000000000   37.678544152   14.197535196    1.738839550
    0.000000000    0.000000000   38.452693345   -6.749268302    3.481665662
    0.196349541    0.000000000   35.094885747  -26.774083828    5.478122315
    0.392699082    0.000000000   28.452995668  -39.091008441    8.359129368
    0.589048623    0.000000000   20.635063278  -38.054904443   12.235209322
    0.785398163    0.000000000   14.520813320  -21.918940773   16.508812263
    0.981747704    0.000000000   12.791123752    5.488347871   20.068239426
    1.178097245    0.000000000   16.873738715   35.661320418   21.824001065
    1.374446786    0.000000000   26.343709369   58.891067352   21.268425691
    1.570796327    0.000000000   39.101612174   68.445712102   18.707793361
    1.767145868    0.000000000   52.226864828   62.854862798   15.052587529
    1.963495408    0.000000000   63.003412023   45.323136595   11.336795231
    2.159844949    0.000000000   69.605339375   21.307995330    8.290852378
    2.356194490    0.000000000   71.295652192   -3.936237616    6.141140104
    2.552544031    0.000000000   68.250489689  -26.341317188    4.666705395
    2.748893572    0.000000000   61.332532380  -42.962767610    3.401089315
    2.945243113    0.000000000   51.910068881  -51.594614711    1.883102968

   -3.141592654    0.349065850   42.709829762  -53.804020957   -0.557287491
   -2.945243113    0.349065850   32.814373542  -45.892675281   -2.138771734
   -2.748893572    0.349065850   25.048591028  -32.792953968   -3.773837133
   -2.552544031    0.349065850   19.945140245  -19.673608174   -5.361076516
   -2.356194490    0.349065850   17.004170791  -11.380770929   -6.875198957
   -2.159844949    0.349065850   15.021884934   -9.885242353   -8.342249510
   -1.963495408    0.349065850   12.813374528  -12.997259305   -9.711723104
   -1.767145868    0.349065850    9.952805616  -15.558338899  -10.736764354
   -1.570796327    0.349065850    7.079037517  -12.459898577  -11.004219233
   -1.374446786    0.349065850    5.568535901   -1.696261115  -10.142191665
   -1.178097245    0.349065850    6.767477805   14.413697630   -8.084725407
   -0.981747704    0.349065850   11.229712946   30.522448238   -5.183868397
   -0.785398163    0.349065850   18.377577860   40.904698623   -2.073389411
   -0.589048623    0.349065850   26.680989306   41.875725823    0.648540093
   -0.392699082    0.349065850   34.175166313   32.814138254    2.724562129
   -0.196349541    0.349065850   39.060574149   15.870064562    4.358660811
    0.000000000    0.349065850   40.185224262   -4.608007070    6.126095824
    0.196349541    0.349065850   37.406383157  -22.838089727    8.680617787
    0.392699082    0.349065850   31.770048719  -32.789280947   12.380971847
    0.589048623    0.349065850   25.376607041  -30.079714999   16.976956990
    0.785398163    0.349065850   20.845038935  -14.163357922   21.559600527
    0.981747704    0.349065850   20.425997308   10.712978068   24.873197025
    1.178097245    0.349065850   25.143275443   36.733411008   25.889754355
    1.374446786    0.349065850   34.389629236   55.651469903   24.307402028
    1.570796327    0.349065850   46.183668404   62.177353266   20.671558652
    1.767145868    0.349065850   57.943352402   55.558807007   16.061500744
    1.963495408    0.349065850   67.340001285   38.811441543   11.572259095
    2.159844949    0.349065850   72.830047500   16.580275860    7.919237229
    2.356194490    0.349065850   73.778951617   -6.815662375    5.299998801
    2.552544031    0.349065850   70.301560582  -28.006546574    3.509529284
    2.748893572    0.349065850   63.101997462  -44.319964850    2.154253904
    2.945243113    0.349065850   53.376696902  -53.425269779    0.867976363

   -3.141592654    0.698131701   43.973415672  -54.393577178   -0.876208641
   -2.945243113    0.698131701   33.917698003  -46.937822031   -1.086030523
   -2.748893572    0.698131701   25.895032370  -34.353062314   -1.212300741
   -2.552544031    0.698131701   20.438044811  -21.693868515   -1.395087086
   -2.356194490    0.698131701   17.064268166  -13.737964254   -1.759237447
   -2.159844949    0.698131701   14.604219620  -12.340939915   -2.351273716
   -1.963495408    0.698131701   11.935824922  -15.141810265   -3.076098695
   -1.767145868    0.698131701    8.729252676  -16.843332329   -3.692949304
   -1.570796327    0.698131701    5.729338398  -12.398995818   -3.905164691
   -1.374446786    0.698131701    4.378608722   -0.150254071   -3.508263749
   -1.178097245    0.698131701    6.001237293   17.080238611   -2.507896127
   -0.981747704    0.698131701   11.037564102   33.564359717   -1.111993667
   -0.785398163    0.698131701   18.756459160   43.578716686    0.402085809
   -0.589048623    0.698131701   27.516840055   43.855827961    1.870226460
   -0.392699082    0.698131701   35.351106160   34.399260818    3.370473928
   -0.196349541    0.698131701   40.575476835   17.909678223    5.210387716
    0.000000000    0.698131701   42.230301658   -1.086620700    7.805200069
    0.196349541    0.698131701   40.349632930  -17.154548805   11.441419652
    0.392699082    0.698131701   36.035293570  -25.131403547   16.029789170
    0.589048623    0.698131701   31.243217891  -21.725744802   20.952392679
    0.785398163    0.698131701   28.254087873   -7.181955134   25.151429150
    0.981747704    0.698131701   28.899982624   14.292207441   27.490998417
    1.178097245    0.698131701   33.888333373   35.851524420   27.255268885
    1.374446786    0.698131701   42.543813128   50.699840415   24.487133315
    1.570796327    0.698131701   53.089219370   54.743120629   19.957325794
    1.767145868    0.698131701   63.310264560   47.642938460   14.788834739
    1.963495408    0.698131701   71.244262160   32.039348920    9.979773520
    2.159844949    0.698131701   75.590333321   11.761821905    6.113797552
    2.356194490    0.698131701   75.791720244   -9.658737808    3.322992067
    2.552544031    0.698131701   71.911991444  -29.368610073    1.455220048
    2.748893572    0.698131701   64.535523734  -44.873140865    0.263484913
    2.945243113    0.698131701   54.729242530  -53.782854581   -0.464193814

   -3.141592654    1.047197551   42.538920370  -54.811228343   -5.361199958
   -2.945243113    1.047197551   32.478668640  -46.582663012   -4.762044991
   -2.748893572    1.047197551   24.578349106  -33.516012253   -3.731791008
   -2.552544031    1.047197551   19.299923730  -20.779093700   -2.607454263
   -2.356194490    1.047197551   16.081728415  -13.115105933   -1.681915497
   -2.159844949    1.047197551   13.699898432  -12.170018059   -1.103502335
   -1.963495408    1.047197551   11.028359170  -15.303318486   -0.848850637
   -1.767145868    1.047197551    7.782952899  -17.018078404   -0.781089127
   -1.570796327    1.047197551    4.774870576  -12.265975462   -0.747868791
   -1.374446786    1.047197551    3.494111027    0.427568055   -0.650224635
   -1.178097245    1.047197551    5.268817363   18.018778833   -0.445125029
   -0.981747704    1.047197551   10.510648196   34.690431782   -0.086069879
   -0.785398163    1.047197551   18.463776745   44.848174281    0.537466464
   -0.589048623    1.047197551   27.505429685   45.520119617    1.612832256
   -0.392699082    1.047197551   35.747662810   36.992371620    3.374967354
   -0.196349541    1.047197551   41.625575255   22.074578313    6.021450200
    0.000000000    1.047197551   44.289596249    5.059934431    9.632780049
    0.196349541    1.047197551   43.801734745   -9.209232423   14.057164292
    0.392699082    1.047197551   41.148318389  -16.399593982   18.821924798
    0.589048623    1.047197551   38.009735962  -13.944624451   23.130803849
    0.785398163    1.047197551   36.294085427   -2.291243187   26.035344515
    0.981747704    1.047197551   37.497013569   14.935263987   26.761541223
    1.178097245    1.047197551   42.170887946   32.090175379   25.049153289
    1.374446786    1.047197551   49.737224143   43.632693936   21.287337289
    1.570796327    1.047197551   58.716937320   46.183840037   16.342443069
    1.767145868    1.047197551   67.256406043   39.315040051   11.180588016
    1.963495408    1.047197551   73.671768136   25.008225752    6.504159804
    2.159844949    1.047197551   76.793314957    6.312951745    2.625360555
    2.356194490    1.047197551   76.064934245  -13.733478985   -0.444466404
    2.552544031    1.047197551   71.492921489  -32.391423511   -2.781418528
    2.748893572    1.047197551   63.609648288  -47.024339471   -4.408387324
    2.945243113    1.047197551   53.463860996  -55.077088517   -5.276802883

   -3.141592654    1.396263402   38.039256654  -54.663275199  -10.848931822
   -2.945243113    1.396263402   28.208478803  -44.457994133  -10.298241142
   -2.748893572    1.396263402   20.865944796  -30.098948884   -8.929538494
   -2.552544031    1.396263402   16.311564024  -16.970772384   -7.098037560
   -2.356194490    1.396263402   13.813409660   -9.694748225   -5.166427634
   -2.159844949    1.396263402   12.026344207   -9.574428275   -3.386006852
   -1.963495408    1.396263402    9.772680401  -13.640195200   -1.867714420
   -1.767145868    1.396263402    6.767715788  -16.215073057   -0.637209959
   -1.570796327    1.396263402    3.843108231  -12.197650128    0.296309260
   -1.374446786    1.396263402    2.518505721   -0.051483968    0.930562567
   -1.178097245    1.396263402    4.173569280   17.349656658    1.321511884
   -0.981747704    1.396263402    9.312275638   34.415747148    1.643442949
   -0.785398163    1.396263402   17.308904547   45.674971361    2.186685287
   -0.589048623    1.396263402   26.674163273   48.072207024    3.274256133
   -0.392699082    1.396263402   35.616390549   41.585905363    5.163472250
   -0.196349541    1.396263402   42.592442759   28.613333402    7.944358767
    0.000000000    1.396263402   46.688512324   12.975902595   11.495663633
    0.196349541    1.396263402   47.809122529   -0.949646937   15.442817609
    0.392699082    1.396263402   46.698243919   -9.203107022   19.171831957
    0.589048623    1.396263402   44.744766829   -9.301837246   21.924779068
    0.785398163    1.396263402   43.593766259   -1.303096593   23.009301196
    0.981747704    1.396263402   44.603269512   12.025080351   22.060660652
    1.178097245    1.396263402   48.378553056   26.047838560   19.217786116
    1.374446786    1.396263402   54.566918243   35.898638845   15.085267516
    1.570796327    1.396263402   61.985639457   38.228621456   10.471020601
    1.767145868    1.396263402   69.022291930   32.047332851    6.056503072
    1.963495408    1.396263402   74.098548101   18.616588387    2.171159967
    2.159844949    1.396263402   76.030331911    0.528944858   -1.184321019
    2.356194490    1.396263402   74.204271027  -19.139705380   -4.152652269
    2.552544031    1.396263402   68.616642952  -37.263040505   -6.787483280
    2.748893572    1.396263402   59.872836653  -50.797512587   -8.954934026
    2.945243113    1.396263402   49.149481205  -57.078393085  -10.386718572

   -3.141592654    1.745329252   32.174548929  -55.458061481  -15.904796832
   -2.945243113    1.745329252   22.417825997  -42.939296713  -15.603138575
   -2.748893572    1.745329252   15.565805934  -26.739453939  -14.112866445
   -2.552544031    1.745329252   11.786029904  -12.592226508  -11.737013856
   -2.356194490    1.745329252   10.176600214   -5.152642067   -8.847767202
   -2.159844949    1.745329252    9.241746187   -5.523747804   -5.761502014
   -1.963495408    1.745329252    7.700898179  -10.477319360   -2.705734235
   -1.767145868    1.745329252    5.213281117  -14.126487125    0.133056381
   -1.570796327    1.745329252    2.591848583  -11.183114997    2.564063053
   -1.374446786    1.745329252    1.379232177    0.136017857    4.422933149
   -1.178097245    1.745329252    3.033589351   17.265118099    5.664168236
   -0.981747704    1.745329252    8.193526540   34.851393272    6.434450109
   -0.785398163    1.745329252   16.392916685   47.408111217    7.048114695
   -0.589048623    1.745329252   26.270015629   51.590967914    7.858557624
   -0.392699082    1.745329252   36.083278074   46.887547038    9.124751740
   -0.196349541    1.745329252   44.237103210   35.183442155   10.898161057
    0.000000000    1.745329252   49.671983544   19.854306561   13.000380356
    0.196349541    1.745329252   52.073621971    5.002092541   15.028046724
    0.392699082    1.745329252   51.936463908   -5.429940448   16.437344466
    0.589048623    1.745329252   50.431098589   -8.609720737   16.701676412
    0.785398163    1.745329252   49.090258262   -3.885977100   15.520470060
    0.981747704    1.745329252   49.317735784    6.817887771   12.977750823
    1.178097245    1.745329252   51.913954902   19.480975983    9.539929232
    1.374446786    1.745329252   56.791641789   29.305373116    5.863651410
    1.570796327    1.745329252   62.989269055   32.464247508    2.500994486
    1.767145868    1.745329252   68.989673668   27.211808486   -0.317910520
    1.963495408    1.745329252   73.170799665   14.227908041   -2.728980536
    2.159844949    1.745329252   74.232154326   -4.035365155   -5.061278012
    2.356194490    1.745329252   71.464530871  -24.162823287   -7.587187955
    2.552544031    1.745329252   64.864611876  -42.450076472  -10.309373606
    2.748893572    1.745329252   55.147490167  -55.361248230  -12.922929877
    2.945243113    1.745329252   43.665675954  -60.085579148  -14.938429278

   -3.141592654    2.094395102   25.881452731  -56.850264039  -17.843420543
   -2.945243113    2.094395102   16.079248663  -42.009156642  -17.836713546
   -2.748893572    2.094395102    9.623382490  -23.713432137  -16.428373721
   -2.552544031    2.094395102    6.598888952   -8.038810080  -13.795902941
   -2.356194490    2.094395102    5.979750102    0.273110034  -10.262377870
   -2.159844949    2.094395102    6.148391899    0.203637090   -6.180933913
   -1.963495408    2.094395102    5.722693191   -4.919962918   -1.883638246
   -1.767145868    2.094395102    4.274822980   -9.162598842    2.300455648
   -1.570796327    2.094395102    2.539727541   -7.168908733    6.028345300
   -1.374446786    2.094395102    2.006979065    3.042294131    8.991787810
   -1.178097245    2.094395102    4.135232509   19.238939608   11.019410437
   -0.981747704    2.094395102    9.630143191   36.382627155   12.153357697
   -0.785398163    2.094395102   18.135980299   49.077767238   12.628816725
   -0.589048623    2.094395102   28.390624267   53.800584407   12.749930502
   -0.392699082    2.094395102   38.696365737   49.652118432   12.758907951
   -0.196349541    2.094395102   47.418564948   38.110281234   12.724689089
    0.000000000    2.094395102   53.386569765   22.218943576   12.522249032
    0.196349541    2.094395102   56.127554281    5.953324591   11.860096330
    0.392699082    2.094395102   55.979124634   -6.581093479   10.407543304
    0.589048623    2.094395102   54.019160782  -12.067220112    7.983628431
    0.785398163    2.094395102   51.805968355   -9.173160390    4.728641970
    0.981747704    2.094395102   50.898427900    0.755046396    1.133908027
    1.178097245    2.094395102   52.329340843   13.867112105   -2.131882791
    1.374446786    2.094395102   56.224854361   25.002655217   -4.525791053
    1.570796327    2.094395102   61.725577016   29.630412346   -5.889604105
    1.767145868    2.094395102   67.271994412   25.283379583   -6.506781827
    1.963495408    2.094395102   71.087156171   12.271592502   -6.952021333
    2.159844949    2.094395102   71.690552637   -6.844625572   -7.808960417
    2.356194490    2.094395102   68.257172837  -28.124214930   -9.413797865
    2.552544031    2.094395102   60.791685462  -47.186035908  -11.712532949
    2.748893572    2.094395102   50.139402738  -59.966377228  -14.291183126
    2.945243113    2.094395102   37.853708091  -63.492963321  -16.533459087

   -3.141592654    2.443460953   19.990203599  -58.528391360  -11.857968148
   -2.945243113    2.443460953   10.066238128  -41.538537118  -11.339573332
   -2.748893572    2.443460953    3.921656874  -21.048226048   -9.740326169
   -2.552544031    2.443460953    1.614886435   -3.463967905   -7.149748659
   -2.356194490    2.443460953    2.046505988    6.320161714   -3.747918315
   -2.159844949    2.443460953    3.508616159    7.250286656    0.262595582
   -1.963495408    2.443460953    4.523681996    2.617556996    4.652730533
   -1.767145868    2.443460953    4.556541503   -1.725104451    9.102877790
   -1.570796327    2.443460953    4.218815856   -0.481811844   13.172480329
   -1.374446786    2.443460953    4.877370799    8.410085116   16.377972202
   -1.178097245    2.443460953    7.902266536   22.977143729   18.358291086
   -0.981747704    2.443460953   13.971435378   38.520353784   19.014400964
   -0.785398163    2.443460953   22.761933351   49.887154435   18.523052439
   -0.589048623    2.443460953   33.073274465   53.610142016   17.207595257
   -0.392699082    2.443460953   43.260992354   48.642184811   15.377478520
   -0.196349541    2.443460953   51.701214909   36.212777467   13.191639178
    0.000000000    2.443460953   57.185587454   19.124415489   10.633600614
    0.196349541    2.443460953   59.171560810    1.307975542    7.566287015
    0.392699082    2.443460953   57.948168787  -12.857472938    3.883373441
    0.589048623    2.443460953   54.630600929  -19.478444076   -0.302916734
    0.785398163    2.443460953   50.938079255  -16.599775893   -4.555684269
    0.981747704    2.443460953   48.684849075   -5.293486493   -8.196730688
    1.178097245    2.443460953   49.155902586   10.265003245  -10.577872868
    1.374446786    2.443460953   52.611274528   24.081147236  -11.398620579
    1.570796327    2.443460953   58.143190993   30.690412887  -10.863536235
    1.767145868    2.443460953   63.986510859   27.011620451   -9.587873090
    1.963495408    2.443460953   68.091983125   13.302994852   -8.327058661
    2.159844949    2.443460953   68.748408151   -7.430477811   -7.681867013
    2.356194490    2.443460953   65.017924490  -30.532809799   -7.912585866
    2.552544031    2.443460953   56.936226227  -50.919250604   -8.900013765
    2.748893572    2.443460953   45.497751283  -64.052581294  -10.236239063
    2.945243113    2.443460953   32.466031506  -66.827721858  -11.385614464

   -3.141592654    2.792526803   17.219545907  -58.647453403    0.631389556
   -2.945243113    2.792526803    7.398964560  -40.336075347    2.248964793
   -2.748893572    2.792526803    1.635646822  -18.367942544    4.100252678
   -2.552544031    2.792526803    0.000000000    0.672978274    6.154406588
   -2.356194490    2.792526803    1.376808185   11.777322237    8.493208580
   -2.159844949    2.792526803    4.021473361   13.785829517   11.275771971
   -1.963495408    2.792526803    6.393749919    9.818303196   14.589615447
   -1.767145868    2.792526803    7.854614037    5.491382907   18.266091213
   -1.570796327    2.792526803    8.867745321    5.916186105   21.811911008
   -1.374446786    2.792526803   10.634469224   13.182510570   24.540399650
   -1.178097245    2.792526803   14.390836577   25.602285168   25.848370746
   -0.981747704    2.792526803   20.753431780   38.901755970   25.464015716
   -0.785398163    2.792526803   29.417002894   48.266222672   23.519232834
   -0.589048623    2.792526803   39.243729633   50.350960810   20.416874318
   -0.392699082    2.792526803   48.654259415   44.008954553   16.613600375
   -0.196349541    2.792526803   56.058713987   30.296131874   12.429187187
    0.000000000    2.792526803   60.254183851   11.913727063    7.985513652
    0.196349541    2.792526803   60.703984286   -7.085446252    3.276117298
    0.392699082    2.792526803   57.753016876  -21.933625163   -1.658774978
    0.589048623    2.792526803   52.665332450  -28.219290458   -6.544530223
    0.785398163    2.792526803   47.399843670  -23.641639716  -10.816673611
    0.981747704    2.792526803   44.034157461   -9.412281425  -13.779559279
    1.178097245    2.792526803   44.033392240    9.594246745  -14.925451167
    1.374446786    2.792526803   47.665525861   26.404215940  -14.219456249
    1.570796327    2.792526803   53.849097584   34.760080864  -12.138216409
    1.767145868    2.792526803   60.537328076   31.309654604   -9.451892515
    1.963495408    2.792526803   65.403172424   16.595425348   -6.886146977
    2.159844949    2.792526803   66.550696252   -5.764173996   -4.875285227
    2.356194490    2.792526803   62.985116080  -30.467305092   -3.491386738
    2.552544031    2.792526803   54.797091121  -51.956708000   -2.533952843
    2.748893572    2.792526803   43.105016721  -65.469877090   -1.688552678
    2.945243113    2.792526803   29.818773553  -67.892073927   -0.681022874
