#! FIELDS phi psi file.free der_phi der_psi
#! SET min_phi -pi
#! SET max_phi pi
#! SET nbins_phi  32
#! SET periodic_phi true
#! SET min_psi -pi
#! SET max_psi pi
#! SET nbins_psi  18
#! SET periodic_psi true
   -3.141592654   -3.141592654   20.168391599  -53.810289974   11.834464497
   -2.945243113   -3.141592654   10.936341967  -38.996771082   14.340796594
   -2.748893572   -3.141592654    5.212306923  -18.957923544   16.468505122
   -2.552544031   -3.141592654    3.435656966    0.182782443   18.182343560
   -2.356194490   -3.141592654    4.862065289   12.977828063   19.669332446
   -2.159844949   -3.141592654    7.967287619   17.285464700   21.247700448
   -1.963495408   -3.141592654   11.218619820   15.099993189   23.144774307
   -1.767145868   -3.141592654   13.782122112   11.158710058   25.267382663
   -1.570796327   -3.141592654   15.799715055   10.182836306   27.136421879
   -1.374446786   -3.141592654   18.130020056   14.438294456   28.061470000
   -1.178097245   -3.141592654   21.748726968   22.872190380   27.467252631
   -0.981747704   -3.141592654   27.164774614   32.058825933   25.172550799
   -0.785398163   -3.141592654   34.132865605   38.032122833   21.455640525
   -0.589048623   -3.141592654   41.723839651   38.099407453   16.889317709
   -0.392699082   -3.141592654   48.672280261   31.509625968   12.062143949
   -0.196349541   -3.141592654   53.752129819   19.436679768    7.347747206
    0.000000000   -3.141592654   56.117001957    4.387484073    2.830659393
    0.196349541   -3.141592654   55.515928028  -10.118053530   -1.580829268
    0.392699082   -3.141592654   52.442846560  -20.168789622   -5.927687432
    0.589048623   -3.141592654   48.114679257  -22.471556099   -9.984706027
    0.785398163   -3.141592654   44.212330209  -15.907172207  -13.225019739
    0.981747704   -3.141592654   42.330186979   -2.516290089  -15.020037545
    1.178097245   -3.141592654   43.367563733   12.902227161  -14.979577226
    1.374446786   -3.141592654   47.159647381   24.669489077  -13.205520700
    1.570796327   -3.141592654   52.548136425   28.731483887  -10.259510265
    1.767145868   -3.141592654   57.852229579   23.856411212   -6.887621350
    1.963495408   -3.141592654   61.421933222   11.455657784   -3.674818637
    2.159844949   -3.141592654   62.035015623   -5.749840888   -0.863314857
    2.356194490   -3.141592654   59.049412245  -24.685638566    1.623312712
    2.552544031   -3.141592654   52.434326490  -42.169066990    4.012066018
    2.748893572   -3.141592654   42.803971865  -54.813338069    6.502363996
    2.945243113   -3.141592654   31.442410791  -59.346838575    9.147952863

   -3.141592654   -2.792526803   25.832583847  -48.138286727   18.036673823
   -2.945243113   -2.792526803   17.605459582  -34.544523445   21.033717810
   -2.748893572   -2.792526803   12.602137758  -16.094725579   23.120273122
   -2.552544031   -2.792526803   11.242779983    1.652888894   24.279249816
   -2.356194490   -2.792526803   12.878103218   13.787229941   24.825109730
   -2.159844949   -2.792526803   16.152248002   18.331831606   25.252815088
   -1.963495408   -2.792526803   19.680590052   16.904807004   25.946102126
   -1.767145868   -2.792526803   22.659836478   13.478478752   26.910668549
   -1.570796327   -2.792526803   25.107540230   12.040372394   27.714732587
   -1.374446786   -2.792526803   27.653469487   14.582422620   27.690529676
   -1.178097245   -2.792526803   31.051858332   20.394131572   26.280447983
   -0.981747704   -2.792526803   35.704316241   26.807821746   23.318855552
   -0.785398163   -2.792526803   41.414122464   30.621654569   19.091487817
   -0.589048623   -2.792526803   47.419479422   29.544856894   14.170477439
   -0.392699082   -2.792526803   52.655205542   22.759757045    9.132785255
   -0.196349541   -2.792526803   56.046696465   11.048808385    4.336161061
    0.000000000   -2.792526803   56.813300618   -3.503383178   -0.156206033
    0.196349541   -2.792526803   54.707138384  -17.558714227   -4.453364473
    0.392699082   -2.792526803   50.225120357  -27.019985885   -8.605791082
    0.589048623   -2.792526803   44.651149215  -28.178223582  -12.392458892
    0.785398163   -2.792526803   39.810440219  -19.599945650  -15.295217042
    0.981747704   -2.792526803   37.464798636   -3.445377985  -16.705449744
    1.178097245   -2.792526803   38.608765560   14.884985412  -16.262573099
    1.374446786   -2.792526803   43.030854814   28.955602800  -14.093049487
    1.570796327   -2.792526803   49.399223915   34.234369016  -10.760274007
    1.767145868   -2.792526803   55.816728047   29.559480624   -6.980492717
    1.963495408   -2.792526803   60.477163111   16.825564564   -3.278371290
    2.159844949   -2.792526803   62.111373326   -0.674558024    0.175834695
    2.356194490   -2.792526803   60.123297184  -19.532329156    3.512290709
    2.552544031   -2.792526803   54.558677043  -36.583693784    6.957820337
    2.748893572   -2.792526803   46.075388928  -48.742955197   10.633272886
    2.945243113   -2.792526803   35.927913483  -53.146169505   14.433018282

   -3.141592654   -2.443460953   32.082514325  -42.448321825   17.387067204
   -2.945243113   -2.443460953   24.843433976  -30.269501861   19.948346886
   -2.748893572   -2.443460953   20.513634930  -13.523084827   21.569004972
   -2.552544031   -2.443460953   19.507384966    2.761495698   22.241065290
   -2.356194490   -2.443460953   21.270668488   14.116176920   22.234554761
   -2.159844949   -2.443460953   24.595708760   18.624430403   21.968899954
   -1.963495408   -2.443460953   28.210018950   17.487765270   21.776282536
   -1.767145868   -2.443460953   31.308718732   13.997841310   21.693777375
   -1.570796327   -2.443460953   33.781510175   11.607274221   21.427642689
   -1.374446786   -2.443460953   36.069022514   12.254988509   20.518929513
   -1.178097245   -2.443460953   38.779142408   15.696479115   18.608810686
   -0.981747704   -2.443460953   42.290247099   19.984118803   15.639981061
   -0.785398163   -2.443460953   46.516737370   22.513872078   11.878328407
   -0.589048623   -2.443460953   50.888222309   21.180508283    7.770756107
   -0.392699082   -2.443460953   54.523224039   14.923970265    3.720150802
   -0.196349541   -2.443460953   56.454633331    4.020142417   -0.073256339
    0.000000000   -2.443460953   55.908019380   -9.902227542   -3.654461768
    0.196349541   -2.443460953   52.579253718  -23.653824675   -7.184460696
    0.392699082   -2.443460953   46.922029407  -32.853645065  -10.728553881
    0.589048623   -2.443460953   40.265249691  -33.235993220  -14.063885049
    0.785398163   -2.443460953   34.584589408  -22.914335675  -16.660862115
    0.981747704   -2.443460953   31.837780391   -4.087552377  -17.883434672
    1.178097245   -2.443460953   33.150508282   17.235450699  -17.324261386
    1.374446786   -2.443460953   38.291882193   33.789955309  -15.051406732
    1.570796327   -2.443460953   45.766624491   40.468703803  -11.581903885
    1.767145868   -2.443460953   53.454974162   36.121046182   -7.614945663
    1.963495408   -2.443460953   59.381412954   23.108697927   -3.691144447
    2.159844949   -2.443460953   62.216598898    5.308744405   -0.020015648
    2.356194490   -2.443460953   61.399375053  -13.532430780    3.478962932
    2.552544031   -2.443460953   57.040208595  -30.278498905    6.982830940
    2.748893572   -2.443460953   49.826862430  -42.152564672   10.576111935
    2.945243113   -2.443460953   40.971506428  -46.676605985   14.142855767

   -3.141592654   -2.094395102   37.445229067  -37.876706222   12.148356554
   -2.945243113   -2.094395102   30.984814654  -26.992219487   13.665083725
   -2.748893572   -2.094395102   27.147936963  -11.800073342   14.539068781
   -2.552544031   -2.094395102   26.334051051    3.049251241   14.793839962
   -2.356194490   -2.094395102   28.048916133   13.428485584   14.579854674
   -2.159844949   -2.094395102   31.187885697   17.493263981   14.094085050
   -1.963495408   -2.094395102   34.561364890   16.171788270   13.456324732
   -1.767145868   -2.094395102   37.370669851   12.296722706   12.625043460
   -1.570796327   -2.094395102   39.429467553    8.996090977   11.426053597
   -1.374446786   -2.094395102   41.073712590    8.265866965    9.680801147
   -1.178097245   -2.094395102   42.856618822   10.286992556    7.349926028
   -0.981747704   -2.094395102   45.202054411   13.643890136    4.593728171
   -0.785398163   -2.094395102   48.157661656   16.057814940    1.708285525
   -0.589048623   -2.094395102   51.312520967   15.346450757   -1.008799057
   -0.392699082   -2.094395102   53.893984045   10.051306889   -3.402170362
   -0.196349541   -2.094395102   54.951713109   -0.068888922   -5.513287976
    0.000000000   -2.094395102   53.637837727  -13.722678965   -7.558710852
    0.196349541   -2.094395102   49.541713089  -27.707037558   -9.787751400
    0.392699082   -2.094395102   43.053547761  -37.223392218  -12.299854401
    0.589048623   -2.094395102   35.547456869  -37.370425869  -14.883547857
    0.785398163   -2.094395102   29.161488004  -25.766175743  -17.007299364
    0.981747704   -2.094395102   26.068861996   -4.609774660  -18.010527706
    1.178097245   -2.094395102   27.552827331   19.514878132  -17.427709027
    1.374446786   -2.094395102   33.393714109   38.511344225  -15.242948956
    1.570796327   -2.094395102   41.957606724   46.647994993  -11.897686347
    1.767145868   -2.094395102   50.913819817   42.698565291   -8.055748181
    1.963495408   -2.094395102   58.111420933   29.411038971   -4.280218734
    2.159844949   -2.094395102   62.142146697   11.196766227   -0.852410614
    2.356194490   -2.094395102   62.455946030   -7.860532119    2.218212116
    2.552544031   -2.094395102   59.208732902  -24.603209826    5.037803246
    2.748893572   -2.094395102   53.112267638  -36.480359965    7.678589104
    2.945243113   -2.094395102   45.348441249  -41.306074310   10.096308241

   -3.141592654   -1.745329252   40.525847261  -35.496257321    6.599409580
   -2.945243113   -1.745329252   34.452125549  -25.485500568    7.036181170
   -2.748893572   -1.745329252   30.810891261  -11.335814099    7.064998754
   -2.552544031   -1.745329252   29.984334647    2.469974136    6.701129956
   -2.356194490   -1.745329252   31.496011980   11.974441127    5.973124783
   -2.159844949   -1.745329252   34.281369454   15.376806087    4.904047375
   -1.963495408   -1.745329252   37.184504020   13.502255259    3.490120447
   -1.767145868   -1.745329252   39.413320147    9.040555341    1.708229209
   -1.570796327   -1.745329252   40.769890672    5.099453238   -0.430225466
   -1.374446786   -1.745329252   41.593157294    3.843185863   -2.813664360
   -1.178097245   -1.745329252   42.484427722    5.715807562   -5.206850749
   -0.981747704   -1.745329252   43.961840715    9.470848906   -7.306907387
   -0.785398163   -1.745329252   46.179039076   12.778058451   -8.859478265
   -0.589048623   -1.745329252   48.797128725   13.161164340   -9.763701595
   -0.392699082   -1.745329252   51.043824458    8.771530082  -10.132020390
   -0.196349541   -1.745329252   51.896190652   -0.989268216  -10.252122986
    0.000000000   -1.745329252   50.380417834  -14.970374532  -10.509420937
    0.196349541   -1.745329252   45.960426548  -29.815682479  -11.234955139
    0.392699082   -1.745329252   38.963582727  -40.249299060  -12.550235241
    0.589048623   -1.745329252   30.817155643  -40.712700029  -14.244351738
    0.785398163   -1.745329252   23.833602971  -28.300195581  -15.786411931
    0.981747704   -1.745329252   20.420727140   -5.172962299  -16.513708045
    1.178097245   -1.745329252   22.044687496   21.537983928  -15.936121566
    1.374446786   -1.745329252   28.524409110   42.883599584  -13.977235732
    1.570796327   -1.745329252   38.105317857   52.441352527  -10.996516171
    1.767145868   -1.745329252   48.247573434   48.815313477   -7.585346674
    1.963495408   -1.745329252   56.609434524   35.060029181   -4.279773151
    2.159844949   -1.745329252   61.676472698   16.092655487   -1.389254260
    2.356194490   -1.745329252   62.883385426   -3.631615222    1.012953772
    2.552544031   -1.745329252   60.418320802  -20.835732331    2.972788182
    2.748893572   -1.745329252   55.026819494  -33.064296799    4.550300506
    2.945243113   -1.745329252   47.895729294  -38.303803173    5.763625235

   -3.141592654   -1.396263402   40.478886782  -36.419503997    4.624998387
   -2.945243113   -1.396263402   34.204826998  -26.582509912    4.430569095
   -2.748893572   -1.396263402   30.341842997  -12.497642044    3.773928152
   -2.552544031   -1.396263402   29.276610416    1.172254715    2.678520420
   -2.356194490   -1.396263402   30.502812902   10.316548177    1.157084149
   -2.159844949   -1.396263402   32.903116902   13.065793835   -0.797147768
   -1.963495408   -1.396263402   35.269194470   10.322179368   -3.188359330
   -1.767145868   -1.396263402   36.787618325    5.016833726   -5.956298128
   -1.570796327   -1.396263402   37.299322159    0.611523995   -8.908378015
   -1.374446786   -1.396263402   37.251255130   -0.406526687  -11.705172219
   -1.178097245   -1.396263402   37.398926691    2.525979673  -13.933264973
   -0.981747704   -1.396263402   38.408885392    7.975095034  -15.247631226
   -0.785398163   -1.396263402   40.518791257   13.170230458  -15.510502780
   -0.589048623   -1.396263402   43.375419022   15.097713081  -14.843934359
   -0.392699082   -1.396263402   46.093581119   11.488928916  -13.599503466
   -0.196349541   -1.396263402   47.477614475    1.545027608  -12.235137613
    0.000000000   -1.396263402   46.368559143  -13.485687641  -11.197290506
    0.196349541   -1.396263402   42.091697888  -29.884270896  -10.781590067
    0.392699082   -1.396263402   34.930016522  -41.791472040  -11.035458191
    0.589048623   -1.396263402   26.390699608  -43.006127399  -11.714729338
    0.785398163   -1.396263402   18.976855549  -30.185358527  -12.350627611
    0.981747704   -1.396263402   15.330301260   -5.514450600  -12.427365425
    1.178097245   -1.396263402   17.094494731   23.341560892  -11.611152355
    1.374446786   -1.396263402   24.131048112   46.651840246   -9.891338745
    1.570796327   -1.396263402   34.582181223   57.363791083   -7.555843723
    1.767145868   -1.396263402   45.721339193   53.883029715   -5.021175890
    1.963495408   -1.396263402   55.023756495   39.465197975   -2.630194427
    2.159844949   -1.396263402   60.853297194   19.414299414   -0.557511309
    2.356194490   -1.396263402   62.596525435   -1.490342289    1.170722319
    2.552544031   -1.396263402   60.442744923  -19.781450835    2.575081666
    2.748893572   -1.396263402   55.165823381  -32.916041510    3.652080831
    2.945243113   -1.396263402   47.994099810  -38.823134089    4.354421545

   -3.141592654   -1.047197551   39.347426384  -39.180030814    4.542590316
   -2.945243113   -1.047197551   32.506370073  -29.533919770    3.836984182
   -2.748893572   -1.047197551   28.075153714  -15.293160062    2.416636605
   -2.552544031   -1.047197551   26.487077413   -1.369297644    0.363310024
   -2.356194490   -1.047197551   27.224087564    7.817542713   -2.211635368
   -2.159844949   -1.047197551   29.105383730   10.210745676   -5.217092185
   -1.963495408   -1.047197551   30.849296650    6.816739922   -8.566836534
   -1.767145868   -1.047197551   31.619686892    0.963129700  -12.091271161
   -1.570796327   -1.047197551   31.327481540   -3.385488020  -15.455800490
   -1.374446786   -1.047197551   30.574834459   -3.422898531  -18.180360216
   -1.178097245   -1.047197551   30.298695362    1.340315391  -19.784957052
   -0.981747704   -1.047197551   31.292461619    9.009153982  -19.989731679
   -0.785398163   -1.047197551   33.808599038   16.185729187  -18.848297141
   -0.589048623   -1.047197551   37.392452299   19.326638484  -16.728858248
   -0.392699082   -1.047197551   40.978467498   15.929429244  -14.188566055
   -0.196349541   -1.047197551   43.176630128    5.256076429  -11.774719728
    0.000000000   -1.047197551   42.670676867  -11.125205789   -9.877367083
    0.196349541   -1.047197551   38.707733114  -29.032876351   -8.627326635
    0.392699082   -1.047197551   31.589534955  -42.105588718   -7.896306354
    0.589048623   -1.047197551   22.932780416  -43.747462254   -7.384552582
    0.785398163   -1.047197551   15.403708130  -30.485157123   -6.773405811
    0.981747704   -1.047197551   11.799585909   -4.715309636   -5.869930023
    1.178097245   -1.047197551   13.849196862   25.430857907   -4.676662404
    1.374446786   -1.047197551   21.401497501   49.725756169   -3.342163089
    1.570796327   -1.047197551   32.504726970   60.816040835   -2.046838449
    1.767145868   -1.047197551   44.307680911   57.099260710   -0.894408807
    1.963495408   -1.047197551   54.181702735   42.015827835    0.127500522
    2.159844949   -1.047197551   60.428312261   21.090677936    1.101969758
    2.356194490   -1.047197551   62.407602608   -0.772753398    2.102885133
    2.552544031   -1.047197551   60.296955368  -20.064327879    3.113261754
    2.748893572   -1.047197551   54.865498009  -34.199575604    4.000954737
    2.945243113   -1.047197551   47.351918921  -40.988813306    4.550564935

   -3.141592654   -0.698131701   39.876777871  -40.981414990    2.854818979
   -2.945243113   -0.698131701   32.567208229  -32.485379802    1.411337145
   -2.748893572   -0.698131701   27.457869778  -19.202997449   -0.864461563
   -2.552544031   -0.698131701   25.029722383   -5.975397620   -3.792376593
   -2.356194490   -0.698131701   24.810337564    2.703776406   -7.150875322
   -2.159844949   -0.698131701   25.646142823    4.692503206  -10.761791465
   -1.963495408   -0.698131701   26.280585160    1.086369668  -14.463971584
   -1.767145868   -0.698131701   25.942456375   -4.482649968  -17.990166634
   -1.570796327   -0.698131701   24.675588767   -7.707466866  -20.887391821
   -1.374446786   -0.698131701   23.261846203   -5.692737798  -22.599916214
   -1.178097245   -0.698131701   22.794848852    1.717758998  -22.702808341
   -0.981747704   -0.698131701   24.123189029   11.967501721  -21.136187859
   -0.785398163   -0.698131701   27.416702146   20.981060204  -18.273947633
   -0.589048623   -0.698131701   32.029560664   24.808302234  -14.772617646
   -0.392699082   -0.698131701   36.663976958   20.959002120  -11.318575089
   -0.196349541   -0.698131701   39.737231561    9.048906314   -8.375296678
    0.000000000   -0.698131701   39.831717913   -8.793978062   -6.066572262
    0.196349541   -0.698131701   36.206518005  -27.831631143   -4.193873968
    0.392699082   -0.698131701   29.268556717  -41.345039024   -2.399773474
    0.589048623   -0.698131701   20.777956426  -42.720606765   -0.410422357
    0.785398163   -0.698131701   13.512963852  -28.802523779    1.762710474
    0.981747704   -0.698131701   10.302146046   -2.451309804    3.795129317
    1.178097245   -0.698131701   12.821710799   27.862746022    5.228704245
    1.374446786   -0.698131701   20.829734554   51.865655921    5.757743908
    1.570796327   -0.698131701   32.301917771   62.414926360    5.410835835
    1.767145868   -0.698131701   44.367450173   58.201005890    4.530065253
    1.963495408   -0.698131701   54.427497199   42.850004450    3.584132079
    2.159844949   -0.698131701   60.831388636   21.887321661    2.954629294
    2.356194490   -0.698131701   62.970504468    0.051017906    2.805103603
    2.552544031   -0.698131701   61.012540656  -19.378064628    3.047893989
    2.748893572   -0.698131701   55.674862704  -33.997167570    3.392862080
    2.945243113   -0.698131701   48.121315072  -41.658674545    3.448763715

   -3.141592654   -0.349065850   40.535976302  -43.222465471    1.097978742
   -2.945243113   -0.349065850   32.632664896  -36.262825969   -0.690703397
   -2.748893572   -0.349065850   26.652053052  -24.216295556   -3.272948381
   -2.552544031   -0.349065850   23.158678410  -11.726853625   -6.426619997
   -2.356194490   -0.349065850   21.774111993   -3.354897500   -9.883183608
   -2.159844949   -0.349065850   21.414065620   -1.386977453  -13.424031154
   -1.963495408   -0.349065850   20.878344452   -4.677522477  -16.843000127
   -1.767145868   -0.349065850   19.488489607   -9.293687850  -19.813416259
   -1.570796327   -0.349065850   17.446019083  -10.629726397  -21.831111968
   -1.374446786   -0.349065850   15.718082664   -5.860495335  -22.353084383
   -1.178097245   -0.349065850   15.518857929    4.590281901  -21.081709011
   -0.981747704   -0.349065850   17.670006412   17.312396033  -18.190558072
   -0.785398163   -0.349065850   22.156874061   27.560120359  -14.309028547
   -0.589048623   -0.349065850   28.066423820   31.223624168  -10.256785931
   -0.392699082   -0.349065850   33.857054685   26.206417748   -6.701604300
   -0.196349541   -0.349065850   37.815777634   12.830621848   -3.902699510
    0.000000000   -0.349065850   38.538745824   -6.060861606   -1.659253073
    0.196349541   -0.349065850   35.415341780  -25.303284929    0.536019213
    0.392699082   -0.349065850   29.021417296  -38.236290324    3.186338316
    0.589048623   -0.349065850   21.224451495  -38.792493654    6.440404252
    0.785398163   -0.349065850   14.774781975  -24.579979727    9.899154763
    0.981747704   -0.349065850   12.339411870    1.022526509   12.738775906
    1.178097245   -0.349065850   15.385252599   29.619226844   14.128285463
    1.374446786   -0.349065850   23.535150451   51.562630263   13.695073176
    1.570796327   -0.349065850   34.776681476   60.499811224   11.719222513
    1.767145868   -0.349065850   46.383873628   55.622066437    8.959965139
    1.963495408   -0.349065850   55.953715381   40.572780486    6.263846433
    2.159844949   -0.349065850   61.993202259   20.511062001    4.226414074
    2.356194490   -0.349065850   63.961026714   -0.345598114    3.049473618
    2.552544031   -0.349065850   61.991891025  -19.192597785    2.575480807
    2.748893572   -0.349065850   56.691608401  -33.932635206    2.407187847
    2.945243113   -0.349065850   49.075628605  -42.477878872    2.056787037

   -3.141592654    0.000000000   40.588759263  -45.793563735   -0.896968744
   -2.945243113    0.000000000   32.048560300  -40.139872496   -2.599913540
   -2.748893572    0.000000000   25.199148973  -29.105225629   -4.863289712
   -2.552544031    0.000000000   20.685635916  -17.145750896   -7.504840227
   -2.356194490    0.000000000   18.220617545   -8.880958811  -10.316362477
   -2.159844949    0.000000000   16.791827201   -6.692593928  -13.126348936
   -1.963495408    0.000000000   15.268928355   -9.334016337  -15.739989127
   -1.767145868    0.000000000   13.084742104  -12.583428832  -17.819460536
   -1.570796327    0.000000000   10.604362274  -11.654477573  -18.872850249
   -1.374446786    0.000000000    8.955067144   -3.979016418  -18.436658205
   -1.178097245    0.000000000    9.411019989    9.287903996  -16.361042460
   -0.981747704    0.000000000   12.689185410   23.876247956  -12.980548435
   -0.785398163    0.000000000   18.530073465   34.542513959   -9.014756067
   -0.589048623    0.000000000   25.739840378   37.312763981   -5.243861306
   -0.392699082    0.000000000   32.579935977   30.772628056   -2.155664265
   -0.196349541    0.000000000   37.300656535   16.134860417    0.249431345
    0.000000000    0.000000000   38.624182704   -3.055347620    2.420952710
    0.196349541    0.000000000   36.158255226  -21.440819812    4.996681739
    0.392699082    0.000000000   30.669138734  -32.849456804    8.421942435
    0.589048623    0.000000000   24.059710960  -32.247405315   12.595610378
    0.785398163    0.000000000   18.898488307  -18.314724036   16.763914930
    0.981747704    0.000000000   17.512482708    5.137521821   19.787697780
    1.178097245    0.000000000   21.039271975   30.268830725   20.699702033
    1.374446786    0.000000000   28.960357814   48.686981858   19.215824770
    1.570796327    0.000000000   39.378982585   55.264437249   15.867226854
    1.767145868    0.000000000   49.866730818   49.743370470   11.695519393
    1.963495408    0.000000000   58.344877349   35.524547443    7.744747682
    2.159844949    0.000000000   63.542986077   17.047980960    4.684550272
    2.356194490    0.000000000   64.990700559   -2.233941431    2.697051160
    2.552544031    0.000000000   62.761821724  -20.075148465    1.577830275
    2.748893572    0.000000000   57.319285330  -34.646711451    0.905761202
    2.945243113    0.000000000   49.510784471  -43.849119686    0.209158546

   -3.141592654    0.349065850   41.215225418  -46.851374639   -1.402663578
   -2.945243113    0.349065850   32.354919218  -42.344611199   -2.342276781
   -2.748893572    0.349065850   24.959698315  -32.414080623   -3.591549634
   -2.552544031    0.349065850   19.711772005  -21.250970566   -5.110795429
   -2.356194490    0.349065850   16.395285429  -13.376050126   -6.824726853
   -2.159844949    0.349065850   14.082595056  -11.116447862   -8.632310903
   -1.963495408    0.349065850   11.745387605  -13.088728786  -10.349049768
   -1.767145868    0.349065850    8.951669485  -14.900689012  -11.646068639
   -1.570796327    0.349065850    6.220296970  -11.791479177  -12.100425924
   -1.374446786    0.349065850    4.790795753   -1.605966462  -11.380648486
   -1.178097245    0.349065850    5.933971404   13.781226223   -9.462864650
   -0.981747704    0.349065850   10.220026125   29.436799111   -6.707775533
   -0.785398163    0.349065850   17.152306451   39.905824611   -3.711387900
   -0.589048623    0.349065850   25.317753369   41.598749862   -1.012292098
   -0.392699082    0.349065850   32.878556430   33.880687955    1.180707677
   -0.196349541    0.349065850   38.146792097   18.773291756    3.081594469
    0.000000000    0.349065850   40.036326512    0.271662141    5.222614284
    0.196349541    0.349065850   38.378562597  -16.417215071    8.161643469
    0.392699082    0.349065850   34.068314736  -25.930316119   12.125813398
    0.589048623    0.349065850   28.932304735  -24.427342425   16.734687254
    0.785398163    0.349065850   25.237718138  -11.577739797   21.002497188
    0.981747704    0.349065850   24.891061503    8.671951065   23.697079317
    1.178097245    0.349065850   28.688478864   29.404873757   23.922601292
    1.374446786    0.349065850   36.022050330   43.750233513   21.573188377
    1.570796327    0.349065850   45.196559862   47.871935877   17.370092431
    1.767145868    0.349065850   54.161978496   41.962943942   12.474153751
    1.963495408    0.349065850   61.216741462   29.018695125    7.954533553
    2.159844949    0.349065850   65.336294750   12.629624861    4.445448222
    2.356194490    0.349065850   66.126449226   -4.566026299    2.087883851
    2.552544031    0.349065850   63.601897341  -20.877113900    0.681316939
    2.748893572    0.349065850   58.085887654  -34.740757856   -0.132190360
    2.945243113    0.349065850   50.257501100  -44.090418770   -0.725676672

   -3.141592654    0.698131701   42.060306346  -46.341450056   -1.806193792
   -2.945243113    0.698131701   33.231825444  -42.575287104   -1.815938992
   -2.748893572    0.698131701   25.694672427  -33.639043092   -1.877510507
   -2.552544031    0.698131701   20.108015865  -23.448770309   -2.130564592
   -2.356194490    0.698131701   16.283704016  -16.288949690   -2.663757730
   -2.159844949    0.698131701   13.365005602  -14.285347226   -3.466959047
   -1.963495408    0.698131701   10.430112494  -15.894997087   -4.389424532
   -1.767145868    0.698131701    7.176694583  -16.669270668   -5.149133009
   -1.570796327    0.698131701    4.245140500  -12.002742103   -5.428791240
   -1.374446786    0.698131701    2.941344913   -0.140625441   -5.023306065
   -1.178097245    0.698131701    4.509325676   16.535177780   -3.950370661
   -0.981747704    0.698131701    9.403161296   32.736833817   -2.440261510
   -0.785398163    0.698131701   16.974723264   43.019074982   -0.798273809
   -0.589048623    0.698131701   25.700379631   44.186050155    0.776176906
   -0.392699082    0.698131701   33.732116327   36.176221767    2.325771935
   -0.196349541    0.698131701   39.479309662   21.504257559    4.134004578
    0.000000000    0.698131701   42.019742054    4.301802970    6.608300054
    0.196349541    0.698131701   41.327762590  -10.582679001   10.040258642
    0.392699082    0.698131701   38.321862033  -18.621493587   14.348308427
    0.589048623    0.698131701   34.663956410  -16.978197887   18.920588052
    0.785398163    0.698131701   32.285552755   -5.967790495   22.713149828
    0.981747704    0.698131701   32.707808247   10.658729269   24.629396784
    1.178097245    0.698131701   36.469846903   27.052334635   24.024546240
    1.374446786    0.698131701   42.962259086   37.760931380   21.025858812
    1.570796327    0.698131701   50.741002736   39.983130588   16.463036757
    1.767145868    0.698131701   58.132375173   34.115551539   11.459729154
    1.963495408    0.698131701   63.773497836   22.639729670    6.957076243
    2.159844949    0.698131701   66.841949296    8.342360339    3.458363596
    2.356194490    0.698131701   66.995987324   -6.803503699    1.038420500
    2.552544031    0.698131701   64.199861905  -21.496348629   -0.470961136
    2.748893572    0.698131701   58.672848532  -34.340475021   -1.308920019
    2.945243113    0.698131701   50.969247549  -43.325089733   -1.692581672

   -3.141592654    1.047197551   40.529950203  -46.664082763   -5.685530505
   -2.945243113    1.047197551   31.696097329  -42.320742637   -5.401048413
   -2.748893572    1.047197551   24.246106954  -33.048245632   -4.692544168
   -2.552544031    1.047197551   18.781960811  -22.846598320   -3.815666030
   -2.356194490    1.047197551   15.051640861  -15.971204658   -3.032505082
   -2.159844949    1.047197551   12.156294410  -14.362075543   -2.506124559
   -1.963495408    1.047197551    9.178395038  -16.208754807   -2.241806153
   -1.767145868    1.047197551    5.868631479  -16.863132780   -2.112799817
   -1.570796327    1.047197551    2.941268377  -11.720542794   -1.953252293
   -1.374446786    1.047197551    1.754833683    0.770571684   -1.650606593
   -1.178097245    1.047197551    3.556714089   17.964486740   -1.177347478
   -0.981747704    1.047197551    8.761778990   34.433441072   -0.550721276
   -0.785398163    1.047197551   16.677320708   44.812901090    0.238342158
   -0.589048623    1.047197551   25.770717995   46.182453863    1.269081416
   -0.392699082    1.047197551   34.245989378   38.781889771    2.708043568
   -0.196349541    1.047197551   40.611571872   25.293728718    4.764070583
    0.000000000    1.047197551   44.050240412    9.704327235    7.616763754
    0.196349541    1.047197551   44.576991607   -3.642724417   11.274703440
    0.392699082    1.047197551   43.022394136  -10.989039363   15.431452039
    0.589048623    1.047197551   40.807641873  -10.211428446   19.404522973
    0.785398163    1.047197551   39.524731093   -1.855323802   22.274807991
    0.981747704    1.047197551   40.382847694   10.855985104   23.219537600
    1.178097245    1.047197551   43.778788963   23.210757535   21.887532712
    1.374446786    1.047197551   49.200163605   30.948428664   18.578907361
    1.570796327    1.047197551   55.489399579   31.927604973   14.100884835
    1.767145868    1.047197551   61.312959887   26.423213251    9.395762719
    1.963495408    1.047197551   65.563868536   16.266041574    5.163720681
    2.159844949    1.047197551   67.533170235    3.507609481    1.712191880
    2.356194490    1.047197551   66.872082180  -10.323912746   -0.971055862
    2.552544031    1.047197551   63.486888121  -24.022500240   -3.010870519
    2.748893572    1.047197551   57.543467674  -36.074779710   -4.487921177
    2.945243113    1.047197551   49.570173689  -44.336489476   -5.391897375

   -3.141592654    1.396263402   36.531997112  -47.704453805  -10.615633527
   -2.945243113    1.396263402   27.678903177  -41.477973216  -10.662676702
   -2.748893572    1.396263402   20.555435116  -30.655597608   -9.789168239
   -2.552544031    1.396263402   15.656668986  -19.615406932   -8.233897390
   -2.356194490    1.396263402   12.576904990  -12.698117037   -6.347878881
   -2.159844949    1.396263402   10.278252848  -11.626618801   -4.457780919
   -1.963495408    1.396263402    7.762287371  -14.252652249   -2.770492929
   -1.767145868    1.396263402    4.760935632  -15.659524693   -1.366738192
   -1.570796327    1.396263402    2.008289789  -11.115905871   -0.257176751
   -1.374446786    1.396263402    0.898645930    0.983078533    0.569857637
   -1.178097245    1.396263402    2.726492962   18.066102212    1.151453834
   -0.981747704    1.396263402    7.971515369   34.804800544    1.586571370
   -0.785398163    1.396263402   16.021986243   45.875902270    2.055265492
   -0.589048623    1.396263402   25.423488778   48.305221724    2.782639646
   -0.392699082    1.396263402   34.439330459   42.182462043    3.993571879
   -0.196349541    1.396263402   41.603175163   30.015218915    5.845135622
    0.000000000    1.396263402   46.084748088   15.550221468    8.381392461
    0.196349541    1.396263402   47.829121123    2.790849472   11.456443718
    0.392699082    1.396263402   47.520995363   -4.919040424   14.681729967
    0.589048623    1.396263402   46.362024141   -5.739364768   17.442873194
    0.785398163    1.396263402   45.704441148   -0.107273989   19.053487604
    0.981747704    1.396263402   46.588286133    9.354708025   19.011089535
    1.178097245    1.396263402   49.392563202   18.816113271   17.226866209
    1.374446786    1.396263402   53.751632825   24.733937986   14.078976154
    1.570796327    1.396263402   58.748576459   25.178846061   10.232673445
    1.767145868    1.396263402   63.276172412   20.076816337    6.344995749
    1.963495408    1.396263402   66.352608499   10.656776452    2.810872479
    2.159844949    1.396263402   67.281929821   -1.525711686   -0.286451421
    2.356194490    1.396263402   65.664656853  -15.064370235   -3.057105653
    2.552544031    1.396263402   61.370179256  -28.519998874   -5.597923977
    2.748893572    1.396263402   54.591596744  -39.996198558   -7.858090699
    2.945243113    1.396263402   45.952131862  -47.087499965   -9.621696876

   -3.141592654    1.745329252   31.238367539  -49.990136602  -14.790783116
   -2.945243113    1.745329252   22.163825257  -41.405639728  -15.206038058
   -2.748893572    1.745329252   15.283887537  -28.312010663  -14.271570915
   -2.552544031    1.745329252   11.019228211  -15.640633509  -12.164475951
   -2.356194490    1.745329252    8.805079694   -8.014708442   -9.263155190
   -2.159844949    1.745329252    7.422959849   -7.100279753   -5.999222059
   -1.963495408    1.745329252    5.728929674  -10.479649603   -2.741984013
   -1.767145868    1.745329252    3.368704360  -12.927723695    0.230105277
   -1.570796327    1.745329252    1.046135119   -9.454921260    2.706333194
   -1.374446786    1.745329252    0.171970446    1.768092582    4.538695363
   -1.178097245    1.745329252    2.100339560   18.384952044    5.683523031
   -0.981747704    1.745329252    7.408351345   35.224368092    6.247980964
   -0.785398163    1.745329252   15.599045496   46.959352952    6.481945903
   -0.589048623    1.745329252   25.313887391   50.450088414    6.689728449
   -0.392699082    1.745329252   34.867419198   45.499402742    7.139670430
   -0.196349541    1.745329252   42.784741969   34.318657716    7.976778612
    0.000000000    1.745329252   48.171784330   20.370962928    9.198947772
    0.196349541    1.745329252   50.857488713    7.423959062   10.631276129
    0.392699082    1.745329252   51.371688744   -1.321470627   11.946626032
    0.589048623    1.745329252   50.751415320   -3.959149866   12.737533381
    0.785398163    1.745329252   50.225079080   -0.577479503   12.659315096
    0.981747704    1.745329252   50.799975399    6.747886323   11.578623661
    1.178097245    1.745329252   52.931333250   14.706317925    9.640222901
    1.374446786    1.745329252   56.406807308   19.981816936    7.197984868
    1.570796327    1.745329252   60.469126934   20.499214557    4.635262953
    1.767145868    1.745329252   64.112334611   15.754174147    2.195072658
    1.963495408    1.745329252   66.364959876    6.534295452   -0.110814521
    2.159844949    1.745329252   66.472366071   -5.842605420   -2.442289904
    2.356194490    1.745329252   63.961091775  -19.875827809   -4.987338625
    2.552544031    1.745329252   58.675102707  -33.755622508   -7.787079782
    2.748893572    1.745329252   50.866968951  -45.118283689  -10.644524300
    2.945243113    1.745329252   41.302185775  -51.226019313  -13.143837313

   -3.141592654    2.094395102   25.518443668  -52.686800508  -15.886602420
   -2.945243113    2.094395102   16.154164734  -41.595976492  -16.588714021
   -2.748893572    2.094395102    9.495087967  -25.909938052  -15.717149721
   -2.552544031    2.094395102    5.921961356  -11.114200713  -13.330615853
   -2.356194490    2.094395102    4.740663141   -2.168053041   -9.765765389
   -2.159844949    2.094395102    4.565126124   -0.793789813   -5.501960476
   -1.963495408    2.094395102    4.092623914   -4.452923840   -1.031380987
   -1.767145868    2.094395102    2.840754954   -7.744801358    3.199402207
   -1.570796327    2.094395102    1.420689578   -5.491139372    6.802497621
   -1.374446786    2.094395102    1.191800885    4.376493573    9.475961946
   -1.178097245    2.094395102    3.510516323   19.801301191   11.067772631
   -0.981747704    2.094395102    9.013956900   35.882554787   11.632175376
   -0.785398163    2.094395102   17.304318824   47.391500639   11.417924173
   -0.589048623    2.094395102   27.119463647   51.085456578   10.765449604
   -0.392699082    2.094395102   36.834668087   46.504700393    9.990435631
   -0.196349541    2.094395102   44.979138407   35.586607651    9.273590063
    0.000000000    2.094395102   50.614805080   21.566308618    8.631214241
    0.196349541    2.094395102   53.491885932    8.100562086    7.924570395
    0.392699082    2.094395102   54.053458787   -1.572628051    6.947960272
    0.589048623    2.094395102   53.274069878   -5.333891598    5.556591969
    0.785398163    2.094395102   52.375627174   -2.936243625    3.786496768
    0.981747704    2.094395102   52.424777180    3.847031605    1.878210784
    1.178097245    2.094395102   53.978499883   11.814008859    0.171302636
    1.374446786    2.094395102   56.920944917   17.481970130   -1.077284655
    1.570796327    2.094395102   60.537976770   18.440651511   -1.839286110
    1.767145868    2.094395102   63.796748355   13.821512728   -2.331661180
    1.963495408    2.094395102   65.640007358    4.208423093   -2.926135728
    2.159844949    2.094395102   65.209764591   -9.058331702   -3.995642003
    2.356194490    2.094395102   61.958181142  -24.200910498   -5.774364389
    2.552544031    2.094395102   55.728576505  -38.961392064   -8.250257168
    2.748893572    2.094395102   46.865610109  -50.501943293  -11.131371970
    2.945243113    2.094395102   36.307908102  -55.770618861  -13.887529824

   -3.141592654    2.443460953   20.304551026  -55.539407621  -10.309940411
   -2.945243113    2.443460953   10.600137732  -42.118219304  -10.358414957
   -2.748893572    2.443460953    4.098589091  -23.782163983   -9.124493046
   -2.552544031    2.443460953    1.190352079   -6.543482607   -6.620417715
   -2.356194490    2.443460953    1.099983803    4.252732865   -3.068738610
   -2.159844949    2.443460953    2.304554328    6.709490584    1.185832259
   -1.963495408    2.443460953    3.346228201    3.335598652    5.741463879
   -1.767145868    2.443460953    3.588592738   -0.437384574   10.147001877
   -1.570796327    2.443460953    3.498436547    0.641643774   13.909410684
   -1.374446786    2.443460953    4.313226195    8.807185852   16.566500268
   -1.178097245    2.443460953    7.312671700   22.292714896   17.823335181
   -0.981747704    2.443460953   13.122072649   36.552057587   17.666413014
   -0.785398163    2.443460953   21.396534108   46.630547248   16.365160321
   -0.589048623    2.443460953   30.963185873   49.386688227   14.339555953
   -0.392699082    2.443460953   40.286735511   44.251685472   11.991857704
   -0.196349541    2.443460953   47.949439918   32.934565144    9.561364930
    0.000000000    2.443460953   53.019594411   18.427354621    7.093863059
    0.196349541    2.443460953   55.217801542    4.299027846    4.495710524
    0.392699082    2.443460953   54.963794300   -6.054545607    1.674487405
    0.589048623    2.443460953   53.263262800  -10.136167998   -1.300997611
    0.785398163    2.443460953   51.449001150   -7.312573697   -4.119846830
    0.981747704    2.443460953   50.750853071    0.746383305   -6.311242850
    1.178097245    2.443460953   51.868009999   10.516199344   -7.465812405
    1.374446786    2.443460953   54.729596870   17.886774393   -7.470417710
    1.570796327    2.443460953   58.539475594   19.849016551   -6.592431871
    1.767145868    2.443460953   62.090705046   15.222207531   -5.365478443
    1.963495408    2.443460953   64.128312264    4.655233225   -4.370382143
    2.159844949    2.443460953   63.638180334  -10.179400320   -4.038991497
    2.356194490    2.443460953   59.996163885  -27.038518172   -4.554240267
    2.552544031    2.443460953   53.064681421  -43.176773492   -5.830531264
    2.748893572    2.443460953   43.298686284  -55.324200656   -7.548530496
    2.945243113    2.443460953   31.819544001  -60.146829214   -9.222258617

   -3.141592654    2.792526803   18.128259468  -56.229182369    0.440117321
   -2.945243113    2.792526803    8.425512697  -41.351265510    1.670499591
   -2.748893572    2.792526803    2.243958441  -21.275126648    3.386009959
   -2.552544031    2.792526803    0.000000000   -2.311222436    5.564565793
   -2.356194490    2.792526803    0.889847452    9.941840329    8.195559622
   -2.159844949    2.792526803    3.318360183   13.396642347   11.278973915
   -1.963495408    2.792526803    5.721096159   10.393351654   14.737640340
   -1.767145868    2.792526803    7.322480616    6.206187689   18.291426401
   -1.570796327    2.792526803    8.425598949    6.013432329   21.419926532
   -1.374446786    2.792526803   10.108066585   12.176750427   23.492317351
   -1.178097245    2.792526803   13.538037920   23.285837918   24.017581203
   -0.981747704    2.792526803   19.313415578   35.264965790   22.861191167
   -0.785398163    2.792526803   27.147814968   43.526620299   20.288854174
   -0.589048623    2.792526803   35.975420957   45.054577450   16.813309259
   -0.392699082    2.792526803   44.367679616   39.149921300   12.957105800
   -0.196349541    2.792526803   50.973325195   27.284776333    9.050735272
    0.000000000    2.792526803   54.883805907   12.266133294    5.173250696
    0.196349541    2.792526803   55.825171904   -2.315936646    1.241167551
    0.392699082    2.792526803   54.251318284  -12.794901613   -2.793523397
    0.589048623    2.792526803   51.270951059  -16.276456004   -6.741903595
    0.785398163    2.792526803   48.389494132  -11.870285799  -10.119426563
    0.981747704    2.792526803   47.023312022   -1.388279389  -12.306429921
    1.178097245    2.792526803   47.985426071   11.057937745  -12.861270732
    1.374446786    2.792526803   51.178653088   20.583146871  -11.790785068
    1.570796327    2.792526803   55.642620940   23.611555929   -9.574186525
    1.767145868    2.792526803   59.936900015   18.846232706   -6.941148149
    1.963495408    2.792526803   62.594121158    7.233575052   -4.552293718
    2.159844949    2.792526803   62.469076318   -9.066212886   -2.788050211
    2.356194490    2.792526803   58.901867024  -27.351280819   -1.707421213
    2.552544031    2.792526803   51.797429759  -44.542673806   -1.134139926
    2.748893572    2.792526803   41.706529235  -57.157915678   -0.776645908
    2.945243113    2.792526803   29.878280755  -61.751987454   -0.331943721
