#! FIELDS phi psi file.free der_phi der_psi
#! SET min_phi -pi
#! SET max_phi pi
#! SET nbins_phi  32
#! SET periodic_phi true
#! SET min_psi -pi
#! SET max_psi pi
#! SET nbins_psi  18
#! SET periodic_psi true
   -3.141592654   -3.141592654   18.766290565  -55.151632415   15.244484457
   -2.945243113   -3.141592654    9.677760919  -36.548471540   17.736974038
   -2.748893572   -3.141592654    4.617662863  -15.137920036   19.478849931
   -2.552544031   -3.141592654    3.521268732    2.909682032   20.592421889
   -2.356194490   -3.141592654    5.259877098   13.318778052   21.492032992
   -2.159844949   -3.141592654    8.208210600   15.493221713   22.727378344
   -1.963495408   -3.141592654   11.005367186   12.537008165   24.700998945
   -1.767145868   -3.141592654   13.128953744    9.499059172   27.395487184
   -1.570796327   -3.141592654   15.019702505   10.695947184   30.291925388
   -1.374446786   -3.141592654   17.717043594   17.684461040   32.551627418
   -1.178097245   -3.141592654   22.239121844   28.732877121   33.371053884
   -0.981747704   -3.141592654   29.021635287   39.967596883   32.295141455
   -0.785398163   -3.141592654   37.673484662   47.074960720   29.328440889
   -0.589048623   -3.141592654   47.053137278   47.009054023   24.830488661
   -0.392699082   -3.141592654   55.605858839   38.612674985   19.304763604
   -0.196349541   -3.141592654   61.744191683   22.768736587   13.222389672
    0.000000000   -3.141592654   64.242626923    2.146219596    6.945880803
    0.196349541   -3.141592654   62.569568175  -18.859875753    0.767327945
    0.392699082   -3.141592654   57.182022557  -34.752230008   -4.994062987
    0.589048623   -3.141592654   49.613279400  -40.330555166   -9.904347339
    0.785398163   -3.141592654   42.215995270  -32.896339528  -13.446105197
    0.981747704   -3.141592654   37.465807973  -14.034113079  -15.185110256
    1.178097245   -3.141592654   37.076917661   10.250587061  -14.995974294
    1.374446786   -3.141592654   41.304346171   31.575059114  -13.177040037
    1.570796327   -3.141592654   48.799333507   42.575942696  -10.332350613
    1.767145868   -3.141592654   57.098748548   39.544142914   -7.102870565
    1.963495408   -3.141592654   63.468277838   23.441221138   -3.900381776
    2.159844949   -3.141592654   65.744402949   -1.167422582   -0.827358594
    2.356194490   -3.141592654   62.869246830  -27.922612346    2.232677426
    2.552544031   -3.141592654   55.056591534  -50.481715015    5.428724195
    2.748893572   -3.141592654   43.650108903  -63.861659005    8.789177307
    2.945243113   -3.141592654   30.764827706  -65.353007892   12.159157756

   -3.141592654   -2.792526803   25.957538946  -50.043313595   22.962921984
   -2.945243113   -2.792526803   17.693800585  -33.317207448   25.532627415
   -2.748893572   -2.792526803   13.079678187  -13.777122827   26.938653921
   -2.552544031   -2.792526803   12.114300686    3.040755533   27.404127100
   -2.356194490   -2.792526803   13.847785056   13.342555013   27.479892371
   -2.159844949   -2.792526803   16.887875733   16.570131684   27.828469059
   -1.963495408   -2.792526803   20.057982495   15.292056092   28.900547611
   -1.767145868   -2.792526803   22.869767623   13.617901566   30.661367311
   -1.570796327   -2.792526803   25.607557404   14.943600470   32.539157855
   -1.374446786   -2.792526803   29.013454554   20.375408890   33.648749108
   -1.178097245   -2.792526803   33.784992961   28.395183046   33.175764151
   -0.981747704   -2.792526803   40.135231075   35.859117838   30.705684062
   -0.785398163   -2.792526803   47.614778740   39.341388483   26.335777661
   -0.589048623   -2.792526803   55.183807321   36.488995409   20.563457428
   -0.392699082   -2.792526803   61.493223963   26.503704812   14.046309142
   -0.196349541   -2.792526803   65.199419410   10.307159586    7.396844725
    0.000000000   -2.792526803   65.306342359   -9.584851550    1.069204475
    0.196349541   -2.792526803   61.473734558  -28.996461269   -4.617520690
    0.392699082   -2.792526803   54.309360706  -42.608054059   -9.392512712
    0.589048623   -2.792526803   45.466975495  -45.369443527  -12.950258303
    0.785398163   -2.792526803   37.384705634  -34.801202224  -14.972945247
    0.981747704   -2.792526803   32.564476707  -12.884986213  -15.258287519
    1.178097245   -2.792526803   32.655510787   13.862395453  -13.881433975
    1.374446786   -2.792526803   37.755563414   36.688778081  -11.240061335
    1.570796327   -2.792526803   46.320477829   48.227049856   -7.901844284
    1.767145868   -2.792526803   55.730824432   45.165614510   -4.357370927
    1.963495408   -2.792526803   63.193662587   28.991214503   -0.818120509
    2.159844949   -2.792526803   66.577005701    4.624448489    2.779093551
    2.356194490   -2.792526803   64.890294988  -21.581186300    6.617179315
    2.552544031   -2.792526803   58.380948472  -43.586065657   10.786804804
    2.748893572   -2.792526803   48.353011207  -56.821473434   15.157320687
    2.945243113   -2.792526803   36.807285323  -58.890012938   19.371828864

   -3.141592654   -2.443460953   33.593095197  -45.053548505   20.715453087
   -2.945243113   -2.443460953   26.137809664  -30.113578885   22.789702093
   -2.748893572   -2.443460953   21.980361741  -12.271739796   23.879656235
   -2.552544031   -2.443460953   21.190441844    3.463817021   24.172001319
   -2.356194490   -2.443460953   22.976689429   13.620097946   24.075242462
   -2.159844949   -2.443460953   26.127750611   17.524547506   24.054711178
   -1.963495408   -2.443460953   29.577331815   17.156819326   24.397638800
   -1.767145868   -2.443460953   32.802323161   15.798011182   25.027198793
   -1.570796327   -2.443460953   35.899814266   16.191757294   25.486708096
   -1.374446786   -2.443460953   39.344471376   19.321441255   25.126450129
   -1.178097245   -2.443460953   43.602500405   24.140687653   23.398227320
   -0.981747704   -2.443460953   48.789338766   28.331149188   20.097170848
   -0.785398163   -2.443460953   54.523570127   29.275626828   15.428870295
   -0.589048623   -2.443460953   59.963754776   25.097593851    9.903931491
   -0.392699082   -2.443460953   64.011919670   15.075181996    4.126795508
   -0.196349541   -2.443460953   65.556979722   -0.131895297   -1.377313060
    0.000000000   -2.443460953   63.766512524  -18.394081886   -6.269664343
    0.196349541   -2.443460953   58.390640422  -35.872221178  -10.372666057
    0.392699082   -2.443460953   50.078134465  -47.398517657  -13.582954193
    0.589048623   -2.443460953   40.511661616  -47.920755360  -15.768229750
    0.785398163   -2.443460953   32.161048868  -34.956919343  -16.745141831
    0.981747704   -2.443460953   27.544870448  -10.670350224  -16.357779136
    1.178097245   -2.443460953   28.273812519   18.055122623  -14.623317359
    1.374446786   -2.443460953   34.333061131   42.138944288  -11.808836765
    1.570796327   -2.443460953   44.026001769   54.152444730   -8.351819471
    1.767145868   -2.443460953   54.603441255   51.087648656   -4.675478842
    1.963495408   -2.443460953   63.222353657   34.870945706   -1.006524758
    2.159844949   -2.443460953   67.777622996   10.733461543    2.646308533
    2.356194490   -2.443460953   67.336045341  -14.989641672    6.385827993
    2.552544031   -2.443460953   62.168705647  -36.553256124   10.254318679
    2.748893572   -2.443460953   53.533315055  -49.776181296   14.132613286
    2.945243113   -2.443460953   43.317135451  -52.525002940   17.736462617

   -3.141592654   -2.094395102   39.512841215  -41.022813416   12.767389517
   -2.945243113   -2.094395102   32.726438182  -27.371431122   13.941738571
   -2.748893572   -2.094395102   28.975564516  -10.855108979   14.609932977
   -2.552544031   -2.094395102   28.353375820    3.824150645   14.876626382
   -2.356194490   -2.094395102   30.145518389   13.405785825   14.892720949
   -2.159844949   -2.094395102   33.234888276   17.159861829   14.782713845
   -1.963495408   -2.094395102   36.606851537   16.698737259   14.554746548
   -1.767145868   -2.094395102   39.698498294   14.782329466   14.055118204
   -1.570796327   -2.094395102   42.475556546   13.799356328   13.011647291
   -1.374446786   -2.094395102   45.250937586   14.809112082   11.162776159
   -1.178097245   -2.094395102   48.390626712   17.292408378    8.400766959
   -0.981747704   -2.094395102   52.038974540   19.656459930    4.848196628
   -0.785398163   -2.094395102   55.975405637   19.851522699    0.825169446
   -0.589048623   -2.094395102   59.591964750   16.140996730   -3.256656790
   -0.392699082   -2.094395102   62.007295319    7.527714854   -7.029075402
   -0.196349541   -2.094395102   62.246222373   -5.862132799  -10.246179464
    0.000000000   -2.094395102   59.504782865  -22.393091655  -12.834088934
    0.196349541   -2.094395102   53.484449280  -38.501331714  -14.845096957
    0.392699082   -2.094395102   44.761725168  -48.979253464  -16.369406408
    0.589048623   -2.094395102   34.980239138  -48.508932874  -17.413312908
    0.785398163   -2.094395102   26.628247099  -34.324260708  -17.835336711
    0.981747704   -2.094395102   22.280176143   -8.528520541  -17.393687924
    1.178097245   -2.094395102   23.584778062   21.759495587  -15.906840202
    1.374446786   -2.094395102   30.501644536   47.092568335  -13.406163435
    1.570796327   -2.094395102   41.244780875   59.792121861  -10.164797865
    1.767145868   -2.094395102   52.953837773   56.903593725   -6.583172027
    1.963495408   -2.094395102   62.709297320   40.610123536   -3.006125148
    2.159844949   -2.094395102   68.384309690   16.413295106    0.369269256
    2.356194490   -2.094395102   69.061668835   -9.266466139    3.487971750
    2.552544031   -2.094395102   65.024125069  -30.790850603    6.340100679
    2.748893572   -2.094395102   57.508471195  -44.191716110    8.893166255
    2.945243113   -2.094395102   48.341026581  -47.504828698   11.066167361

   -3.141592654   -1.745329252   42.280220105  -38.870937217    5.283450149
   -2.945243113   -1.745329252   35.864053487  -25.789639229    5.698063155
   -2.748893572   -1.745329252   32.354860826  -10.001365216    5.914292999
   -2.552544031   -1.745329252   31.820339873    3.853731435    5.898075165
   -2.356194490   -1.745329252   33.536523650   12.605520179    5.557553483
   -2.159844949   -1.745329252   36.387947125   15.533082300    4.768781438
   -1.963495408   -1.745329252   39.353747555   14.167122272    3.405986390
   -1.767145868   -1.745329252   41.845331985   11.170671418    1.388730474
   -1.570796327   -1.745329252   43.794167026    8.964758883   -1.265228502
   -1.374446786   -1.745329252   45.503745590    8.829814490   -4.398612163
   -1.178097245   -1.745329252   47.388232125   10.589692098   -7.719150760
   -0.981747704   -1.745329252   49.706090264   12.944822776  -10.861081412
   -0.785398163   -1.745329252   52.390471518   13.943965485  -13.482516094
   -0.589048623   -1.745329252   54.981561948   11.685880789  -15.353869380
   -0.392699082   -1.745329252   56.692259316    4.829573516  -16.417324916
   -0.196349541   -1.745329252   56.565782057   -6.940732384  -16.781238400
    0.000000000   -1.745329252   53.732981913  -22.349568107  -16.703929397
    0.196349541   -1.745329252   47.776548985  -38.003214108  -16.504740462
    0.392699082   -1.745329252   39.149316672  -48.563250023  -16.448915359
    0.589048623   -1.745329252   29.426825853  -48.300599042  -16.607761269
    0.785398163   -1.745329252   21.122778205  -33.944203544  -16.785754476
    0.981747704   -1.745329252   16.920142288   -7.313459310  -16.582838949
    1.178097245   -1.745329252   18.592500652   24.348323209  -15.598248465
    1.374446786   -1.745329252   26.163824889   51.134581296  -13.652447003
    1.570796327   -1.745329252   37.812137443   64.858519456  -10.889404611
    1.767145868   -1.745329252   50.561835240   62.316577369   -7.698465617
    1.963495408   -1.745329252   61.362814254   45.756697857   -4.520524340
    2.159844949   -1.745329252   67.992931419   20.961440702   -1.692107155
    2.356194490   -1.745329252   69.498728194   -5.375306367    0.626436331
    2.552544031   -1.745329252   66.169689042  -27.445025103    2.410575817
    2.748893572   -1.745329252   59.268884441  -41.260431112    3.721058995
    2.945243113   -1.745329252   50.642007914  -44.931854044    4.647449490

   -3.141592654   -1.396263402   41.152127128  -39.544851632    3.550186218
   -2.945243113   -1.396263402   34.626936214  -26.216172347    3.303367987
   -2.748893572   -1.396263402   31.057445470  -10.226631563    2.858606821
   -2.552544031   -1.396263402   30.472401404    3.482134214    2.148591995
   -2.356194490   -1.396263402   32.058553996   11.553465907    1.010879941
   -2.159844949   -1.396263402   34.590528172   13.248946167   -0.755389505
   -1.963495408   -1.396263402   36.955358178   10.300033997   -3.295665921
   -1.767145868   -1.396263402   38.531484996    5.759880316   -6.586660455
   -1.570796327   -1.396263402   39.306010567    2.543455282  -10.373093810
   -1.374446786   -1.396263402   39.730966331    2.350613396  -14.194682111
   -1.178097245   -1.396263402   40.429906486    5.178574143  -17.506974871
   -0.981747704   -1.396263402   41.871586733    9.561464533  -19.843931729
   -0.785398163   -1.396263402   44.136495146   13.092088495  -20.946752092
   -0.589048623   -1.396263402   46.807030481   13.281060125  -20.807721493
   -0.392699082   -1.396263402   49.024611946    8.262519889  -19.650528448
   -0.196349541   -1.396263402   49.674498120   -2.649552768  -17.850251600
    0.000000000   -1.396263402   47.678398028  -18.300088644  -15.866009778
    0.196349541   -1.396263402   42.412266379  -35.155182197  -14.126778418
    0.392699082   -1.396263402   34.178601028  -47.438521940  -12.915471402
    0.589048623   -1.396263402   24.513652854  -48.755568131  -12.261896599
    0.785398163   -1.396263402   16.028465042  -35.156202403  -11.920106197
    0.981747704   -1.396263402   11.611085453   -8.092519025  -11.469469462
    1.178097245   -1.396263402   13.261943260   25.034950549  -10.519701448
    1.374446786   -1.396263402   21.153275282   53.703354675   -8.895649138
    1.570796327   -1.396263402   33.469411825   68.971209069   -6.705980602
    1.767145868   -1.396263402   47.110399185   67.108910200   -4.261046233
    1.963495408   -1.396263402   58.837671104   50.238410327   -1.906248431
    2.159844949   -1.396263402   66.253420121   24.387274678    0.100860139
    2.356194490   -1.396263402   68.297701327   -3.341769285    1.642834164
    2.552544031   -1.396263402   65.234995510  -26.724622703    2.702747293
    2.748893572   -1.396263402   58.375189444  -41.485505495    3.325376951
    2.945243113   -1.396263402   49.651810484  -45.604512733    3.580356704

   -3.141592654   -1.047197551   38.963585519  -42.472532959    4.997149407
   -2.945243113   -1.047197551   31.897693638  -28.742470857    3.962362191
   -2.748893572   -1.047197551   27.889353541  -12.176545869    2.493417813
   -2.552544031   -1.047197551   26.961212684    1.856333494    0.628232902
   -2.356194490   -1.047197551   28.211516321    9.636040997   -1.681819282
   -2.159844949   -1.047197551   30.278574164   10.324364499   -4.557398970
   -1.963495408   -1.047197551   31.932457576    5.961994371   -8.086155658
   -1.767145868   -1.047197551   32.530159596    0.230015051  -12.161876091
   -1.570796327   -1.047197551   32.171086319   -3.277234145  -16.390394935
   -1.374446786   -1.047197551   31.529074890   -2.473920824  -20.144890794
   -1.178097245   -1.047197551   31.478862143    2.536539798  -22.767279907
   -0.981747704   -1.047197551   32.675046704    9.753340481  -23.807854678
   -0.785398163   -1.047197551   35.256315842   16.054433512  -23.174778656
   -0.589048623   -1.047197551   38.728558668   18.323188878  -21.131967856
   -0.392699082   -1.047197551   42.054927042   14.318280780  -18.193076334
   -0.196349541   -1.047197551   43.896288875    3.232727866  -14.952287094
    0.000000000   -1.047197551   42.951015333  -13.630843757  -11.940645748
    0.196349541   -1.047197551   38.424766772  -32.355173728   -9.489799937
    0.392699082   -1.047197551   30.545991245  -46.583247162   -7.668996346
    0.589048623   -1.047197551   20.899410112  -49.286970559   -6.312756433
    0.785398163   -1.047197551   12.255247080  -36.062163411   -5.142210516
    0.981747704   -1.047197551    7.713960413   -8.298510865   -3.918944122
    1.178097245   -1.047197551    9.456457296   26.235697917   -2.552772093
    1.374446786   -1.047197551   17.734032949   56.387024779   -1.098381997
    1.570796327   -1.047197551   30.684440916   72.615996390    0.320437783
    1.767145868   -1.047197551   45.067893349   70.873641002    1.605077110
    1.963495408   -1.047197551   57.477410471   53.295294099    2.727617365
    2.159844949   -1.047197551   65.375120972   26.172106132    3.705952759
    2.356194490   -1.047197551   67.623648891   -3.058767644    4.551696994
    2.552544031   -1.047197551   64.473314446  -27.863794003    5.214874862
    2.748893572   -1.047197551   57.274321970  -43.730495686    5.585933828
    2.945243113   -1.047197551   48.040417799  -48.467859256    5.539209869

   -3.141592654   -0.698131701   39.360753770  -45.384180215    4.380619441
   -2.945243113   -0.698131701   31.653052638  -32.320057512    2.217385117
   -2.748893572   -0.698131701   26.897788471  -16.172191214   -0.433753403
   -2.552544031   -0.698131701   25.152277267   -2.482327633   -3.375000969
   -2.356194490   -0.698131701   25.504690264    4.786891224   -6.525095994
   -2.159844949   -0.698131701   26.547675297    4.711179562   -9.938073836
   -1.963495408   -0.698131701   27.021345940   -0.402802346  -13.664391746
   -1.767145868   -0.698131701   26.336790203   -6.318824409  -17.532350572
   -1.570796327   -0.698131701   24.761700171   -8.898377398  -21.040608860
   -1.374446786   -0.698131701   23.212254262   -5.897576600  -23.478064651
   -1.178097245   -0.698131701   22.783148451    2.192420061  -24.231821564
   -0.981747704   -0.698131701   24.229511973   12.593126112  -23.084179491
   -0.785398163   -0.698131701   27.628993429   21.380192492  -20.317180879
   -0.589048623   -0.698131701   32.293535258   24.915183421  -16.575975238
   -0.392699082   -0.698131701   36.928684170   20.846795386  -12.610923165
   -0.196349541   -0.698131701   39.954077791    8.617637856   -9.015595004
    0.000000000   -0.698131701   39.903548342   -9.946331246   -6.073375544
    0.196349541   -0.698131701   35.935553170  -30.288582977   -3.717410105
    0.392699082   -0.698131701   28.352335490  -45.503702447   -1.635856011
    0.589048623   -0.698131701   18.892630906  -48.326103655    0.507450592
    0.785398163   -0.698131701   10.486284038  -34.528074222    2.838657731
    0.981747704   -0.698131701    6.326184537   -5.970171097    5.170459242
    1.178097245   -0.698131701    8.586573620   29.100830996    7.106992392
    1.374446786   -0.698131701   17.439461710   59.288939241    8.299749187
    1.570796327   -0.698131701   30.925957344   75.114215433    8.657308798
    1.767145868   -0.698131701   45.741919062   72.765377860    8.388648823
    1.963495408   -0.698131701   58.463967518   54.597496004    7.865231079
    2.159844949   -0.698131701   66.567643167   26.981630655    7.415756655
    2.356194490   -0.698131701   68.929138042   -2.726014674    7.172981248
    2.552544031   -0.698131701   65.787922619  -28.132819257    7.027444812
    2.748893572   -0.698131701   58.460201731  -44.805322233    6.698843093
    2.945243113   -0.698131701   48.923815479  -50.485091278    5.879120194

   -3.141592654   -0.349065850   40.567073990  -49.596714915    3.210951542
   -2.945243113   -0.349065850   31.915790282  -37.623844077    0.346055481
   -2.748893572   -0.349065850   26.058281224  -21.990377877   -2.938133899
   -2.552544031   -0.349065850   23.159904293   -8.352789746   -6.334080130
   -2.356194490   -0.349065850   22.366668755   -1.018210554   -9.672947572
   -2.159844949   -0.349065850   22.266720283   -1.143060176  -12.960529803
   -1.963495408   -0.349065850   21.587790710   -6.236998767  -16.214954786
   -1.767145868   -0.349065850   19.805382348  -11.509434223  -19.223869865
   -1.570796327   -0.349065850   17.365842282  -12.296922482  -21.449874334
   -1.374446786   -0.349065850   15.423222624   -6.344893821  -22.210990763
   -1.178097245   -0.349065850   15.245024781    5.199016017  -21.057487006
   -0.981747704   -0.349065850   17.585740909   18.525610735  -18.076481183
   -0.785398163   -0.349065850   22.328142103   28.855706185  -13.913689776
   -0.589048623   -0.349065850   28.474579942   32.268593074   -9.493910517
   -0.392699082   -0.349065850   34.429145136   26.768549969   -5.627323755
   -0.196349541   -0.349065850   38.425746763   12.567553053   -2.700090955
    0.000000000   -0.349065850   38.978178649   -7.639167648   -0.571976359
    0.196349541   -0.349065850   35.378774298  -28.648851876    1.303055369
    0.392699082   -0.349065850   28.146648012  -43.399372164    3.571237620
    0.589048623   -0.349065850   19.210075779  -45.052631503    6.592094317
    0.785398163   -0.349065850   11.559486191  -30.207770449   10.169653004
    0.981747704   -0.349065850    8.283466274   -1.489020030   13.584007490
    1.178097245   -0.349065850   11.345954187   32.606361577   15.950853547
    1.374446786   -0.349065850   20.724192377   61.062385395   16.700362696
    1.570796327   -0.349065850   34.381379888   75.140675940   15.858024751
    1.767145868   -0.349065850   49.078591977   71.666905548   13.982500434
    1.963495408   -0.349065850   61.543820977   53.210571549   11.832136635
    2.159844949   -0.349065850   69.398739909   25.895037548   10.004280582
    2.356194490   -0.349065850   71.586708549   -3.439102069    8.717215491
    2.552544031   -0.349065850   68.309827879  -28.902568225    7.799018654
    2.748893572   -0.349065850   60.770368868  -46.306890021    6.833771280
    2.945243113   -0.349065850   50.819439291  -53.272612613    5.387257452

   -3.141592654    0.000000000   41.358187517  -54.458149763    1.212255122
   -2.945243113    0.000000000   31.651587016  -43.394122401   -1.606568780
   -2.748893572    0.000000000   24.624742183  -28.009949905   -4.626817587
   -2.552544031    0.000000000   20.566121869  -14.084394945   -7.562083117
   -2.356194490    0.000000000   18.692576243   -6.286175955  -10.275819726
   -2.159844949    0.000000000   17.599854945   -5.991384839  -12.792900570
   -1.963495408    0.000000000   16.018328248  -10.518671098  -15.123234153
   -1.767145868    0.000000000   13.499987150  -14.569854179  -17.039374290
   -1.570796327    0.000000000   10.663337959  -13.100214567  -18.030980369
   -1.374446786    0.000000000    8.858359614   -4.053045093  -17.531777442
   -1.178097245    0.000000000    9.443482944   10.592853422  -15.295811337
   -0.981747704    0.000000000   13.069356740   25.973116161  -11.639010137
   -0.785398163    0.000000000   19.336581664   36.636353725   -7.361566438
   -0.589048623    0.000000000   26.903952834   38.733339854   -3.385600423
   -0.392699082    0.000000000   33.917437341   31.023985652   -0.331475023
   -0.196349541    0.000000000   38.540239163   14.808064058    1.736639091
    0.000000000    0.000000000   39.423919940   -6.260369105    3.308782925
    0.196349541    0.000000000   36.140545620  -26.550958686    5.169339313
    0.392699082    0.000000000   29.498164045  -39.362399997    7.988527564
    0.589048623    0.000000000   21.568093541  -38.931663373   11.912160619
    0.785398163    0.000000000   15.239113987  -23.164027876   16.376810348
    0.981747704    0.000000000   13.279558022    4.521723408   20.291830110
    1.178097245    0.000000000   17.271449504   35.834710189   22.551730825
    1.374446786    0.000000000   26.944689673   60.841782034   22.578988764
    1.570796327    0.000000000   40.263098221   72.114695149   20.570773358
    1.767145868    0.000000000   54.207295117   67.294271845   17.333100137
    1.963495408    0.000000000   65.806249257   48.970621110   13.842830085
    2.159844949    0.000000000   72.918544820   22.644790584   10.835413546
    2.356194490    0.000000000   74.573483697   -5.677593548    8.580531111
    2.552544031    0.000000000   70.907295379  -30.770511911    6.905639563
    2.748893572    0.000000000   62.965176460  -48.684079532    5.378709378
    2.945243113    0.000000000   52.439770396  -56.823674820    3.559782077

   -3.141592654    0.349065850   42.919173090  -57.710499226    0.616714592
   -2.945243113    0.349065850   32.490987412  -47.423394685   -1.148460013
   -2.748893572    0.349065850   24.626571298  -32.425451201   -2.944644703
   -2.552544031    0.349065850   19.696527335  -18.483676357   -4.660109763
   -2.356194490    0.349065850   16.980040513  -10.443479802   -6.272083001
   -2.159844949    0.349065850   15.105572757   -9.764016742   -7.819913848
   -1.963495408    0.349065850   12.844836627  -13.581186551   -9.265716937
   -1.767145868    0.349065850    9.846215062  -16.266282314  -10.365681639
   -1.570796327    0.349065850    6.875292937  -12.655770361  -10.701474112
   -1.374446786    0.349065850    5.405531080   -1.079347707   -9.901650604
   -1.178097245    0.349065850    6.795673525   15.672135724   -7.916269304
   -0.981747704    0.349065850   11.529907806   31.935636820   -5.127234897
   -0.785398163    0.349065850   18.930222395   41.981264048   -2.193915270
   -0.589048623    0.349065850   27.392596821   42.398580323    0.283007281
   -0.392699082    0.349065850   34.942203177   32.884126179    2.079292107
   -0.196349541    0.349065850   39.819229091   15.753106433    3.459562414
    0.000000000    0.349065850   40.921424052   -4.707020179    5.065040615
    0.196349541    0.349065850   38.128380588  -22.907462931    7.596063540
    0.392699082    0.349065850   32.471725018  -32.958437429   11.429049320
    0.589048623    0.349065850   26.028499350  -30.422792769   16.310195805
    0.785398163    0.349065850   21.427918669  -14.468559398   21.319566194
    0.981747704    0.349065850   20.996087462   10.994600884   25.180659364
    1.178097245    0.349065850   25.883858394   38.283811385   26.817881487
    1.374446786    0.349065850   35.597331150   58.872503593   25.842603242
    1.570796327    0.349065850   48.172245689   66.790424147   22.692604895
    1.767145868    0.349065850   60.893172914   60.494727495   18.363551189
    1.963495408    0.349065850   71.165995514   42.524736585   13.930426108
    2.159844949    0.349065850   77.146410464   17.671245911   10.158080487
    2.356194490    0.349065850   77.993361405   -8.969668193    7.326517302
    2.552544031    0.349065850   73.806274398  -32.915754989    5.302122123
    2.748893572    0.349065850   65.484840362  -50.555616214    3.726988257
    2.945243113    0.349065850   54.552470777  -59.200223784    2.236763791

   -3.141592654    0.698131701   44.653091500  -58.615052504    0.189549866
   -2.945243113    0.698131701   33.992326091  -48.884112856    0.020495372
   -2.748893572    0.698131701   25.784333784  -34.439064520   -0.085746199
   -2.552544031    0.698131701   20.414543446  -20.914383864   -0.280661669
   -2.356194490    0.698131701   17.194226807  -13.103219204   -0.690178010
   -2.159844949    0.698131701   14.795715958  -12.385407017   -1.360113033
   -1.963495408    0.698131701   12.055515559  -15.764740098   -2.198293091
   -1.767145868    0.698131701    8.711965665  -17.512973123   -2.971666167
   -1.570796327    0.698131701    5.623282558  -12.564673611   -3.393930612
   -1.374446786    0.698131701    4.309837722    0.384291908   -3.273034947
   -1.178097245    0.698131701    6.088514965   18.050843767   -2.620869268
   -0.981747704    0.698131701   11.316225794   34.444509774   -1.634568181
   -0.785398163    0.698131701   19.161286156   43.915970790   -0.551758237
   -0.589048623    0.698131701   27.924638447   43.555117842    0.529502038
   -0.392699082    0.698131701   35.658500788   33.736854492    1.762635749
   -0.196349541    0.698131701   40.754472322   17.329108266    3.513253101
    0.000000000    0.698131701   42.333117264   -1.255258111    6.216214472
    0.196349541    0.698131701   40.467096474  -16.861497238   10.135382056
    0.392699082    0.698131701   36.242953476  -24.550037167   15.133733851
    0.589048623    0.698131701   31.579161926  -21.023298339   20.545180449
    0.785398163    0.698131701   28.746133017   -6.260363435   25.279793273
    0.981747704    0.698131701   29.627267551   15.849462720   28.177013874
    1.178097245    0.698131701   35.028318500   38.565048527   28.481453160
    1.374446786    0.698131701   44.354032977   54.800043025   26.168002082
    1.570796327    0.698131701   55.814279219   59.829139126   21.928154693
    1.767145868    0.698131701   67.047794573   52.636835004   16.834846958
    1.963495408    0.698131701   75.837564390   35.515603629   11.898291933
    2.159844949    0.698131701   80.613691595   12.505231653    7.777924376
    2.356194490    0.698131701   80.647585628  -12.116891165    4.708801247
    2.552544031    0.698131701   76.007987644  -34.485914117    2.624862997
    2.748893572    0.698131701   67.474669766  -51.271728905    1.319337747
    2.945243113    0.698131701   56.426269306  -59.766348467    0.570178033

   -3.141592654    1.047197551   43.365163649  -58.719948182   -4.797593084
   -2.945243113    1.047197551   32.760561541  -48.237614912   -3.860267240
   -2.748893572    1.047197551   24.724733115  -33.391138439   -2.598203816
   -2.552544031    1.047197551   19.565331215  -19.885373379   -1.374941285
   -2.356194490    1.047197551   16.513907141  -12.456486619   -0.463927403
   -2.159844949    1.047197551   14.189372736  -12.283193060    0.025493548
   -1.963495408    1.047197551   11.421403169  -16.115921466    0.142431450
   -1.767145868    1.047197551    7.985700566  -18.051312012    0.016485544
   -1.570796327    1.047197551    4.795631829  -13.026157594   -0.232623198
   -1.374446786    1.047197551    3.410215623    0.111079743   -0.537639422
   -1.178097245    1.047197551    5.151354285   17.921891185   -0.850231275
   -0.981747704    1.047197551   10.363381354   34.412865027   -1.062852930
   -0.785398163    1.047197551   18.221993799   44.131704469   -0.954906887
   -0.589048623    1.047197551   27.087316749   44.479510809   -0.216815902
   -0.392699082    1.047197551   35.128126761   36.059022135    1.471599337
   -0.196349541    1.047197551   40.875242743   21.737665714    4.321172001
    0.000000000    1.047197551   43.556129122    5.573686603    8.349489232
    0.196349541    1.047197551   43.247074043   -7.956684205   13.294691329
    0.392699082    1.047197551   40.884292291  -14.764135565   18.573423249
    0.589048623    1.047197551   38.078144315  -12.234228994   23.316177056
    0.785398163    1.047197551   36.705425605   -0.481790993   26.551743702
    0.981747704    1.047197551   38.303699728   17.232853470   27.514133446
    1.178097245    1.047197551   43.519268811   35.371787357   25.950573590
    1.374446786    1.047197551   51.847034473   48.084764324   22.237068036
    1.570796327    1.047197551   61.785591615   51.359938553   17.215097162
    1.767145868    1.047197551   71.328821579   44.133431508   11.844116388
    1.963495408    1.047197551   78.544685422   28.113950733    6.863777035
    2.159844949    1.047197551   82.014970571    6.622383690    2.669463273
    2.356194490    1.047197551   81.040106581  -16.540939858   -0.626765070
    2.552544031    1.047197551   75.657396230  -37.665195712   -3.021043047
    2.748893572    1.047197551   66.608572219  -53.357387129   -4.509414634
    2.945243113    1.047197551   55.251728067  -60.822933554   -5.081107885

   -3.141592654    1.396263402   38.534076709  -57.650803278  -10.607793322
   -2.945243113    1.396263402   28.338652955  -45.238301293   -9.507504198
   -2.748893572    1.396263402   21.013049898  -29.317210977   -7.792606903
   -2.552544031    1.396263402   16.678022360  -15.715857658   -5.843838523
   -2.356194490    1.396263402   14.388999019   -8.958583342   -3.977199618
   -2.159844949    1.396263402   12.650628860   -9.845065313   -2.367885815
   -1.963495408    1.396263402   10.249058925  -14.820505136   -1.071491041
   -1.767145868    1.396263402    6.959685735  -17.846074266   -0.106115789
   -1.570796327    1.396263402    3.710160876  -13.820895278    0.493659870
   -1.374446786    1.396263402    2.086014508   -1.480456864    0.707086196
   -1.178097245    1.396263402    3.473616366   16.012021113    0.621776030
   -0.981747704    1.396263402    8.344888977   33.003481711    0.503827203
   -0.785398163    1.396263402   16.058094427   44.216352774    0.769070263
   -0.589048623    1.396263402   25.159698240   46.912802805    1.845081983
   -0.392699082    1.396263402   33.945972503   41.230643292    4.017641088
   -0.196349541    1.396263402   40.964199956   29.423295791    7.308791349
    0.000000000    1.396263402   45.335450130   14.917682589   11.455611901
    0.196349541    1.396263402   46.914783549    1.672151104   15.923687949
    0.392699082    1.396263402   46.334290256   -6.529177561   19.980689515
    0.589048623    1.396263402   44.872855744   -7.011329962   22.825290408
    0.785398163    1.396263402   44.134271957    0.647414544   23.794281937
    0.981747704    1.396263402   45.532231308   14.132774825   22.589682018
    1.178097245    1.396263402   49.789425550   28.927537618   19.415426300
    1.374446786    1.396263402   56.646547037   39.816965905   14.914844360
    1.570796327    1.396263402   64.909933393   42.778387568    9.912364516
    1.767145868    1.396263402   72.820904906   36.178248136    5.106340371
    1.963495408    1.396263402   78.561551959   21.035807772    0.866201563
    2.159844949    1.396263402   80.715878044    0.259589230   -2.738380870
    2.356194490    1.396263402   78.551235491  -22.284012820   -5.770426480
    2.552544031    1.396263402   72.120426586  -42.515514058   -8.224930482
    2.748893572    1.396263402   62.254700975  -56.708127514   -9.965534202
    2.945243113    1.396263402   50.437983355  -62.068107292  -10.794322299

   -3.141592654    1.745329252   32.330486170  -57.125419168  -16.386607934
   -2.945243113    1.745329252   22.446332065  -42.666543727  -15.477274024
   -2.748893572    1.745329252   15.775590641  -25.354324544  -13.633230912
   -2.552544031    1.745329252   12.286473396  -11.204951925  -11.173257906
   -2.356194490    1.745329252   10.874139817   -4.648455535   -8.402242171
   -2.159844949    1.745329252    9.918790933   -6.246129890   -5.534060201
   -1.963495408    1.745329252    8.128401717  -12.232983159   -2.715416480
   -1.767145868    1.745329252    5.234035842  -16.428618392   -0.106008233
   -1.570796327    1.745329252    2.146775404  -13.569487995    2.091451176
   -1.374446786    1.745329252    0.479767978   -2.090773614    3.703991898
   -1.178097245    1.745329252    1.718338838   15.245988344    4.722973083
   -0.981747704    1.745329252    6.506646985   33.097284531    5.380938406
   -0.785398163    1.745329252   14.406283116   46.152924677    6.090973648
   -0.589048623    1.745329252   24.120913543   51.257597932    7.261580011
   -0.392699082    1.745329252   33.993388546   47.861789345    9.113939686
   -0.196349541    1.745329252   42.476143929   37.523573666   11.565650657
    0.000000000    1.745329252   48.474664411   23.139759978   14.250299614
    0.196349541    1.745329252   51.552186601    8.448383681   16.592702417
    0.392699082    1.745329252   52.041269717   -2.614172497   17.957227654
    0.589048623    1.745329252   50.990451537   -6.819640761   17.830808802
    0.785398163    1.745329252   49.915712817   -2.885445635   16.012537157
    0.981747704    1.745329252   50.321115044    7.770074481   12.720343288
    1.178097245    1.745329252   53.169033355   21.195804819    8.538200752
    1.374446786    1.745329252   58.495197802   32.153398087    4.195282487
    1.570796327    1.745329252   65.339338313   36.065368696    0.274629496
    1.767145868    1.745329252   72.040307418   30.522731900   -2.981010765
    1.963495408    1.745329252   76.740564075   15.998815242   -5.687350595
    2.159844949    1.745329252   77.921797398   -4.681163798   -8.135067895
    2.356194490    1.745329252   74.778960080  -27.281248306  -10.549497625
    2.552544031    1.745329252   67.388566857  -47.182344009  -12.903636514
    2.748893572    1.745329252   56.699620119  -60.277698677  -14.913348171
    2.945243113    1.745329252   44.353304019  -63.777650123  -16.176796436

   -3.141592654    2.094395102   25.698078601  -57.329687328  -18.961953948
   -2.945243113    2.094395102   15.967020625  -40.931681409  -18.398529521
   -2.748893572    2.094395102    9.803162924  -22.011316818  -16.680020395
   -2.552544031    2.094395102    7.086303008   -6.777318051  -13.994385217
   -2.356194490    2.094395102    6.608679986    0.366037898  -10.596198896
   -2.159844949    2.094395102    6.663408738   -1.033436711   -6.731394422
   -1.963495408    2.094395102    5.887803865   -7.171998982   -2.636318714
   -1.767145868    2.094395102    3.941699079  -11.898759480    1.412821083
   -1.570796327    2.094395102    1.662542313   -9.916772666    5.091014230
   -1.374446786    2.094395102    0.615089244    0.576005874    8.100003846
   -1.178097245    2.094395102    2.301628356   17.218619316   10.296019749
   -0.981747704    2.094395102    7.460296099   35.011318630   11.760412394
   -0.785398163    2.094395102   15.787142176   48.675292617   12.747720234
   -0.589048623    2.094395102   26.089056783   54.726636647   13.526746702
   -0.392699082    2.094395102   36.723107244   52.056815822   14.229396299
   -0.196349541    2.094395102   46.043356216   41.698903638   14.761313581
    0.000000000    2.094395102   52.772868550   26.219762620   14.832866704
    0.196349541    2.094395102   56.258011032    9.357642617   14.048044660
    0.392699082    2.094395102   56.649716045   -4.587076470   12.072727742
    0.589048623    2.094395102   54.918923215  -11.709217993    8.821429096
    0.785398163    2.094395102   52.653427773   -9.932491367    4.588096783
    0.981747704    2.094395102   51.570682911   -0.084856410    0.016959399
    1.178097245    2.094395102   52.917784457   13.985943374   -4.114483368
    1.374446786    2.094395102   56.979380447   26.583795456   -7.212359457
    1.570796327    2.094395102   62.914980808   32.345247677   -9.109247921
    1.767145868    2.094395102   69.026101996   28.095815030  -10.094241329
    1.963495408    2.094395102   73.300231078   13.927852738  -10.738890729
    2.159844949    2.094395102   74.038804247   -7.217794812  -11.608494308
    2.356194490    2.094395102   70.321842509  -30.580407413  -13.013742561
    2.552544031    2.094395102   62.231994451  -50.897128360  -14.889086359
    2.748893572    2.094395102   50.836160208  -63.601527954  -16.849913039
    2.945243113    2.094395102   37.948393180  -65.830373589  -18.363093339

   -3.141592654    2.443460953   19.359616938  -58.041597230  -12.939427993
   -2.945243113    2.443460953    9.668500072  -39.803924659  -12.055252920
   -2.748893572    2.443460953    3.907158843  -19.078709657  -10.278406984
   -2.552544031    2.443460953    1.924647931   -2.285139929   -7.700249189
   -2.356194490    2.443460953    2.458033868    6.116407452   -4.443540479
   -2.159844949    2.443460953    3.741039741    5.671235629   -0.618817949
   -1.963495408    2.443460953    4.346372368    0.114705772    3.637360336
   -1.767145868    2.443460953    3.848233797   -4.534060951    8.072581783
   -1.570796327    2.443460953    2.974217767   -3.070851279   12.286496089
   -1.374446786    2.443460953    3.176121175    6.384336742   15.814899040
   -1.178097245    2.443460953    5.877209124   21.721992210   18.300917594
   -0.981747704    2.443460953   11.792960703   38.238511053   19.622842680
   -0.785398163    2.443460953   20.643646996   50.808036220   19.889636271
   -0.589048623    2.443460953   31.268785043   55.884824402   19.307593741
   -0.392699082    2.443460953   42.028248490   52.125553287   18.033202837
   -0.196349541    2.443460953   51.226601759   40.308591432   16.079892647
    0.000000000    2.443460953   57.498244694   22.860188847   13.343797910
    0.196349541    2.443460953   60.097399971    3.657169341    9.695478083
    0.392699082    2.443460953   59.142649328  -12.530585317    5.133795373
    0.589048623    2.443460953   55.691317010  -21.093562746   -0.065051435
    0.785398163    2.443460953   51.555799246  -19.316432807   -5.301532487
    0.981747704    2.443460953   48.765395261   -7.833136186   -9.787258978
    1.178097245    2.443460953   48.855020830    9.061756031  -12.831677161
    1.374446786    2.443460953   52.256123018   24.737013440  -14.140781120
    1.570796327    2.443460953   58.077664374   32.843591612  -13.940607091
    1.767145868    2.443460953   64.407685122   29.586162493  -12.859821229
    1.963495408    2.443460953   68.954851289   15.019095186  -11.652733189
    2.159844949    2.443460953   69.786466243   -7.454805883  -10.913746619
    2.356194490    2.443460953   65.868571904  -32.356876587  -10.900338461
    2.552544031    2.443460953   57.312378710  -53.743012180  -11.503425308
    2.748893572    2.443460953   45.323996527  -66.619738012  -12.348954153
    2.945243113    2.443460953   31.906659620  -68.056727263  -12.962330366

   -3.141592654    2.792526803   16.242825365  -57.729945508    0.390139809
   -2.945243113    2.792526803    6.715733251  -38.422271812    2.173739094
   -2.748893572    2.792526803    1.345317940  -16.473677623    4.036335435
   -2.552544031    2.792526803    0.000000000    1.599788715    5.969688494
   -2.356194490    2.792526803    1.423063664   11.284864802    8.122527161
   -2.159844949    2.792526803    3.841555355   12.040224580   10.746884851
   -1.963495408    2.792526803    5.794548064    7.401270855   14.022418233
   -1.767145868    2.792526803    6.773260641    3.103706421   17.847751763
   -1.570796327    2.792526803    7.368892337    4.117351320   21.762008628
   -1.374446786    2.792526803    8.869964282   12.306249537   25.071802060
   -1.178097245    2.792526803   12.558505332   25.787676211   27.127342384
   -0.981747704    2.792526803   19.067567079   40.199679562   27.565022745
   -0.785398163    2.792526803   28.095973116   50.664344623   26.380397470
   -0.589048623    2.792526803   38.491835268   53.698006788   23.817774321
   -0.392699082    2.792526803   48.621311718   47.880145759   20.191483857
   -0.196349541    2.792526803   56.778335559   33.935923758   15.747480136
    0.000000000    2.792526803   61.589947031   14.385857300   10.638773623
    0.196349541    2.792526803   62.343569713   -6.571017994    4.996251360
    0.392699082    2.792526803   59.274127751  -23.651693750   -0.939464632
    0.589048623    2.792526803   53.660312793  -31.734002262   -6.703296012
    0.785398163    2.792526803   47.613588742  -27.879110089  -11.619119809
    0.981747704    2.792526803   43.456161193  -13.026020686  -14.986297549
    1.178097245    2.792526803   42.902738678    7.704853967  -16.371214413
    1.374446786    2.792526803   46.375620340   26.661563936  -15.829854233
    1.570796327    2.792526803   52.792343173   36.729200771  -13.890337935
    1.767145868    2.792526803   59.949752762   33.890987665  -11.316700837
    1.963495408    2.792526803   65.277372126   18.511779750   -8.790438807
    2.159844949    2.792526803   66.658309360   -5.395608543   -6.702458480
    2.356194490    2.792526803   62.999196123  -31.732150232   -5.109067049
    2.552544031    2.792526803   54.458245259  -54.113320349   -3.830172682
    2.748893572    2.792526803   42.351240307  -67.345482609   -2.603047271
    2.945243113    2.792526803   28.809244324  -68.508806935   -1.220512218
