#! FIELDS phi psi file.free der_phi der_psi
#! SET min_phi -pi
#! SET max_phi pi
#! SET nbins_phi  32
#! SET periodic_phi true
#! SET min_psi -pi
#! SET max_psi pi
#! SET nbins_psi  18
#! SET periodic_psi true
   -3.141592654   -3.141592654   18.454921705  -54.317338131   17.798323527
   -2.945243113   -3.141592654    9.591158838  -35.248593012   20.261101217
   -2.748893572   -3.141592654    4.763545832  -14.212410178   21.712657979
   -2.552544031   -3.141592654    3.767745565    2.956868924   22.374957885
   -2.356194490   -3.141592654    5.432914221   12.574313436   22.786194325
   -2.159844949   -3.141592654    8.202687581   14.525821446   23.613705540
   -1.963495408   -3.141592654   10.847121645   12.044710965   25.357883502
   -1.767145868   -3.141592654   12.963303979    9.957001257   28.069552374
   -1.570796327   -3.141592654   15.049527609   12.206985812   31.253196693
   -1.374446786   -3.141592654   18.134807604   20.072094669   34.032742057
   -1.178097245   -3.141592654   23.191494064   31.732553850   35.497175609
   -0.981747704   -3.141592654   30.606138157   43.360538729   35.030352942
   -0.785398163   -3.141592654   39.946521762   50.639655197   32.457289526
   -0.589048623   -3.141592654   50.015449747   50.373191670   27.990200262
   -0.392699082   -3.141592654   59.160608370   41.152209923   22.069466515
   -0.196349541   -3.141592654   65.654023297   23.709062470   15.222703304
    0.000000000   -3.141592654   68.127742370    0.873089141    7.988760759
    0.196349541   -3.141592654   65.974510479  -22.451140323    0.908783435
    0.392699082   -3.141592654   59.698203369  -40.074451575   -5.463879668
    0.589048623   -3.141592654   51.007342123  -46.223966835  -10.568896650
    0.785398163   -3.141592654   42.510052363  -37.998834632  -13.922617361
    0.981747704   -3.141592654   36.932181692  -17.229988344  -15.265021734
    1.178097245   -3.141592654   36.151878486    9.472689383  -14.698620915
    1.374446786   -3.141592654   40.450837587   32.965832248  -12.692707785
    1.570796327   -3.141592654   48.362523470   45.224076840   -9.888860871
    1.767145868   -3.141592654   57.204728974   42.205445242   -6.827072081
    1.963495408   -3.141592654   64.003925439   24.999356026   -3.743916922
    2.159844949   -3.141592654   66.427774401   -1.250220703   -0.585707483
    2.356194490   -3.141592654   63.389366288  -29.403317378    2.824988000
    2.552544031   -3.141592654   55.218091224  -52.481543969    6.580854401
    2.748893572   -3.141592654   43.455852652  -65.339118949   10.563588809
    2.945243113   -3.141592654   30.392321531  -65.648928155   14.445771071

   -3.141592654   -2.792526803   26.526327370  -49.571261817   25.965648098
   -2.945243113   -2.792526803   18.372484660  -32.796641795   28.260309849
   -2.748893572   -2.792526803   13.813000954  -13.845911216   29.206964817
   -2.552544031   -2.792526803   12.749566294    2.093508935   29.162771168
   -2.356194490   -2.792526803   14.229262558   11.781392533   28.796653013
   -2.159844949   -2.792526803   16.959595556   15.103630337   28.850034186
   -1.963495408   -2.792526803   19.919448103   14.729239411   29.816695184
   -1.767145868   -2.792526803   22.758227383   14.502405792   31.677151055
   -1.570796327   -2.792526803   25.823041065   17.354446397   33.842605671
   -1.374446786   -2.792526803   29.827560830   23.968197646   35.364943187
   -1.178097245   -2.792526803   35.375595279   32.592942333   35.311552407
   -0.981747704   -2.792526803   42.560386631   40.051467304   33.114661743
   -0.785398163   -2.792526803   50.816891552   42.961962387   28.727489416
   -0.589048623   -2.792526803   58.997639968   39.001259428   22.570134000
   -0.392699082   -2.792526803   65.649492751   27.390898437   15.334256027
   -0.196349541   -2.792526803   69.337129137    9.176670593    7.786791625
    0.000000000   -2.792526803   69.016398342  -12.793689109    0.619429445
    0.196349541   -2.792526803   64.382098942  -33.849845103   -5.605683106
    0.392699082   -2.792526803   56.176025759  -48.200325709  -10.462735842
    0.589048623   -2.792526803   46.256700627  -50.568765636  -13.647768174
    0.785398163   -2.792526803   37.278228880  -38.602608496  -15.006957901
    0.981747704   -2.792526803   31.902986774  -14.692759128  -14.596726397
    1.178097245   -2.792526803   31.845239085   14.111663415  -12.731510241
    1.374446786   -2.792526803   37.164770780   38.556217566   -9.923983446
    1.570796327   -2.792526803   46.193153428   50.918094421   -6.689624259
    1.767145868   -2.792526803   56.137283420   47.753212299   -3.339197720
    1.963495408   -2.792526803   64.031413799   30.685825952    0.125368101
    2.159844949   -2.792526803   67.625123310    5.051833128    3.904150753
    2.356194490   -2.792526803   65.908289486  -22.246046662    8.183493519
    2.552544031   -2.792526803   59.211238634  -44.713956252   12.932961455
    2.748893572   -2.792526803   48.979471949  -57.672532628   17.834980724
    2.945243113   -2.792526803   37.335284729  -59.025584896   22.364179825

   -3.141592654   -2.443460953   34.937662748  -45.086262094   22.701476999
   -2.945243113   -2.443460953   27.463528846  -30.361726350   24.474653393
   -2.748893572   -2.443460953   23.202552748  -13.144585589   25.181569195
   -2.552544031   -2.443460953   22.169008503    1.863099402   25.125515206
   -2.356194490   -2.443460953   23.596638000   11.653411157   24.788482676
   -2.159844949   -2.443460953   26.384942071   15.922779817   24.654591771
   -1.963495408   -2.443460953   29.622867192   16.710158873   24.993030438
   -1.767145868   -2.443460953   32.919069454   17.007083875   25.695131850
   -1.570796327   -2.443460953   36.421031708   19.047698538   26.265943249
   -1.374446786   -2.443460953   40.550954855   23.318076483   26.003096924
   -1.178097245   -2.443460953   45.642380529   28.474525890   24.282106167
   -0.981747704   -2.443460953   51.645017320   32.165363432   20.812733355
   -0.785398163   -2.443460953   58.026167942   31.924962354   15.741205187
   -0.589048623   -2.443460953   63.831929501   26.107161212    9.588781313
   -0.392699082   -2.443460953   67.898773892   14.234784886    3.065251517
   -0.196349541   -2.443460953   69.101102039   -2.754813240   -3.117529489
    0.000000000   -2.443460953   66.651618216  -22.400061835   -8.408286651
    0.196349541   -2.443460953   60.411030878  -40.546605759  -12.472291004
    0.392699082   -2.443460953   51.188377199  -51.862743918  -15.179356483
    0.589048623   -2.443460953   40.833761249  -51.385587522  -16.531177469
    0.785398163   -2.443460953   31.944103115  -36.948681102  -16.599329826
    0.981747704   -2.443460953   27.092913581  -11.098324557  -15.502866603
    1.178097245   -2.443460953   27.876518025   18.977783360  -13.437590982
    1.374446786   -2.443460953   34.219091654   44.018423312  -10.679483408
    1.570796327   -2.443460953   44.336851441   56.504821124   -7.512760158
    1.767145868   -2.443460953   55.380548541   53.390294854   -4.128129331
    1.963495408   -2.443460953   64.406515910   36.636850227   -0.552372768
    2.159844949   -2.443460953   69.229192774   11.659960541    3.289208164
    2.356194490   -2.443460953   68.885755403  -14.891362015    7.443726940
    2.552544031   -2.443460953   63.682618135  -36.953256692   11.800656394
    2.748893572   -2.443460953   54.958833998  -50.219906547   16.064162283
    2.945243113   -2.443460953   44.678876692  -52.725323560   19.825304318

   -3.141592654   -2.094395102   41.150614838  -41.374691923   13.054993939
   -2.945243113   -2.094395102   34.267326393  -28.063899614   14.071443986
   -2.748893572   -2.094395102   30.327732595  -12.123923053   14.605584529
   -2.552544031   -2.094395102   29.399028014    1.991216703   14.816452763
   -2.356194490   -2.094395102   30.805372961   11.389113705   14.856036366
   -2.159844949   -2.094395102   33.535548483   15.629047451   14.803113813
   -1.963495408   -2.094395102   36.713749434   16.346860996   14.602009752
   -1.767145868   -2.094395102   39.889728043   16.015515076   14.046588196
   -1.570796327   -2.094395102   43.061902760   16.521434464   12.835886739
   -1.374446786   -2.094395102   46.473417931   18.422946857   10.697512022
   -1.178097245   -2.094395102   50.339593084   20.908375563    7.518912084
   -0.981747704   -2.094395102   54.626072821   22.400902949    3.427454888
   -0.785398163   -2.094395102   58.964194331   21.118778086   -1.224889549
   -0.589048623   -2.094395102   62.663991866   15.707842050   -5.945216904
   -0.392699082   -2.094395102   64.837180402    5.537488049  -10.231190784
   -0.196349541   -2.094395102   64.567397574   -8.970316158  -13.678513736
    0.000000000   -2.094395102   61.158919915  -25.971990086  -16.088087151
    0.196349541   -2.094395102   54.449879108  -41.833225534  -17.484712328
    0.392699082   -2.094395102   45.149389048  -51.469224952  -18.067175513
    0.589048623   -2.094395102   34.989793433  -49.864355730  -18.071392603
    0.785398163   -2.094395102   26.481426347  -34.609951006  -17.631062604
    0.981747704   -2.094395102   22.160670447   -8.030924475  -16.717994616
    1.178097245   -2.094395102   23.615967201   22.749958519  -15.215587807
    1.374446786   -2.094395102   30.761978311   48.412134379  -13.050058515
    1.570796327   -2.094395102   41.791609779   61.369568501  -10.274810349
    1.767145868   -2.094395102   53.827943383   58.621477638   -7.059816307
    1.963495408   -2.094395102   63.915809448   42.219329161   -3.605478534
    2.159844949   -2.094395102   69.871895874   17.616300943   -0.095283876
    2.356194490   -2.094395102   70.730381246   -8.641850278    3.317985419
    2.552544031   -2.094395102   66.763701128  -30.676673121    6.479848846
    2.748893572   -2.094395102   59.240755744  -44.351868557    9.235202953
    2.945243113   -2.094395102   50.033497067  -47.747669036   11.449850549

   -3.141592654   -1.745329252   43.662586901  -39.085508944    4.537194503
   -2.945243113   -1.745329252   37.177506522  -26.323064970    4.956562056
   -2.748893572   -1.745329252   33.516336043  -11.051696872    5.269374333
   -2.552544031   -1.745329252   32.723103280    2.281463947    5.434860504
   -2.356194490   -1.745329252   34.103147579   10.816601927    5.298623556
   -2.159844949   -1.745329252   36.628157564   14.088105302    4.643517072
   -1.963495408   -1.745329252   39.394125830   13.651286617    3.257640719
   -1.767145868   -1.745329252   41.906860188   11.915041460    1.013998559
   -1.570796327   -1.745329252   44.120209563   10.843937388   -2.065212798
   -1.374446786   -1.745329252   46.266939448   11.266150119   -5.776263286
   -1.178097245   -1.745329252   48.619631683   12.770104619   -9.758282635
   -0.981747704   -1.745329252   51.280071713   14.146388502  -13.566784241
   -0.785398163   -1.745329252   54.071442424   13.798609134  -16.774162482
   -0.589048623   -1.745329252   56.505621321   10.272117168  -19.054103775
   -0.392699082   -1.745329252   57.848894641    2.587441749  -20.247180701
   -0.196349541   -1.745329252   57.252724528   -9.383165083  -20.379843675
    0.000000000   -1.745329252   53.974286280  -24.363128714  -19.688302525
    0.196349541   -1.745329252   47.704724685  -39.139330177  -18.567553423
    0.392699082   -1.745329252   38.954748347  -48.704666914  -17.463602231
    0.589048623   -1.745329252   29.285039315  -47.703407703  -16.694083383
    0.785398163   -1.745329252   21.131728100  -33.107797184  -16.292121258
    0.981747704   -1.745329252   17.079173388   -6.687482893  -15.977443370
    1.178097245   -1.745329252   18.840498636   24.632048008  -15.308713589
    1.374446786   -1.745329252   26.451632287   51.309484128  -13.924371049
    1.570796327   -1.745329252   38.156866130   65.312141840  -11.726578266
    1.767145868   -1.745329252   51.044834495   63.270744193   -8.908275277
    1.963495408   -1.745329252   62.075636104   47.083291227   -5.832141858
    2.159844949   -1.745329252   68.973235371   22.280208999   -2.883461993
    2.356194490   -1.745329252   70.706931666   -4.425641637   -0.347980671
    2.552544031   -1.745329252   67.517780742  -26.979675908    1.623155631
    2.748893572   -1.745329252   60.671829662  -41.147733727    3.020690642
    2.945243113   -1.745329252   52.049116115  -44.994045441    3.940267198

   -3.141592654   -1.396263402   41.947910142  -39.550995788    2.516697289
   -2.945243113   -1.396263402   35.412291674  -26.357845850    2.327771659
   -2.748893572   -1.396263402   31.784009835  -10.732005976    2.099576975
   -2.552544031   -1.396263402   31.053461699    2.491710865    1.720296048
   -2.356194490   -1.396263402   32.407893662   10.214112138    0.924069633
   -2.159844949   -1.396263402   34.674294243   11.945332802   -0.613711168
   -1.963495408   -1.396263402   36.825244865    9.483158229   -3.138610326
   -1.767145868   -1.396263402   38.314890559    5.708231449   -6.671057691
   -1.570796327   -1.396263402   39.152599622    3.185498316  -10.932478375
   -1.374446786   -1.396263402   39.740962387    3.269485846  -15.383864712
   -1.178097245   -1.396263402   40.602403073    5.808311683  -19.371831634
   -0.981747704   -1.396263402   42.102670921    9.469734922  -22.314861235
   -0.785398163   -1.396263402   44.269177488   12.190086833  -23.849404688
   -0.589048623   -1.396263402   46.704857916   11.856037825  -23.880397967
   -0.392699082   -1.396263402   48.634280077    6.840700294  -22.571313434
   -0.196349541   -1.396263402   49.052571112   -3.514636500  -20.282134100
    0.000000000   -1.396263402   46.975516493  -18.233733319  -17.525049839
    0.196349541   -1.396263402   41.821163050  -34.121293525  -14.862609884
    0.392699082   -1.396263402   33.859498628  -45.809902225  -12.772773175
    0.589048623   -1.396263402   24.519495468  -47.212638552  -11.488989282
    0.785398163   -1.396263402   16.270892271  -34.399193771  -10.906004192
    0.981747704   -1.396263402   11.894376592   -8.453230261  -10.623992561
    1.178097245   -1.396263402   13.382779933   23.827076664  -10.143377802
    1.374446786   -1.396263402   21.014655140   52.405857947   -9.094706737
    1.570796327   -1.396263402   33.137557140   68.400118155   -7.387612840
    1.767145868   -1.396263402   46.776357611   67.659284201   -5.209095590
    1.963495408   -1.396263402   58.708713094   51.679402002   -2.895972735
    2.159844949   -1.396263402   66.444108213   26.072428980   -0.794067843
    2.356194490   -1.396263402   68.790905435   -2.034814525    0.854323396
    2.552544031   -1.396263402   65.925124201  -26.044329418    1.939193055
    2.748893572   -1.396263402   59.148904603  -41.279614336    2.486189424
    2.945243113   -1.396263402   50.445070448  -45.578402262    2.619805356

   -3.141592654   -1.047197551   39.089463501  -42.355248371    4.560415340
   -2.945243113   -1.047197551   32.064657632  -28.480482214    3.428278082
   -2.748893572   -1.047197551   28.101282514  -12.046953895    2.101465065
   -2.552544031   -1.047197551   27.163124086    1.576982736    0.566432679
   -2.356194490   -1.047197551   28.311969742    8.875094443   -1.350965372
   -2.159844949   -1.047197551   30.197634810    9.271318495   -3.919623778
   -1.963495408   -1.047197551   31.644121248    4.949421558   -7.346273522
   -1.767145868   -1.047197551   32.072080269   -0.463855412  -11.578097983
   -1.570796327   -1.047197551   31.615680006   -3.598231989  -16.196227124
   -1.374446786   -1.047197551   30.934191405   -2.617190647  -20.481533975
   -1.178097245   -1.047197551   30.849564957    2.265805887  -23.644569960
   -0.981747704   -1.047197551   31.963101131    9.156537872  -25.101228175
   -0.785398163   -1.047197551   34.399318290   15.199566778  -24.655950385
   -0.589048623   -1.047197551   37.705261543   17.547459823  -22.519041779
   -0.392699082   -1.047197551   40.925371102   14.077667314  -19.209388957
   -0.196349541   -1.047197551   42.804410119    3.886660975  -15.384342590
    0.000000000   -1.047197551   42.085455888  -12.011601786  -11.687738332
    0.196349541   -1.047197551   37.949741905  -30.094257835   -8.594544648
    0.392699082   -1.047197551   30.524873478  -44.371286723   -6.314544171
    0.589048623   -1.047197551   21.239663959  -47.964884844   -4.779587721
    0.785398163   -1.047197551   12.713631209  -36.258678139   -3.730796946
    0.981747704   -1.047197551    7.976560318  -10.053905831   -2.860259614
    1.178097245   -1.047197551    9.272725015   23.599519840   -1.938867248
    1.374446786   -1.047197551   17.038663648   53.998783915   -0.861496497
    1.570796327   -1.047197551   29.633124375   71.491826996    0.369585245
    1.767145868   -1.047197551   43.958291743   71.382594314    1.689976681
    1.963495408   -1.047197551   56.599327541   55.003031493    3.005902010
    2.159844949   -1.047197551   64.877718861   28.169816561    4.201028080
    2.356194490   -1.047197551   67.477818583   -1.586420513    5.146651846
    2.552544031   -1.047197551   64.536916926  -27.215797938    5.711259115
    2.748893572   -1.047197551   57.401928148  -43.666285250    5.800609587
    2.945243113   -1.047197551   48.162161800  -48.527917831    5.393538768

   -3.141592654   -0.698131701   39.198712165  -45.811581992    4.356107782
   -2.945243113   -0.698131701   31.468637233  -32.146316926    1.883989938
   -2.748893572   -0.698131701   26.785914480  -15.692260660   -0.789818213
   -2.552544031   -0.698131701   25.128197321   -2.157498834   -3.504050806
   -2.356194490   -0.698131701   25.501345403    4.621180289   -6.297951617
   -2.159844949   -0.698131701   26.458927182    4.008553006   -9.373870955
   -1.963495408   -0.698131701   26.758490100   -1.435546012  -12.902720732
   -1.767145868   -0.698131701   25.864189515   -7.384137884  -16.767581506
   -1.570796327   -0.698131701   24.095972802   -9.789209986  -20.443727624
   -1.374446786   -0.698131701   22.394322714   -6.577347302  -23.131120182
   -1.178097245   -0.698131701   21.847935199    1.649039255  -24.095615123
   -0.981747704   -0.698131701   23.197425761   12.138755300  -23.010733588
   -0.785398163   -0.698131701   26.523899956   21.108598921  -20.103095386
   -0.589048623   -0.698131701   31.172231800   25.056692106  -16.033047395
   -0.392699082   -0.698131701   35.897720128   21.651243095  -11.629669149
   -0.196349541   -0.698131701   39.158142094   10.194771147   -7.600603776
    0.000000000   -0.698131701   39.484073318   -7.753752930   -4.343906326
    0.196349541   -0.698131701   35.972237678  -27.945978358   -1.876446300
    0.392699082   -0.698131701   28.808546621  -43.712913182    0.083561168
    0.589048623   -0.698131701   19.587583560  -47.800305024    1.905248483
    0.785398163   -0.698131701   11.124451272  -35.666458889    3.803803573
    0.981747704   -0.698131701    6.590968209   -8.550450579    5.715640307
    1.178097245   -0.698131701    8.273252117   25.975826996    7.369871651
    1.374446786   -0.698131701   16.562037711   56.862460292    8.507222358
    1.570796327   -0.698131701   29.728376669   74.375723719    9.059494126
    1.767145868   -0.698131701   44.590719450   73.916952001    9.177713303
    1.963495408   -0.698131701   57.674731093   56.944155263    9.104854500
    2.159844949   -0.698131701   66.261716888   29.345891958    9.008453527
    2.356194490   -0.698131701   69.004354698   -1.335789939    8.881987734
    2.552544031   -0.698131701   66.009875268  -28.025314938    8.550586555
    2.748893572   -0.698131701   58.607447448  -45.571331607    7.773501204
    2.945243113   -0.698131701   48.896851012  -51.377208249    6.376911661

   -3.141592654   -0.349065850   40.333377263  -51.049545732    3.353506457
   -2.945243113   -0.349065850   31.504415348  -37.980130866   -0.070507416
   -2.748893572   -0.349065850   25.670062530  -21.493155185   -3.569207666
   -2.552544031   -0.349065850   22.906290569   -7.605457546   -6.868505705
   -2.356194490   -0.349065850   22.236589838   -0.602880178   -9.921446600
   -2.159844949   -0.349065850   22.160895912   -1.342176891  -12.880436299
   -1.963495408   -0.349065850   21.386928471   -6.978862893  -15.877238370
   -1.767145868   -0.349065850   19.429713571  -12.497843945  -18.745547008
   -1.570796327   -0.349065850   16.799841673  -13.208479359  -20.920820864
   -1.374446786   -0.349065850   14.705585962   -6.966034865  -21.641762459
   -1.178097245   -0.349065850   14.442678940    4.950550940  -20.366934890
   -0.981747704   -0.349065850   16.773642079   18.662180682  -17.126418792
   -0.785398163   -0.349065850   21.583016796   29.393070729  -12.577470441
   -0.589048623   -0.349065850   27.877730754   33.234308301   -7.726061670
   -0.392699082   -0.349065850   34.064784587   28.153328656   -3.504374463
   -0.196349541   -0.349065850   38.367587899   14.260546452   -0.414199697
    0.000000000   -0.349065850   39.264307579   -5.893396775    1.617389249
    0.196349541   -0.349065850   35.982211783  -27.248897591    3.140229267
    0.392699082   -0.349065850   28.952615948  -42.830217522    4.875532280
    0.589048623   -0.349065850   20.011948756  -45.726279766    7.310860372
    0.785398163   -0.349065850   12.095806742  -32.229339464   10.399552586
    0.981747704   -0.349065850    8.321799832   -4.431245625   13.555988809
    1.178097245   -0.349065850   10.793234272   29.710965173   15.980131336
    1.374446786   -0.349065850   19.706036418   59.389190718   17.112008349
    1.570796327   -0.349065850   33.228129956   75.496115593   16.905231403
    1.767145868   -0.349065850   48.199032046   73.993651673   15.776523983
    1.963495408   -0.349065850   61.241322570   56.526899180   14.301612614
    2.159844949   -0.349065850   69.728241588   28.768565636   12.897215726
    2.356194490   -0.349065850   72.338156983   -2.156876013   11.651495025
    2.552544031   -0.349065850   69.124610205  -29.519257512   10.354904137
    2.748893572   -0.349065850   61.321131005  -48.232417787    8.670893935
    2.945243113   -0.349065850   50.951495395  -55.435157928    6.344589308

   -3.141592654    0.000000000   41.171214504  -57.381497805    1.365560159
   -2.945243113    0.000000000   31.046767543  -44.695813273   -2.120956287
   -2.748893572    0.000000000   23.916868513  -27.859339448   -5.453682746
   -2.552544031    0.000000000   19.974889131  -13.206293685   -8.375039848
   -2.356194490    0.000000000   18.279666770   -5.481033867  -10.859191631
   -2.159844949    0.000000000   17.296018305   -5.742245587  -13.062729555
   -1.963495408    0.000000000   15.703909101  -10.854503833  -15.094849179
   -1.767145868    0.000000000   13.086617052  -15.178467380  -16.766216049
   -1.570796327    0.000000000   10.139190909  -13.559330463  -17.544189700
   -1.374446786    0.000000000    8.287734791   -4.038215037  -16.807028694
   -1.178097245    0.000000000    8.935246988   11.206255826  -14.259985953
   -0.981747704    0.000000000   12.737142163   27.114313153  -10.215923567
   -0.785398163    0.000000000   19.266529082   38.113457668   -5.534559209
   -0.589048623    0.000000000   27.138409604   40.304902757   -1.242873157
   -0.392699082    0.000000000   34.451222864   32.454873197    1.928994557
   -0.196349541    0.000000000   39.325779345   15.900538155    3.847776585
    0.000000000    0.000000000   40.378707009   -5.666748522    5.003597825
    0.196349541    0.000000000   37.152055242  -26.602030114    6.254119137
    0.392699082    0.000000000   30.425202203  -40.207970465    8.400164386
    0.589048623    0.000000000   22.243882600  -40.659885338   11.748939960
    0.785398163    0.000000000   15.497769890  -25.646703073   15.893405818
    0.981747704    0.000000000   13.017026091    1.808313189   19.854740424
    1.178097245    0.000000000   16.527745021   33.811006162   22.558527988
    1.374446786    0.000000000   25.956934277   60.516139078   23.359782186
    1.570796327    0.000000000   39.431441020   74.043037278   22.301567384
    1.767145868    0.000000000   53.956136374   71.123827807   19.988673678
    1.963495408    0.000000000   66.395388156   53.418941173   17.199826126
    2.159844949    0.000000000   74.303801209   26.023102027   14.518957659
    2.356194490    0.000000000   76.404858842   -4.666380020   12.139699772
    2.552544031    0.000000000   72.672822958  -32.410047867    9.903805625
    2.748893572    0.000000000   64.208582418  -52.164199267    7.490832481
    2.945243113    0.000000000   52.936953392  -60.699022030    4.649708899

   -3.141592654    0.349065850   42.817461037  -62.140510977    0.819730474
   -2.945243113    0.349065850   31.727128921  -49.683367055   -1.498894922
   -2.748893572    0.349065850   23.631175885  -32.632159270   -3.560696094
   -2.552544031    0.349065850   18.798492015  -17.473007026   -5.288631720
   -2.356194490    0.349065850   16.318606328   -9.209077137   -6.744120235
   -2.159844949    0.349065850   14.651298332   -8.966730511   -8.055623836
   -1.963495408    0.349065850   12.490664482  -13.343814501   -9.246070367
   -1.767145868    0.349065850    9.507234160  -16.277644189  -10.093080664
   -1.570796327    0.349065850    6.549041196  -12.443447730  -10.169232538
   -1.374446786    0.349065850    5.174707296   -0.288611794   -9.088981659
   -1.178097245    0.349065850    6.786118001   17.111655110   -6.807090253
   -0.981747704    0.349065850   11.851398148   33.795730411   -3.743994850
   -0.785398163    0.349065850   19.627131779   43.855641142   -0.623396337
   -0.589048623    0.349065850   28.424879998   43.863476325    1.890913050
   -0.392699082    0.349065850   36.197104381   33.642258656    3.541449396
   -0.196349541    0.349065850   41.144922153   15.703664364    4.604355307
    0.000000000    0.349065850   42.164352306   -5.491497639    5.773648352
    0.196349541    0.349065850   39.159072481  -24.267635859    7.830970470
    0.392699082    0.349065850   33.193161976  -34.736705120   11.252433991
    0.589048623    0.349065850   26.373518336  -32.460001301   15.894860243
    0.785398163    0.349065850   21.368602697  -16.501141896   20.941519178
    0.981747704    0.349065850   20.578278671    9.471089336   25.178411508
    1.178097245    0.349065850   25.276956202   38.001272087   27.514260744
    1.374446786    0.349065850   35.116542391   60.515576545   27.450166331
    1.570796327    0.349065850   48.225381404   70.538470861   25.241801822
    1.767145868    0.349065850   61.841426528   65.663762105   21.686523967
    1.963495408    0.349065850   73.151444727   47.615188019   17.703490927
    2.159844949    0.349065850   79.977689920   20.910863940   13.979188065
    2.356194490    0.349065850   81.169087004   -8.840692649   10.797413680
    2.552544031    0.349065850   76.681154022  -36.032102381    8.096053166
    2.748893572    0.349065850   67.509226381  -55.853982305    5.643922907
    2.945243113    0.349065850   55.467014650  -64.903454860    3.235824789

   -3.141592654    0.698131701   44.681743132  -64.165957758    0.607800402
   -2.945243113    0.698131701   33.177157031  -51.864259840    0.232992771
   -2.748893572    0.698131701   24.636817330  -34.959692316    0.089845843
   -2.552544031    0.698131701   19.336803949  -19.886265464   -0.022882722
   -2.356194490    0.698131701   16.380336289  -11.623212514   -0.283680716
   -2.159844949    0.698131701   14.251957157  -11.202007351   -0.777078432
   -1.963495408    0.698131701   11.696645528  -15.055770803   -1.433658050
   -1.767145868    0.698131701    8.466042821  -17.004254081   -2.035797268
   -1.570796327    0.698131701    5.493364138  -11.829096162   -2.314972318
   -1.374446786    0.698131701    4.372447635    1.627443565   -2.105741585
   -1.178097245    0.698131701    6.445645746   19.765631362   -1.448606620
   -0.981747704    0.698131701   12.031987408   36.293783864   -0.560464021
   -0.785398163    0.698131701   20.216657756   45.431557476    0.326650889
   -0.589048623    0.698131701   29.212326286   44.341709932    1.151938523
   -0.392699082    0.698131701   37.014001840   33.623970834    2.127505916
   -0.196349541    0.698131701   42.006078578   16.404745185    3.674471106
    0.000000000    0.698131701   43.345866206   -2.725357031    6.258777816
    0.196349541    0.698131701   41.164558307  -18.565465129   10.149604036
    0.392699082    0.698131701   36.605824042  -26.230366663   15.210457824
    0.589048623    0.698131701   31.632730459  -22.470275782   20.795926264
    0.785398163    0.698131701   28.559915868   -7.213096799   25.858088742
    0.981747704    0.698131701   29.336815376   15.814935690   29.268734938
    1.178097245    0.698131701   34.867237888   39.999492425   30.250488683
    1.374446786    0.698131701   44.657063674   58.120647570   28.677852240
    1.570796327    0.698131701   56.952654861   64.925232557   25.084108348
    1.767145868    0.698131701   69.294121504   58.597608708   20.385073166
    1.963495408    0.698131701   79.212221033   40.736165779   15.497584821
    2.159844949    0.698131701   84.795765048   15.236127459   11.082668719
    2.356194490    0.698131701   85.020615181  -13.018687347    7.460808299
    2.552544031    0.698131701   79.840653565  -38.977188316    4.694116568
    2.748893572    0.698131701   70.170369280  -58.076173870    2.708251935
    2.945243113    0.698131701   57.722240009  -66.879929222    1.386779186

   -3.141592654    1.047197551   43.392872603  -64.491533420   -4.407009418
   -2.945243113    1.047197551   31.916963920  -51.287139040   -3.152651009
   -2.748893572    1.047197551   23.545471655  -33.882950824   -1.596011068
   -2.552544031    1.047197551   18.468741665  -18.755431234   -0.168515809
   -2.356194490    1.047197551   15.707911102  -10.803675435    0.852948496
   -2.159844949    1.047197551   13.693927970  -10.862685579    1.399131589
   -1.963495408    1.047197551   11.160818486  -15.145134995    1.560988571
   -1.767145868    1.047197551    7.885067495  -17.342696159    1.475543351
   -1.570796327    1.047197551    4.834599367  -12.270834082    1.227871857
   -1.374446786    1.047197551    3.618662990    1.086208360    0.829691030
   -1.178097245    1.047197551    5.568929142   19.034934496    0.295151656
   -0.981747704    1.047197551   10.992856248   35.389631931   -0.250427416
   -0.785398163    1.047197551   19.007069463   44.683135608   -0.508174871
   -0.589048623    1.047197551   27.926750190   44.460812254   -0.057711762
   -0.392699082    1.047197551   35.912394020   35.529707617    1.517522146
   -0.196349541    1.047197551   41.522705048   20.900378986    4.465532765
    0.000000000    1.047197551   44.028863454    4.649823762    8.766580330
    0.196349541    1.047197551   43.543813721   -8.821148329   14.070361424
    0.392699082    1.047197551   41.024260498  -15.500782650   19.703663638
    0.589048623    1.047197551   38.093529077  -12.754935034   24.751643935
    0.785398163    1.047197551   36.658459711   -0.550953419   28.254619039
    0.981747704    1.047197551   38.323607660   18.061623349   29.484883992
    1.178097245    1.047197551   43.835782764   37.638883260   28.203235409
    1.374446786    1.047197551   52.781318196   52.115913462   24.738565417
    1.570796327    1.047197551   63.670638801   56.894858198   19.832939997
    1.767145868    1.047197551   74.370194392   50.132522065   14.347154621
    1.963495408    1.047197551   82.679277008   32.942905044    8.987697027
    2.159844949    1.047197551   86.845035920    8.628993038    4.216437637
    2.356194490    1.047197551   85.900883265  -18.318155149    0.294500550
    2.552544031    1.047197551   79.807039764  -42.990687116   -2.604567632
    2.748893572    1.047197551   69.473219372  -60.819616291   -4.354246696
    2.945243113    1.047197551   56.609759816  -68.365354212   -4.913855018

   -3.141592654    1.396263402   38.241237491  -62.277008143  -10.150626569
   -2.945243113    1.396263402   27.400450496  -47.184814313   -8.452506195
   -2.748893572    1.396263402   19.929765172  -28.999080493   -6.332641996
   -2.552544031    1.396263402   15.799723072  -14.147419731   -4.221949574
   -2.356194490    1.396263402   13.856111715   -7.163853419   -2.378246694
   -2.159844949    1.396263402   12.437877482   -8.447429504   -0.866398270
   -1.963495408    1.396263402   10.258088666  -13.954694116    0.345896530
   -1.767145868    1.396263402    7.099161072  -17.345210572    1.257769107
   -1.570796327    1.396263402    3.930875946  -13.472105625    1.784702993
   -1.374446786    1.396263402    2.369772226   -1.190234950    1.836241102
   -1.178097245    1.396263402    3.806156030   16.192768438    1.473098899
   -0.981747704    1.396263402    8.696269374   32.988707805    1.011231085
   -0.785398163    1.396263402   16.388592698   44.015306423    0.984702792
   -0.589048623    1.396263402   25.444948898   46.673376287    1.952836969
   -0.392699082    1.396263402   34.198903759   41.163132191    4.281450643
   -0.196349541    1.396263402   41.233889614   29.657346225    7.976269182
    0.000000000    1.396263402   45.679093603   15.397585357   12.663414908
    0.196349541    1.396263402   47.360525118    2.176282924   17.649419559
    0.392699082    1.396263402   46.862400170   -6.237122567   22.063455118
    0.589048623    1.396263402   45.432347829   -6.977032085   25.042305488
    0.785398163    1.396263402   44.696702332    0.709179119   25.951724220
    0.981747704    1.396263402   46.157443186   14.815438862   24.578416771
    1.178097245    1.396263402   50.666029475   30.892557789   21.204443754
    1.374446786    1.396263402   58.068416549   43.403274240   16.493914258
    1.570796327    1.396263402   67.175045473   47.644939410   11.228377948
    1.767145868    1.396263402   76.082462299   41.210471840    6.044513643
    1.963495408    1.396263402   82.699508749   24.642682469    1.297434752
    2.159844949    1.396263402   85.300354827    0.999505971   -2.868408319
    2.356194490    1.396263402   82.939028047  -25.054985348   -6.363757700
    2.552544031    1.396263402   75.653464369  -48.270989213   -9.020208462
    2.748893572    1.396263402   64.485720317  -63.910677661  -10.610192639
    2.945243113    1.396263402   51.274357353  -68.764120696  -10.970715509

   -3.141592654    1.745329252   31.801295295  -60.109257213  -16.227803699
   -2.945243113    1.745329252   21.571282405  -43.265225413  -14.584819824
   -2.748893572    1.745329252   14.968744253  -24.233484151  -12.314645558
   -2.552544031    1.745329252   11.786354002   -9.384875269   -9.761357021
   -2.356194490    1.745329252   10.728403310   -2.976067066   -7.125673525
   -2.159844949    1.745329252   10.050557567   -5.129176090   -4.463837674
   -1.963495408    1.745329252    8.422524163  -11.683659931   -1.800643128
   -1.767145868    1.745329252    5.592927253  -16.293019382    0.738071338
   -1.570796327    1.745329252    2.503556087  -13.720789512    2.903607392
   -1.374446786    1.745329252    0.784069346   -2.475557323    4.453753574
   -1.178097245    1.745329252    1.928529269   14.673267063    5.353896276
   -0.981747704    1.745329252    6.598727365   32.488007891    5.885396881
   -0.785398163    1.745329252   14.399459434   45.795077183    6.567507391
   -0.589048623    1.745329252   24.097216958   51.480330637    7.908281271
   -0.392699082    1.745329252   34.088691375   48.850490539   10.155866966
   -0.196349541    1.745329252   42.835131609   39.160778905   13.149935024
    0.000000000    1.745329252   49.186116258   24.985738115   16.363415413
    0.196349541    1.745329252   52.598706040    9.905807119   19.043890593
    0.392699082    1.745329252   53.296628414   -2.007049610   20.438265341
    0.589048623    1.745329252   52.274071814   -7.113668970   20.023890907
    0.785398163    1.745329252   51.088700328   -3.609783949   17.694071055
    0.981747704    1.745329252   51.379001787    7.469200304   13.810148023
    1.178097245    1.745329252   54.283083252   22.177146261    9.074689448
    1.374446786    1.745329252   59.967000202   34.808255529    4.257930999
    1.570796327    1.745329252   67.471616008   39.983664100   -0.094507273
    1.767145868    1.745329252   74.974260529   34.512026191   -3.802821441
    1.963495408    1.745329252   80.338580362   18.505588588   -6.998594090
    2.159844949    1.745329252   81.760343443   -4.892314327   -9.897976158
    2.356194490    1.745329252   78.273684854  -30.546292355  -12.577226104
    2.552544031    1.745329252   69.998512459  -52.719585544  -14.859914976
    2.748893572    1.745329252   58.126343925  -66.501863049  -16.403987917
    2.945243113    1.745329252   44.635822827  -68.957315769  -16.892938791

   -3.141592654    2.094395102   25.065647702  -58.728754057  -19.134272794
   -2.945243113    2.094395102   15.252552706  -40.478147050  -17.874909194
   -2.748893572    2.094395102    9.295787067  -20.532451441  -15.805774740
   -2.552544031    2.094395102    6.894916519   -5.183547684  -13.114953359
   -2.356194490    2.094395102    6.692786476    1.514765326   -9.938134950
   -2.159844949    2.094395102    6.918366486   -0.437289292   -6.356466871
   -1.963495408    2.094395102    6.218947664   -6.965497159   -2.474678220
   -1.767145868    2.094395102    4.289947489  -11.917215533    1.485651229
   -1.570796327    2.094395102    1.990037474  -10.122825269    5.183405350
   -1.374446786    2.094395102    0.882482897    0.161519293    8.278182941
   -1.178097245    2.094395102    2.473043133   16.669512835   10.606300447
   -0.981747704    2.094395102    7.533932234   34.613570976   12.271025478
   -0.785398163    2.094395102   15.834513364   48.867194964   13.571338145
   -0.589048623    2.094395102   26.265791222   55.884067144   14.792449094
   -0.392699082    2.094395102   37.230445763   54.228264896   16.013030598
   -0.196349541    2.094395102   47.046893770   44.462571030   17.011991757
    0.000000000    2.094395102   54.314713611   28.775629909   17.341663029
    0.196349541    2.094395102   58.210173540   10.842188960   16.484936638
    0.392699082    2.094395102   58.742298995   -4.693772124   14.080384145
    0.589048623    2.094395102   56.838957455  -13.290467649   10.123515610
    0.785398163    2.094395102   54.178661894  -12.207495294    5.061990679
    0.981747704    2.094395102   52.676625450   -1.889279945   -0.301796856
    1.178097245    2.094395102   53.805991266   13.697356491   -5.091464254
    1.374446786    2.094395102   58.001763570   28.221082579   -8.700712352
    1.570796327    2.094395102   64.415727548   35.406601321  -11.014756370
    1.767145868    2.094395102   71.168577009   31.306289281  -12.381943752
    1.963495408    2.094395102   75.962920380   15.766706621  -13.379727244
    2.159844949    2.094395102   76.835102460   -7.810612901  -14.501128182
    2.356194490    2.094395102   72.746928759  -33.703194128  -15.932721898
    2.552544031    2.094395102   63.865456029  -55.616711491  -17.501635357
    2.748893572    2.094395102   51.510028109  -68.396916186  -18.809674339
    2.945243113    2.094395102   37.794794034  -69.280315663  -19.438158764

   -3.141592654    2.443460953   18.637527158  -58.126116150  -12.916954698
   -2.945243113    2.443460953    9.073516507  -38.567993166  -11.506631570
   -2.748893572    2.443460953    3.612192163  -17.431969463   -9.532385707
   -2.552544031    2.443460953    1.927332367   -1.011578897   -7.065152754
   -2.356194490    2.443460953    2.645911785    6.711269194   -4.112406415
   -2.159844949    2.443460953    3.990204600    5.742427569   -0.631254365
   -1.963495408    2.443460953    4.586935338    0.001032713    3.376503247
   -1.767145868    2.443460953    4.069092104   -4.607497046    7.739759850
   -1.570796327    2.443460953    3.188373141   -3.086498632   12.080086252
   -1.374446786    2.443460953    3.388678788    6.370116094   15.913709943
   -1.178097245    2.443460953    6.092434554   21.778178713   18.844749765
   -0.981747704    2.443460953   12.050924882   38.669741202   20.706663712
   -0.785398163    2.443460953   21.058927621   52.031929139   21.553991898
   -0.589048623    2.443460953   32.026786691   58.152957162   21.513311941
   -0.392699082    2.443460953   43.323421734   55.242632402   20.631240370
   -0.196349541    2.443460953   53.162777175   43.553616104   18.802690786
    0.000000000    2.443460953   60.001365569   25.200227902   15.842187417
    0.196349541    2.443460953   62.893806738    4.174847149   11.622973438
    0.392699082    2.443460953   61.827653674  -14.192523513    6.246576453
    0.589048623    2.443460953   57.865804985  -24.502881892    0.160412732
    0.785398163    2.443460953   52.978027330  -23.353324122   -5.864038136
    0.981747704    2.443460953   49.449524451  -11.097120733  -10.935396648
    1.178097245    2.443460953   49.071900619    7.689995458  -14.361498132
    1.374446786    2.443460953   52.427152379   25.605758421  -15.927069961
    1.570796327    2.443460953   58.598024826   35.342086676  -15.957241536
    1.767145868    2.443460953   65.473698005   32.379347178  -15.133288435
    1.963495408    2.443460953   70.475933525   16.628964952  -14.179112443
    2.159844949    2.443460953   71.424980837   -7.955453334  -13.586823599
    2.356194490    2.443460953   67.197569753  -34.921397034  -13.491906023
    2.552544031    2.443460953   58.010394162  -57.389017481  -13.710288784
    2.748893572    2.443460953   45.315366429  -69.947942124  -13.893452371
    2.945243113    2.443460953   31.374509903  -69.936886345  -13.698316084

   -3.141592654    2.792526803   15.432633264  -57.066559006    1.600162317
   -2.945243113    2.792526803    6.141635390  -36.841634161    3.712535758
   -2.748893572    2.792526803    1.096467566  -14.906831297    5.591032277
   -2.552544031    2.792526803    0.000000000    2.484245376    7.272434123
   -2.356194490    2.792526803    1.517444668   11.379414842    9.017038329
   -2.159844949    2.792526803    3.905838807   11.713805146   11.216762166
   -1.963495408    2.792526803    5.797002068    7.165808342   14.185464649
   -1.767145868    2.792526803    6.768548107    3.289697239   17.923730137
   -1.570796327    2.792526803    7.448958636    4.772992925   22.021204349
   -1.374446786    2.792526803    9.118161927   13.337066731   25.774693036
   -1.178097245    2.792526803   13.043646519   27.162581919   28.463979773
   -0.981747704    2.792526803   19.868207842   42.057694374   29.607720620
   -0.785398163    2.792526803   29.325927383   53.188583891   29.054881687
   -0.589048623    2.792526803   40.284404418   56.857246290   26.898336637
   -0.392699082    2.792526803   51.063258179   51.210721948   23.329237159
   -0.196349541    2.792526803   59.822305286   36.558936876   18.538511878
    0.000000000    2.792526803   64.998377844   15.312524881   12.725363095
    0.196349541    2.792526803   65.710522790   -7.988924528    6.172128701
    0.392699082    2.792526803   62.132174056  -27.352479254   -0.666427558
    0.589048623    2.792526803   55.632366575  -36.868997271   -7.127001799
    0.785398163    2.792526803   48.548290306  -33.070758232  -12.430721281
    0.981747704    2.792526803   43.485708251  -16.853680621  -15.907741794
    1.178097245    2.792526803   42.398625022    6.179112291  -17.260725233
    1.374446786    2.792526803   45.814223191   27.526215729  -16.707486928
    1.570796327    2.792526803   52.577001081   39.177777091  -14.876223848
    1.767145868    2.792526803   60.260663283   36.544283642  -12.519665158
    1.963495408    2.792526803   66.014543247   19.996777742  -10.208600634
    2.159844949    2.792526803   67.504076088   -5.829781004   -8.184514774
    2.356194490    2.792526803   63.579459703  -33.897102926   -6.391819305
    2.552544031    2.792526803   54.521707117  -57.005174516   -4.628669456
    2.748893572    2.792526803   41.882069907  -69.687638098   -2.716211740
    2.945243113    2.792526803   28.014786233  -69.400145689   -0.605191697
