#! FIELDS phi psi file.free der_phi der_psi
#! SET min_phi -pi
#! SET max_phi pi
#! SET nbins_phi  32
#! SET periodic_phi true
#! SET min_psi -pi
#! SET max_psi pi
#! SET nbins_psi  18
#! SET periodic_psi true
   -3.141592654   -3.141592654   18.400036902  -54.457840426   18.156863679
   -2.945243113   -3.141592654    9.525794578  -35.226235325   20.538770615
   -2.748893572   -3.141592654    4.712602489  -14.104621629   21.898815884
   -2.552544031   -3.141592654    3.739003934    3.058246927   22.482656372
   -2.356194490   -3.141592654    5.416929812   12.590585651   22.843102364
   -2.159844949   -3.141592654    8.176580386   14.398365222   23.651060087
   -1.963495408   -3.141592654   10.779554753   11.748642645   25.403377569
   -1.767145868   -3.141592654   12.822606574    9.516729414   28.146142570
   -1.570796327   -3.141592654   14.814919025   11.710414659   31.381764519
   -1.374446786   -3.141592654   17.808315316   19.657459293   34.232968775
   -1.178097245   -3.141592654   22.803847925   31.544028821   35.784876715
   -0.981747704   -3.141592654   30.211927489   43.488068847   35.410762636
   -0.785398163   -3.141592654   39.608623961   51.074796623   32.918303388
   -0.589048623   -3.141592654   49.785305907   51.010424179   28.499473532
   -0.392699082   -3.141592654   59.062516391   41.830262317   22.578550308
   -0.196349541   -3.141592654   65.679684656   24.265816703   15.678511060
    0.000000000   -3.141592654   68.240473262    1.186693597    8.349883120
    0.196349541   -3.141592654   66.119955784  -22.435545159    1.159846901
    0.392699082   -3.141592654   59.818851948  -40.333232278   -5.306704537
    0.589048623   -3.141592654   51.058254937  -46.651870492  -10.466178624
    0.785398163   -3.141592654   42.473613665  -38.431239146  -13.830139083
    0.981747704   -3.141592654   36.825254511  -17.490814652  -15.153686535
    1.178097245   -3.141592654   36.021526564    9.505801522  -14.564163126
    1.374446786   -3.141592654   40.358194192   33.305798023  -12.549800039
    1.570796327   -3.141592654   48.359124671   45.765490254   -9.753457107
    1.767145868   -3.141592654   57.312317987   42.758764865   -6.699046735
    1.963495408   -3.141592654   64.205037302   25.369066515   -3.601016752
    2.159844949   -3.141592654   66.672613323   -1.186158512   -0.393647970
    2.356194490   -3.141592654   63.615933692  -29.644253923    3.093312418
    2.552544031   -3.141592654   55.376269291  -52.911458478    6.928043495
    2.748893572   -3.141592654   43.524853270  -65.789180487   10.962861359
    2.945243113   -3.141592654   30.383385252  -65.975549236   14.849751695

   -3.141592654   -2.792526803   26.594191306  -49.826541461   26.346832368
   -2.945243113   -2.792526803   18.402716541  -32.928491912   28.583610669
   -2.748893572   -2.792526803   13.827141610  -13.887498373   29.459394674
   -2.552544031   -2.792526803   12.760021053    2.085173117   29.354269077
   -2.356194490   -2.792526803   14.236398685   11.745048680   28.953065269
   -2.159844949   -2.792526803   16.952204089   14.983225760   29.004686330
   -1.963495408   -2.792526803   19.877513651   14.495345367   30.003845437
   -1.767145868   -2.792526803   22.660247906   14.173100821   31.927564771
   -1.570796327   -2.792526803   25.657024742   17.008606958   34.179724542
   -1.374446786   -2.792526803   29.601881205   23.727553881   35.800073873
   -1.178097245   -2.792526803   35.122988894   32.573487017   35.839595589
   -0.981747704   -2.792526803   42.330871161   40.305500710   33.711954278
   -0.785398163   -2.792526803   50.661213049   43.443616643   29.353670903
   -0.589048623   -2.792526803   58.948838526   39.580874598   23.174616639
   -0.392699082   -2.792526803   65.711037442   27.908160721   15.866452733
   -0.196349541   -2.792526803   69.483073094    9.501099000    8.208597080
    0.000000000   -2.792526803   69.201343556  -12.726556127    0.917090002
    0.196349541   -2.792526803   64.555420536  -34.028951739   -5.415479609
    0.392699082   -2.792526803   56.295713043  -48.552686746  -10.337085659
    0.589048623   -2.792526803   46.299529099  -50.977597165  -13.533773770
    0.785398163   -2.792526803   37.246169350  -38.935749629  -14.863818276
    0.981747704   -2.792526803   31.822954731  -14.834252806  -14.413278496
    1.178097245   -2.792526803   31.762330056   14.227474070  -12.528670588
    1.374446786   -2.792526803   37.129881766   38.918652923   -9.739479269
    1.570796327   -2.792526803   46.247282509   51.441273953   -6.552243455
    1.767145868   -2.792526803   56.298626559   48.295206464   -3.248193038
    1.963495408   -2.792526803   64.288488960   31.094678910    0.204312164
    2.159844949   -2.792526803   67.939850265    5.217259713    4.022828779
    2.356194490   -2.792526803   66.228738901  -22.351571238    8.385289626
    2.552544031   -2.792526803   59.489048215  -45.026327322   13.231434876
    2.748893572   -2.792526803   49.185286260  -58.071762281   18.208502102
    2.945243113   -2.792526803   37.464522297  -59.390171875   22.766729195

   -3.141592654   -2.443460953   35.114952240  -45.391869235   23.036198291
   -2.945243113   -2.443460953   27.589208449  -30.579092038   24.775339609
   -2.748893572   -2.443460953   23.294949001  -13.269742057   25.437095180
   -2.552544031   -2.443460953   22.243952572    1.802117392   25.342616915
   -2.356194490   -2.443460953   23.662461713   11.612410585   24.986774713
   -2.159844949   -2.443460953   26.440708736   15.852677483   24.861669721
   -1.963495408   -2.443460953   29.659353794   16.580241508   25.239973269
   -1.767145868   -2.443460953   32.924382999   16.824502105   26.010503158
   -1.570796327   -2.443460953   36.389540238   18.868558153   26.667624572
   -1.374446786   -2.443460953   40.491816412   23.230794988   26.490046406
   -1.178097245   -2.443460953   45.582053894   28.558072392   24.830767847
   -0.981747704   -2.443460953   51.620439385   32.441348639   21.380775712
   -0.785398163   -2.443460953   58.070421807   32.332950878   16.277723767
   -0.589048623   -2.443460953   63.959528878   26.523676810   10.047152782
   -0.392699082   -2.443460953   68.097985377   14.526894366    3.414159249
   -0.196349541   -2.443460953   69.337974261   -2.672621665   -2.886934568
    0.000000000   -2.443460953   66.882673754  -22.538299173   -8.279830579
    0.196349541   -2.443460953   60.597783622  -40.846844785  -12.408105895
    0.392699082   -2.443460953   51.308042742  -52.230550006  -15.130269922
    0.589048623   -2.443460953   40.882853021  -51.721287972  -16.453587115
    0.785398163   -2.443460953   31.937231013  -37.172997894  -16.472719344
    0.981747704   -2.443460953   27.057484859  -11.160960956  -15.339188626
    1.178097245   -2.443460953   27.846655358   19.096575779  -13.275375957
    1.374446786   -2.443460953   34.229863354   44.307275010  -10.563430690
    1.570796327   -2.443460953   44.418085527   56.922994662   -7.467685886
    1.767145868   -2.443460953   55.550769751   53.862698195   -4.142614904
    1.963495408   -2.443460953   64.666706729   37.061927665   -0.580633798
    2.159844949   -2.443460953   69.559616503   11.934384518    3.306615455
    2.356194490   -2.443460953   69.249560740  -14.833584689    7.552713589
    2.552544031   -2.443460953   64.036244802  -37.108746500   12.014407604
    2.748893572   -2.443460953   55.266178914  -50.520889183   16.361348660
    2.945243113   -2.443460953   44.921130444  -53.071923726   20.163364332

   -3.141592654   -2.094395102   41.406352373  -41.669874443   13.256213236
   -2.945243113   -2.094395102   34.470468718  -28.297932613   14.277062429
   -2.748893572   -2.094395102   30.493371231  -12.272029206   14.807572108
   -2.552544031   -2.094395102   29.543499577    1.918079292   15.014234161
   -2.356194490   -2.094395102   30.940598764   11.361153525   15.055341662
   -2.159844949   -2.094395102   33.666822411   15.609482765   15.016286289
   -1.963495408   -2.094395102   36.839905680   16.310307578   14.847305275
   -1.767145868   -2.094395102   40.006606828   15.959447451   14.342691779
   -1.570796327   -2.094395102   43.167868232   16.473391872   13.192036585
   -1.374446786   -2.094395102   46.574569477   18.429944725   11.104091963
   -1.178097245   -2.094395102   50.451144284   21.010448145    7.945173700
   -0.981747704   -2.094395102   54.767705435   22.599494547    3.829437648
   -0.785398163   -2.094395102   59.150452843   21.361288736   -0.889846533
   -0.589048623   -2.094395102   62.894983409   15.903694401   -5.704436157
   -0.392699082   -2.094395102   65.094857371    5.601233813  -10.089425992
   -0.196349541   -2.094395102   64.821169993   -9.075416151  -13.618485122
    0.000000000   -2.094395102   61.377398873  -26.218383943  -16.076295424
    0.196349541   -2.094395102   54.612166574  -42.145893760  -17.480175823
    0.392699082   -2.094395102   45.250788826  -51.766147212  -18.032161158
    0.589048623   -2.094395102   35.039575933  -50.086740661  -17.983350205
    0.785398163   -2.094395102   26.496963089  -34.736224911  -17.492173285
    0.981747704   -2.094395102   22.160953176   -8.062594356  -16.556642184
    1.178097245   -2.094395102   23.619143362   22.810635073  -15.076299161
    1.374446786   -2.094395102   30.787007388   48.575390893  -12.974590810
    1.570796327   -2.094395102   41.860275356   61.651135400  -10.282057907
    1.767145868   -2.094395102   53.963140127   59.011510297   -7.136056694
    1.963495408   -2.094395102   64.133788037   42.656931466   -3.709097779
    2.159844949   -2.094395102   70.172066245   17.995802476   -0.174922163
    2.356194490   -2.094395102   71.090589309   -8.426555715    3.302352934
    2.552544031   -2.094395102   67.145398465  -30.675781801    6.543491549
    2.748893572   -2.094395102   59.603235497  -44.538571035    9.368679583
    2.945243113   -2.094395102   50.347797448  -48.036492126   11.629507260

   -3.141592654   -1.745329252   43.957138769  -39.300249124    4.634649633
   -2.945243113   -1.745329252   37.432573161  -26.503633631    5.094005126
   -2.748893572   -1.745329252   33.741851118  -11.171869821    5.438695692
   -2.552544031   -1.745329252   32.930775862    2.215728190    5.623610548
   -2.356194490   -1.745329252   34.302006331   10.788264987    5.494407399
   -2.159844949   -1.745329252   36.823777714   14.079184212    4.840531881
   -1.963495408   -1.745329252   39.589051636   13.650098301    3.460278821
   -1.767145868   -1.745329252   42.101719785   11.914625110    1.232996323
   -1.570796327   -1.745329252   44.315014556   10.844828412   -1.822771655
   -1.374446786   -1.745329252   46.462686987   11.276462277   -5.516943752
   -1.178097245   -1.745329252   48.819380528   12.800856017   -9.504968268
   -0.981747704   -1.745329252   51.488252109   14.198502276  -13.350903471
   -0.785398163   -1.745329252   54.290495326   13.851340419  -16.622002424
   -0.589048623   -1.745329252   56.731956134   10.285166202  -18.974812476
   -0.392699082   -1.745329252   58.070746089    2.523394761  -20.228938315
   -0.196349541   -1.745329252   57.453491892   -9.532624608  -20.394420084
    0.000000000   -1.745329252   54.139669601  -24.567725431  -19.700315560
    0.196349541   -1.745329252   47.829003132  -39.345473928  -18.544466264
    0.392699082   -1.745329252   39.042283564  -48.869917154  -17.384404639
    0.589048623   -1.745329252   29.345352607  -47.817245003  -16.555728280
    0.785398163   -1.745329252   21.173147181  -33.192222178  -16.112316373
    0.981747704   -1.745329252   17.104850847   -6.767089934  -15.790832264
    1.178097245   -1.745329252   18.851205664   24.563066092  -15.156150741
    1.374446786   -1.745329252   26.453724649   51.300976663  -13.838637305
    1.570796327   -1.745329252   38.169315462   65.435888191  -11.719965748
    1.767145868   -1.745329252   51.098567271   63.568150886   -8.969219745
    1.963495408   -1.745329252   62.202761183   47.519241140   -5.931060123
    2.159844949   -1.745329252   69.190857703   22.742180680   -2.985581580
    2.356194490   -1.745329252   71.006576044   -4.075321155   -0.425332015
    2.552544031   -1.745329252   67.867425365  -26.829430704    1.586183803
    2.748893572   -1.745329252   61.030557910  -41.199116001    3.029171461
    2.945243113   -1.745329252   52.383707499  -45.174205235    3.994075594

   -3.141592654   -1.396263402   42.260055654  -39.704380315    2.567419991
   -2.945243113   -1.396263402   35.696365740  -26.485253104    2.449752114
   -2.748893572   -1.396263402   32.047241932  -10.818254476    2.282658119
   -2.552544031   -1.396263402   31.303037190    2.434492619    1.941428374
   -2.356194490   -1.396263402   32.648160163   10.173895115    1.155870563
   -2.159844949   -1.396263402   34.908144127   11.918603335   -0.392199926
   -1.963495408   -1.396263402   37.055485887    9.471409248   -2.934830822
   -1.767145868   -1.396263402   38.543875866    5.704842367   -6.480374203
   -1.570796327   -1.396263402   39.380452681    3.174645492  -10.746867849
   -1.374446786   -1.396263402   39.964685947    3.236315943  -15.202245288
   -1.178097245   -1.396263402   40.817341223    5.752202760  -19.205031916
   -0.981747704   -1.396263402   42.305531184    9.403961567  -22.181264019
   -0.785398163   -1.396263402   44.459429525   12.128422375  -23.764303660
   -0.589048623   -1.396263402   46.883608954   11.798266037  -23.845551709
   -0.392699082   -1.396263402   48.801280197    6.776066243  -22.571028247
   -0.196349541   -1.396263402   49.205618900   -3.592427359  -20.287779523
    0.000000000   -1.396263402   47.112808779  -18.314990473  -17.504995141
    0.196349541   -1.396263402   41.943885052  -34.186859061  -14.793015907
    0.392699082   -1.396263402   33.971667475  -45.854974534  -12.645332671
    0.589048623   -1.396263402   24.623376111  -47.258287347  -11.313325121
    0.785398163   -1.396263402   16.362584260  -34.484871037  -10.707042340
    0.981747704   -1.396263402   11.963263382   -8.601159979  -10.434335714
    1.178097245   -1.396263402   13.418346068   23.644693048   -9.993626673
    1.374446786   -1.396263402   21.017731317   52.273959304   -9.005242140
    1.570796327   -1.396263402   33.128714091   68.425044368   -7.364125442
    1.767145868   -1.396263402   46.793801318   67.904728430   -5.244165004
    1.963495408   -1.396263402   58.794352197   52.113139880   -2.973820236
    2.159844949   -1.396263402   66.623733658   26.569152885   -0.896289344
    2.356194490   -1.396263402   69.061478248   -1.631140174    0.745724825
    2.552544031   -1.396263402   66.256831399  -25.835537704    1.842168804
    2.748893572   -1.396263402   59.501302441  -41.271444202    2.419981258
    2.945243113   -1.396263402   50.785169826  -45.697309832    2.604223930

   -3.141592654   -1.047197551   39.362696445  -42.367976858    4.580218195
   -2.945243113   -1.047197551   32.338772352  -28.460162540    3.524200671
   -2.748893572   -1.047197551   28.381131846  -12.015847852    2.266531943
   -2.552544031   -1.047197551   27.447130316    1.581346073    0.777427159
   -2.356194490   -1.047197551   28.592812200    8.837140125   -1.124067888
   -2.159844949   -1.047197551   30.467934867    9.204328015   -3.701725185
   -1.963495408   -1.047197551   31.900801273    4.880093788   -7.148828332
   -1.767145868   -1.047197551   32.316267086   -0.521843889  -11.398925751
   -1.570796327   -1.047197551   31.849009995   -3.653451310  -16.026749974
   -1.374446786   -1.047197551   31.155462920   -2.688028055  -20.316351311
   -1.178097245   -1.047197551   31.054879544    2.173854522  -23.487384410
   -0.981747704   -1.047197551   32.149599184    9.059105931  -24.962760291
   -0.785398163   -1.047197551   34.568323894   15.122294640  -24.545992551
   -0.589048623   -1.047197551   37.862545891   17.505431591  -22.437787672
   -0.392699082   -1.047197551   41.077909743   14.069240198  -19.143728266
   -0.196349541   -1.047197551   42.957720216    3.900729720  -15.311725824
    0.000000000   -1.047197551   42.243082561  -11.984370300  -11.585187814
    0.196349541   -1.047197551   38.113494973  -30.062319002   -8.448330623
    0.392699082   -1.047197551   30.693929904  -44.355892697   -6.125999565
    0.589048623   -1.047197551   21.407300990  -48.002500457   -4.564210164
    0.785398163   -1.047197551   12.865409403  -36.388406049   -3.512456573
    0.981747704   -1.047197551    8.092813391  -10.284126547   -2.662516102
    1.178097245   -1.047197551    9.337372285   23.316437680   -1.778188593
    1.374446786   -1.047197551   17.050720991   53.765219156   -0.745198374
    1.570796327   -1.047197551   29.613990579   71.422562589    0.441321802
    1.767145868   -1.047197551   43.947778385   71.541813768    1.719575999
    1.963495408   -1.047197551   56.640643203   55.356020006    2.995650750
    2.159844949   -1.047197551   64.997830642   28.593672292    4.153641890
    2.356194490   -1.047197551   67.676217244   -1.235917145    5.068971702
    2.552544031   -1.047197551   64.789466767  -27.021622397    5.618530686
    2.748893572   -1.047197551   57.677546174  -43.617203394    5.717315520
    2.945243113   -1.047197551   48.439355439  -48.547442179    5.349105836

   -3.141592654   -0.698131701   39.443200443  -45.716051004    4.310242542
   -2.945243113   -0.698131701   31.737326285  -32.002796186    1.910621581
   -2.748893572   -0.698131701   27.083012541  -15.559008823   -0.691861506
   -2.552544031   -0.698131701   25.445102636   -2.098966791   -3.353735345
   -2.356194490   -0.698131701   25.820210849    4.581798622   -6.122979674
   -2.159844949   -0.698131701   26.762423005    3.897506048   -9.198951793
   -1.963495408   -0.698131701   27.037567355   -1.566072797  -12.740960414
   -1.767145868   -0.698131701   26.119267511   -7.494593064  -16.618962817
   -1.570796327   -0.698131701   24.332127664   -9.872787371  -20.300542719
   -1.374446786   -0.698131701   22.615400727   -6.651643207  -22.985916959
   -1.178097245   -0.698131701   22.054123571    1.569448561  -23.947473607
   -0.981747704   -0.698131701   23.387923410   12.059532976  -22.865804062
   -0.785398163   -0.698131701   26.700710230   21.051953407  -19.970247122
   -0.589048623   -0.698131701   31.341916932   25.042010733  -15.917424592
   -0.392699082   -0.698131701   36.069217605   21.683022749  -11.528058427
   -0.196349541   -0.698131701   39.339622829   10.261724537   -7.501873514
    0.000000000   -0.698131701   39.680714839   -7.671437732   -4.234128299
    0.196349541   -0.698131701   36.184601119  -27.874615045   -1.745895880
    0.392699082   -0.698131701   29.031033270  -43.689541001    0.235347550
    0.589048623   -0.698131701   19.806617482  -47.866293705    2.070003476
    0.785398163   -0.698131701   11.319209997  -35.850914073    3.969075821
    0.981747704   -0.698131701    6.738408140   -8.842543405    5.871351187
    1.178097245   -0.698131701    8.357736183   25.641153624    7.511693213
    1.374446786   -0.698131701   16.585438492   56.593825179    8.634562986
    1.570796327   -0.698131701   29.714763587   74.279881580    9.170207481
    1.767145868   -0.698131701   44.580064041   74.042321988    9.263430496
    1.963495408   -0.698131701   57.707439369   57.243633864    9.151540808
    2.159844949   -0.698131701   66.360745301   29.697789769    9.002903849
    2.356194490   -0.698131701   69.167033104   -1.058170647    8.820647958
    2.552544031   -0.698131701   66.214499064  -27.877823367    8.445879120
    2.748893572   -0.698131701   58.830620285  -45.518445453    7.653317321
    2.945243113   -0.698131701   49.128147342  -51.334144664    6.277429841

   -3.141592654   -0.349065850   40.544277311  -50.879778931    3.244539971
   -2.945243113   -0.349065850   31.757403594  -37.733809893   -0.132241217
   -2.748893572   -0.349065850   25.971809538  -21.260732741   -3.575489251
   -2.552544031   -0.349065850   23.244652332   -7.478318509   -6.827283407
   -2.356194490   -0.349065850   22.586274838   -0.615777155   -9.850762677
   -2.159844949   -0.349065850   22.496675702   -1.462181865  -12.799323802
   -1.963495408   -0.349065850   21.694539572   -7.134777478  -15.798002902
   -1.767145868   -0.349065850   19.708495843  -12.629243727  -18.670490443
   -1.570796327   -0.349065850   17.057226161  -13.295045745  -20.844619248
   -1.374446786   -0.349065850   14.949297711   -7.023826284  -21.556643888
   -1.178097245   -0.349065850   14.676056718    4.899045615  -20.268739738
   -0.981747704   -0.349065850   16.997048310   18.611304105  -17.017806080
   -0.785398163   -0.349065850   21.797623744   29.356859382  -12.467293084
   -0.589048623   -0.349065850   28.088260655   33.230485973   -7.625442704
   -0.392699082   -0.349065850   34.278560993   28.189583536   -3.421482211
   -0.196349541   -0.349065850   38.591921272   14.329361236   -0.351087470
    0.000000000   -0.349065850   39.503999205   -5.810969756    1.664463193
    0.196349541   -0.349065850   36.237317765  -27.181305102    3.177874133
    0.392699082   -0.349065850   29.216564347  -42.815833245    4.909860570
    0.589048623   -0.349065850   20.270352963  -45.803790446    7.347028066
    0.785398163   -0.349065850   12.328048981  -32.419970095   10.443218938
    0.981747704   -0.349065850    8.506733808   -4.715931233   13.615518246
    1.178097245   -0.349065850   10.918212111   29.398631960   16.065519524
    1.374446786   -0.349065850   19.775009024   59.147134163   17.229283914
    1.570796327   -0.349065850   33.264010544   75.409778613   17.049194588
    1.767145868   -0.349065850   48.236220371   74.089783628   15.927103469
    1.963495408   -0.349065850   61.311433905   56.749440460   14.427726904
    2.159844949   -0.349065850   69.845632793   29.007113254   12.968110986
    2.356194490   -0.349065850   72.495577422   -2.000663378   11.649420208
    2.552544031   -0.349065850   69.302154397  -29.467232101   10.282898805
    2.748893572   -0.349065850   61.503337788  -48.222154480    8.551812659
    2.945243113   -0.349065850   51.139630636  -55.371749825    6.213118881

   -3.141592654    0.000000000   41.322999107  -57.175711230    1.168619896
   -2.945243113    0.000000000   31.251688520  -44.377285791   -2.276712939
   -2.748893572    0.000000000   24.186151095  -27.544455727   -5.550077913
   -2.552544031    0.000000000   20.296112012  -13.008408769   -8.412798936
   -2.356194490    0.000000000   18.623896373   -5.446318445  -10.853193483
   -2.159844949    0.000000000   17.633400814   -5.836645914  -13.033458537
   -1.963495408    0.000000000   16.016802466  -10.996015687  -15.060088075
   -1.767145868    0.000000000   13.373602219  -15.292452972  -16.735378536
   -1.570796327    0.000000000   10.409468231  -13.614352286  -17.517680615
   -1.374446786    0.000000000    8.552158543   -4.048657105  -16.778829820
   -1.178097245    0.000000000    9.199483250   11.208267073  -14.223516745
   -0.981747704    0.000000000   13.001084504   27.105128090  -10.169765408
   -0.785398163    0.000000000   19.527137194   38.088406764   -5.485483173
   -0.589048623    0.000000000   27.393203242   40.271585286   -1.204259394
   -0.392699082    0.000000000   34.699665068   32.424614922    1.942861710
   -0.196349541    0.000000000   39.569356539   15.882162041    3.828013237
    0.000000000    0.000000000   40.620288780   -5.670039783    4.949919637
    0.196349541    0.000000000   37.394081473  -26.598315900    6.174346438
    0.392699082    0.000000000   30.666902346  -40.221065595    8.307388368
    0.589048623    0.000000000   22.478878953  -40.721095756   11.660000251
    0.785398163    0.000000000   15.714254819  -25.776120297   15.828360968
    0.981747704    0.000000000   13.202126780    1.622660574   19.836110634
    1.178097245    0.000000000   16.674667746   33.617335941   22.606708592
    1.374446786    0.000000000   26.070712849   60.382522109   23.484104108
    1.570796327    0.000000000   39.529494467   74.019732474   22.490868759
    1.767145868    0.000000000   54.061019676   71.210148756   20.208313083
    1.963495408    0.000000000   66.523419008   53.553128181   17.398945470
    2.159844949    0.000000000   74.455552297   26.115485598   14.647251616
    2.356194490    0.000000000   76.565399415   -4.674775337   12.165107465
    2.552544031    0.000000000   72.822874426  -32.498909746    9.823075582
    2.748893572    0.000000000   64.340608516  -52.240577315    7.328335873
    2.945243113    0.000000000   53.064290131  -60.657023129    4.447380933

   -3.141592654    0.349065850   42.893717269  -61.884964517    0.590783671
   -2.945243113    0.349065850   31.871025534  -49.271990503   -1.684025348
   -2.748893572    0.349065850   23.859358166  -32.212372392   -3.680635888
   -2.552544031    0.349065850   19.098125787  -17.184841743   -5.341186380
   -2.356194490    0.349065850   16.656214510   -9.113088714   -6.742510038
   -2.159844949    0.349065850   14.991134878   -9.028728995   -8.021690720
   -1.963495408    0.349065850   12.810417206  -13.469894678   -9.202828222
   -1.767145868    0.349065850    9.803785598  -16.377049344  -10.058138284
   -1.570796327    0.349065850    6.832822156  -12.471527130  -10.151415588
   -1.374446786    0.349065850    5.459413783   -0.257943361   -9.088158172
   -1.178097245    0.349065850    7.079143368   17.155732081   -6.818736677
   -0.981747704    0.349065850   12.150507179   33.804814386   -3.765568426
   -0.785398163    0.349065850   19.922032945   43.799838409   -0.658692587
   -0.589048623    0.349065850   28.702044152   43.739336529    1.832540078
   -0.392699082    0.349065850   36.444933235   33.472588997    3.450798680
   -0.196349541    0.349065850   41.358201227   15.528460098    4.478761676
    0.000000000    0.349065850   42.346225661   -5.631362650    5.619131485
    0.196349541    0.349065850   39.319159658  -24.349948891    7.659948837
    0.392699082    0.349065850   33.342392924  -34.769608632   11.079654647
    0.589048623    0.349065850   26.518835828  -32.473746875   15.736261912
    0.785398163    0.349065850   21.510684702  -16.524515765   20.815838570
    0.981747704    0.349065850   20.714278495    9.433803740   25.108369634
    1.178097245    0.349065850   25.406147749   37.973849510   27.522426364
    1.374446786    0.349065850   35.244314087   60.532589150   27.548538560
    1.570796327    0.349065850   48.362346583   70.612654117   25.419758277
    1.767145868    0.349065850   61.996538035   65.764436374   21.906210608
    1.963495408    0.349065850   73.323484147   47.672820345   17.907375548
    2.159844949    0.349065850   80.150977839   20.856522508   14.109252044
    2.356194490    0.349065850   81.318874680   -9.022965772   10.815846096
    2.552544031    0.349065850   76.787701432  -36.273217739    7.997758731
    2.748893572    0.349065850   67.573235259  -56.023267608    5.455138857
    2.945243113    0.349065850   55.515410338  -64.879323395    3.002330605

   -3.141592654    0.698131701   44.699633652  -63.870796523    0.432766501
   -2.945243113    0.698131701   33.275112781  -51.370039574    0.090783901
   -2.748893572    0.698131701   24.837535954  -34.438909698   -0.002701956
   -2.552544031    0.698131701   19.628633042  -19.502296068   -0.062787381
   -2.356194490    0.698131701   16.726948763  -11.453758835   -0.278901914
   -2.159844949    0.698131701   14.612226657  -11.221495470   -0.742989668
   -1.963495408    0.698131701   12.042047798  -15.170207428   -1.389661204
   -1.767145868    0.698131701    8.788014336  -17.116387462   -2.001680410
   -1.570796327    0.698131701    5.798467177  -11.884735248   -2.307648440
   -1.374446786    0.698131701    4.672168167    1.621866479   -2.136607465
   -1.178097245    0.698131701    6.745708604   19.763890235   -1.523681860
   -0.981747704    0.698131701   12.327678842   36.240863706   -0.682332966
   -0.785398163    0.698131701   20.493867913   45.291931071    0.157337010
   -0.589048623    0.698131701   29.453399182   44.115537501    0.937410494
   -0.392699082    0.698131701   37.205108666   33.349583236    1.875862092
   -0.196349541    0.698131701   42.143602019   16.143850346    3.401394230
    0.000000000    0.698131701   43.438486317   -2.914831768    5.984442201
    0.196349541    0.698131701   41.229775991  -18.655370534    9.892380451
    0.392699082    0.698131701   36.662577778  -26.232175697   14.981599385
    0.589048623    0.698131701   31.694994189  -22.419686308   20.600162583
    0.785398163    0.698131701   28.634677704   -7.140499683   25.699641040
    0.981747704    0.698131701   29.427464907   15.905105624   29.157597386
    1.178097245    0.698131701   34.978663217   40.123076412   30.202532817
    1.374446786    0.698131701   44.797218568   58.288208019   28.706491813
    1.570796327    0.698131701   57.128480853   65.112052804   25.187319221
    1.767145868    0.698131701   69.503369714   58.736297651   20.537482218
    1.963495408    0.698131701   79.437001614   40.741450334   15.653515706
    2.159844949    0.698131701   85.003684905   15.054652623   11.191592586
    2.356194490    0.698131701   85.175999932  -13.361345641    7.486445553
    2.552544031    0.698131701   79.922083646  -39.363181444    4.627583274
    2.748893572    0.698131701   70.185568506  -58.337386228    2.568320136
    2.945243113    0.698131701   57.710443768  -66.879140120    1.209685766

   -3.141592654    1.047197551   43.357910332  -64.190807820   -4.503808301
   -2.945243113    1.047197551   31.966308100  -50.757798910   -3.223982557
   -2.748893572    1.047197551   23.706276671  -33.310926913   -1.635555738
   -2.552544031    1.047197551   18.731411788  -18.314666605   -0.176389440
   -2.356194490    1.047197551   16.036326568  -10.580662966    0.872322855
   -2.159844949    1.047197551   14.045409179  -10.841409671    1.436351230
   -1.963495408    1.047197551   11.503220713  -15.243103297    1.599816503
   -1.767145868    1.047197551    8.203952567  -17.473862442    1.493060374
   -1.570796327    1.047197551    5.128823156  -12.387317412    1.198495720
   -1.374446786    1.047197551    3.891515902    0.979509748    0.732158296
   -1.178097245    1.047197551    5.819060081   18.901617545    0.118803801
   -0.981747704    1.047197551   11.211103695   35.191266181   -0.502696849
   -0.785398163    1.047197551   19.178633464   44.405585129   -0.820810548
   -0.589048623    1.047197551   28.037808801   44.128289529   -0.405775393
   -0.392699082    1.047197551   35.957553674   35.202444055    1.163958381
   -0.196349541    1.047197551   41.510209827   20.651252031    4.136027401
    0.000000000    1.047197551   43.979686709    4.529624103    8.483511631
    0.196349541    1.047197551   43.484584881   -8.808613620   13.842963709
    0.392699082    1.047197551   40.977467509  -15.396687684   19.526337636
    0.589048623    1.047197551   38.071651178  -12.614031717   24.609131725
    0.785398163    1.047197551   36.665205533   -0.402444305   28.132505999
    0.981747704    1.047197551   38.361063679   18.230165012   29.379186732
    1.178097245    1.047197551   43.911083766   37.859601883   28.122801065
    1.374446786    1.047197551   52.906353399   52.397750838   24.698130096
    1.570796327    1.047197551   63.853624635   57.188902122   19.840230863
    1.767145868    1.047197551   74.604019202   50.335449579   14.393257202
    1.963495408    1.047197551   82.934764320   32.943866545    9.046455479
    2.159844949    1.047197551   87.075921739    8.375281331    4.255047235
    2.356194490    1.047197551   86.060495127  -18.773318983    0.288333375
    2.552544031    1.047197551   79.869875014  -43.490216374   -2.661242089
    2.748893572    1.047197551   69.450208949  -61.163015867   -4.448036784
    2.945243113    1.047197551   56.548011777  -68.401204735   -5.020787023

   -3.141592654    1.396263402   38.153276108  -61.944844801  -10.147008872
   -2.945243113    1.396263402   27.404164037  -46.614021374   -8.468008182
   -2.748893572    1.396263402   20.053237390  -28.385373460   -6.369316449
   -2.552544031    1.396263402   16.032857206  -13.669567701   -4.276563098
   -2.356194490    1.396263402   14.161446267   -6.913338054   -2.443117968
   -2.159844949    1.396263402   12.769889125   -8.419104364   -0.935731890
   -1.963495408    1.396263402   10.579050761  -14.082594033    0.268346197
   -1.767145868    1.396263402    7.385852154  -17.557583252    1.155512145
   -1.570796327    1.396263402    4.171615434  -13.723225966    1.633066533
   -1.374446786    1.396263402    2.558599458   -1.469413136    1.612848002
   -1.178097245    1.396263402    3.937083799   15.879378401    1.169248567
   -0.981747704    1.396263402    8.762178137   32.638740450    0.638278255
   -0.785398163    1.396263402   16.383486981   43.645971632    0.572841332
   -0.589048623    1.396263402   25.368866284   46.327832391    1.543288254
   -0.392699082    1.396263402   34.062437923   40.903927417    3.915407352
   -0.196349541    1.396263402   41.059930870   29.541231622    7.684171086
    0.000000000    1.396263402   45.498338146   15.442206425   12.456847004
    0.196349541    1.396263402   47.201787033    2.343751042   17.518177723
    0.392699082    1.396263402   46.742482990   -6.023894753   21.979524625
    0.589048623    1.396263402   45.352783393   -6.788147417   24.970479874
    0.785398163    1.396263402   44.649896033    0.855873126   25.864113318
    0.981747704    1.396263402   46.138546941   14.962987891   24.465855111
    1.178097245    1.396263402   50.681724799   31.105545446   21.079314454
    1.374446786    1.396263402   58.135178370   43.706821783   16.382675123
    1.570796327    1.396263402   67.306544539   47.983422293   11.156766545
    1.767145868    1.396263402   76.273893342   41.456844793    6.024694500
    1.963495408    1.396263402   82.919003208   24.662112853    1.322882054
    2.159844949    1.396263402   85.495497876    0.729773975   -2.817169181
    2.356194490    1.396263402   83.057106521  -25.549978559   -6.307915918
    2.552544031    1.396263402   75.666465643  -48.811048713   -8.973449793
    2.748893572    1.396263402   64.406669720  -64.273984675  -10.577113958
    2.945243113    1.396263402   51.155473496  -68.791081855  -10.951623292

   -3.141592654    1.745329252   31.691305753  -59.789626375  -16.193680625
   -2.945243113    1.745329252   21.549214618  -42.719922962  -14.603836501
   -2.748893572    1.745329252   15.060577417  -23.652737103  -12.389488921
   -2.552544031    1.745329252   11.981407571   -8.938588769   -9.883952467
   -2.356194490    1.745329252   10.989917292   -2.752983990   -7.281088389
   -2.159844949    1.745329252   10.333031869   -5.134307028   -4.639584756
   -1.963495408    1.745329252    8.685181899  -11.870941116   -1.995828725
   -1.767145868    1.745329252    5.805565347  -16.608222720    0.510346861
   -1.570796327    1.745329252    2.645483571  -14.119661059    2.623364838
   -1.374446786    1.745329252    0.842316399   -2.924997286    4.107228026
   -1.178097245    1.745329252    1.896564582   14.208872359    4.946194288
   -0.981747704    1.745329252    6.477861513   32.053061069    5.445018133
   -0.785398163    1.745329252   14.200289866   45.440211775    6.140584582
   -0.589048623    1.745329252   23.840477722   51.255386928    7.545138814
   -0.392699082    1.745329252   33.803930994   48.793904044    9.895706356
   -0.196349541    1.745329252   42.556897176   39.280925464   13.009375444
    0.000000000    1.745329252   48.945968167   25.241546390   16.331835479
    0.196349541    1.745329252   52.415264005   10.208612570   19.086584634
    0.392699082    1.745329252   53.168705872   -1.760923663   20.506897686
    0.589048623    1.745329252   52.183179974   -6.987285732   20.071287316
    0.785398163    1.745329252   51.011821219   -3.583312636   17.689568486
    0.981747704    1.745329252   51.305152310    7.492478789   13.748693238
    1.178097245    1.745329252   54.223150975   22.310248427    8.976112639
    1.374446786    1.745329252   59.949068088   35.100327168    4.156950132
    1.570796327    1.745329252   67.522627177   40.372893285   -0.163678308
    1.767145868    1.745329252   75.098983417   34.841927306   -3.818885178
    1.963495408    1.745329252   80.508131124   18.607071054   -6.958621374
    2.159844949    1.745329252   81.919539633   -5.103725769   -9.814039771
    2.356194490    1.745329252   78.364544325  -31.009828545  -12.468461773
    2.552544031    1.745329252   69.988540970  -53.245813841  -14.745602432
    2.748893572    1.745329252   58.026106114  -66.859666471  -16.301033796
    2.945243113    1.745329252   44.496192815  -68.985604118  -16.816979277

   -3.141592654    2.094395102   24.958950382  -58.501990014  -19.102932867
   -2.945243113    2.094395102   15.213538635  -40.043469818  -17.921171200
   -2.748893572    2.094395102    9.348790844  -20.060615007  -15.928526612
   -2.552544031    2.094395102    7.031505960   -4.826289190  -13.298883762
   -2.356194490    2.094395102    6.880831755    1.673208069  -10.161829550
   -2.159844949    2.094395102    7.116074087   -0.496254302   -6.604008768
   -1.963495408    2.094395102    6.385442322   -7.218767649   -2.744159206
   -1.767145868    2.094395102    4.390852819  -12.325821849    1.182550946
   -1.570796327    2.094395102    1.999518134  -10.636036308    4.831928186
   -1.374446786    2.094395102    0.786186823   -0.391721801    7.875080903
   -1.178097245    2.094395102    2.270808864   16.156201881   10.171352161
   -0.981747704    2.094395102    7.241807052   34.222132450   11.847639547
   -0.785398163    2.094395102   15.482992067   48.661004634   13.215723637
   -0.589048623    2.094395102   25.894888333   55.893605727   14.555620423
   -0.392699082    2.094395102   36.882362996   54.445607476   15.923337948
   -0.196349541    2.094395102   46.758185943   44.836910504   17.065081962
    0.000000000    2.094395102   54.107457936   29.211014021   17.501172949
    0.196349541    2.094395102   58.084523076   11.215812135   16.693072265
    0.392699082    2.094395102   58.674898972   -4.488339128   14.274933361
    0.589048623    2.094395102   56.791896705  -13.285793964   10.255119265
    0.785398163    2.094395102   54.118007796  -12.330733057    5.106974916
    0.981747704    2.094395102   52.591563891   -1.987652846   -0.338218965
    1.178097245    2.094395102   53.717111238   13.775396132   -5.181299865
    1.374446786    2.094395102   57.951551863   28.532535579   -8.804954678
    1.570796327    2.094395102   64.444118678   35.869636398  -11.096519023
    1.767145868    2.094395102   71.287679480   31.729417255  -12.415343931
    1.963495408    2.094395102   76.144364663   15.949093840  -13.353857956
    2.159844949    2.094395102   77.019311412   -7.970711866  -14.419348359
    2.356194490    2.094395102   72.869697063  -34.147339721  -15.809612456
    2.552544031    2.094395102   63.888364378  -56.151556279  -17.359889082
    2.748893572    2.094395102   51.438346219  -68.790091039  -18.676981163
    2.945243113    2.094395102   37.673954758  -69.372969082  -19.343639529

   -3.141592654    2.443460953   18.536894884  -58.041889111  -12.876488909
   -2.945243113    2.443460953    9.010652796  -38.290306014  -11.549212950
   -2.748893572    2.443460953    3.611613793  -17.101423604   -9.654032262
   -2.552544031    2.443460953    1.985995670   -0.759065980   -7.247337119
   -2.356194490    2.443460953    2.739427934    6.803900215   -4.331733269
   -2.159844949    2.443460953    4.083056864    5.640113808   -0.870865496
   -1.963495408    2.443460953    4.640326567   -0.296665448    3.120569111
   -1.767145868    2.443460953    4.046773862   -5.075068373    7.461564497
   -1.570796327    2.443460953    3.062142303   -3.664347291   11.775434486
   -1.374446786    2.443460953    3.145877303    5.778320816   15.592563038
   -1.178097245    2.443460953    5.741975494   21.292085116   18.537756468
   -0.981747704    2.443460953   11.624786535   38.398263922   20.459942354
   -0.785398163    2.443460953   20.606128319   52.036055809   21.414640200
   -0.589048623    2.443460953   31.602144317   58.428214881   21.511673346
   -0.392699082    2.443460953   42.974662805   55.724281277   20.768070277
   -0.196349541    2.443460953   52.920235708   44.131656333   19.046662722
    0.000000000    2.443460953   59.870666023   25.736502676   16.138872182
    0.196349541    2.443460953   62.853130828    4.534013272   11.911366680
    0.392699082    2.443460953   61.832411325  -14.097883368    6.477237564
    0.589048623    2.443460953   57.863015999  -24.663129946    0.307813074
    0.785398163    2.443460953   52.928034360  -23.645965966   -5.798133740
    0.981747704    2.443460953   49.344993998  -11.327641036  -10.928638565
    1.178097245    2.443460953   48.943461577    7.697893339  -14.382814541
    1.374446786    2.443460953   52.330328097   25.914771170  -15.947379124
    1.570796327    2.443460953   58.585386655   35.862027776  -15.955474315
    1.767145868    2.443460953   65.567344673   32.900666408  -15.096734231
    1.963495408    2.443460953   70.653346845   16.927212494  -14.101789425
    2.159844949    2.443460953   71.627489202   -8.008151192  -13.469041425
    2.356194490    2.443460953   67.356826756  -35.291508784  -13.341686833
    2.552544031    2.443460953   58.079394320  -57.902350899  -13.545439273
    2.748893572    2.443460953   45.287920142  -70.381954496  -13.740685159
    2.945243113    2.443460953   31.283904075  -70.129593499  -13.588458427

   -3.141592654    2.792526803   15.346954815  -57.120073330    1.737667702
   -2.945243113    2.792526803    6.065529633  -36.707672468    3.782777394
   -2.748893572    2.792526803    1.056461707  -14.694842852    5.589874318
   -2.552544031    2.792526803    0.000000000    2.660455297    7.211917928
   -2.356194490    2.792526803    1.541352252   11.434599617    8.917070558
   -2.159844949    2.792526803    3.924056441   11.593944892   11.095469647
   -1.963495408    2.792526803    5.772628599    6.851254549   14.053976005
   -1.767145868    2.792526803    6.664733395    2.802428500   17.788379538
   -1.570796327    2.792526803    7.238377710    4.190341672   21.891526613
   -1.374446786    2.792526803    8.794059345   12.786808168   25.670240082
   -1.178097245    2.792526803   12.626882881   26.790596196   28.415359836
   -0.981747704    2.792526803   19.405797606   41.976043789   29.648665636
   -0.785398163    2.792526803   28.879518275   53.430321837   29.209122789
   -0.589048623    2.792526803   39.913373423   57.366068796   27.167023689
   -0.392699082    2.792526803   50.808792540   51.864065115   23.685419213
   -0.196349541    2.792526803   59.698066400   37.205122798   18.932259412
    0.000000000    2.792526803   64.988103219   15.803502697   13.098791227
    0.196349541    2.792526803   65.772042745   -7.763330950    6.478092032
    0.392699082    2.792526803   62.208165539  -27.430561361   -0.449765145
    0.589048623    2.792526803   55.667492435  -37.187744847   -6.993251467
    0.785398163    2.792526803   48.509733595  -33.470594556  -12.354116598
    0.981747704    2.792526803   43.377707630  -17.129581349  -15.859114260
    1.178097245    2.792526803   42.263022771    6.191399531  -17.220727346
    1.374446786    2.792526803   45.714247521   27.868221947  -16.669933169
    1.570796327    2.792526803   52.569148243   39.743870480  -14.841352352
    1.767145868    2.792526803   60.368956293   37.119914071  -12.483776230
    1.963495408    2.792526803   66.218028538   20.356974178  -10.158524215
    2.159844949    2.792526803   67.745131310   -5.818916993   -8.101801255
    2.356194490    2.792526803   63.788610217  -34.218811006   -6.263336294
    2.552544031    2.792526803   54.646765293  -57.507622751   -4.457022909
    2.748893572    2.792526803   41.907594920  -70.165649332   -2.522434479
    2.945243113    2.792526803   27.962877196  -69.692834490   -0.422694435
