#! FIELDS phi psi file.free der_phi der_psi
#! SET min_phi -pi
#! SET max_phi pi
#! SET nbins_phi  32
#! SET periodic_phi true
#! SET min_psi -pi
#! SET max_psi pi
#! SET nbins_psi  18
#! SET periodic_psi true
   -3.141592654   -3.141592654   19.090921083  -55.466371286   14.146627768
   -2.945243113   -3.141592654    9.884575053  -37.311444517   16.790131672
   -2.748893572   -3.141592654    4.688082007  -15.635294458   18.815222342
   -2.552544031   -3.141592654    3.567865363    3.230437054   20.268480334
   -2.356194490   -3.141592654    5.461192451   14.555283060   21.469315630
   -2.159844949   -3.141592654    8.713200598   17.258835735   22.876120983
   -1.963495408   -3.141592654   11.855868661   14.182647300   24.825025000
   -1.767145868   -3.141592654   14.237403568   10.395852518   27.272487908
   -1.570796327   -3.141592654   16.196952453   10.467728347   29.718957711
   -1.374446786   -3.141592654   18.732539286   16.287296222   31.386997479
   -1.178097245   -3.141592654   22.882488631   26.404312697   31.565302985
   -0.981747704   -3.141592654   29.146034370   37.088094166   29.909863744
   -0.785398163   -3.141592654   37.211778430   44.061225914   26.539628827
   -0.589048623   -3.141592654   46.020029806   44.278440989   21.909472292
   -0.392699082   -3.141592654   54.099599325   36.603458961   16.572139558
   -0.196349541   -3.141592654   59.951200866   21.935240904   10.974624229
    0.000000000   -3.141592654   62.431332141    2.841803166    5.374847896
    0.196349541   -3.141592654   61.053543021  -16.560460741   -0.097615107
    0.392699082   -3.141592654   56.249032456  -31.202756038   -5.288777955
    0.589048623   -3.141592654   49.438856443  -36.305227047   -9.869286855
    0.785398163   -3.141592654   42.795597225  -29.403010459  -13.323683528
    0.981747704   -3.141592654   38.600968976  -11.989077654  -15.126951279
    1.178097245   -3.141592654   38.426704149   10.369246876  -15.027092143
    1.374446786   -3.141592654   42.494422170   29.912924167  -13.232314470
    1.570796327   -3.141592654   49.543628572   39.860327574  -10.335451584
    1.767145868   -3.141592654   57.289047080   36.800167261   -7.036994347
    1.963495408   -3.141592654   63.195618782   21.601726097   -3.833112074
    2.159844949   -3.141592654   65.244958472   -1.601352006   -0.881714813
    2.356194490   -3.141592654   62.419166918  -27.050474426    1.934511087
    2.552544031   -3.141592654   54.857358257  -48.930286815    4.820872302
    2.748893572   -3.141592654   43.752134926  -62.475678510    7.893276670
    2.945243113   -3.141592654   31.066813655  -64.765892810   11.081431357

   -3.141592654   -2.792526803   25.860287873  -49.997950567   21.936003357
   -2.945243113   -2.792526803   17.575625698  -33.475077718   24.764111604
   -2.748893572   -2.792526803   12.956189414  -13.572911968   26.484773469
   -2.552544031   -2.792526803   12.100195683    3.988660221   27.229902270
   -2.356194490   -2.792526803   14.091168666   14.975814234   27.468396029
   -2.159844949   -2.792526803   17.480477890   18.388725493   27.804819044
   -1.963495408   -2.792526803   20.967916074   16.594788400   28.665544314
   -1.767145868   -2.792526803   23.932741372   13.798935374   30.030555351
   -1.570796327   -2.792526803   26.570032871   13.729465900   31.383262968
   -1.374446786   -2.792526803   29.607683777   17.893564866   31.925609377
   -1.178097245   -2.792526803   33.801972694   25.099460208   30.945900665
   -0.981747704   -2.792526803   39.473586336   32.355935318   28.128461614
   -0.785398163   -2.792526803   46.294220052   36.233724975   23.648258259
   -0.589048623   -2.792526803   53.333848202   34.284466754   18.041133743
   -0.392699082   -2.792526803   59.330843148   25.581426679   11.949083157
   -0.196349541   -2.792526803   63.001726153   10.897936718    5.904609734
    0.000000000   -2.792526803   63.375374773   -7.473047990    0.227760495
    0.196349541   -2.792526803   60.085389797  -25.646245089   -4.917472474
    0.392699082   -2.792526803   53.653596828  -38.608123276   -9.381480391
    0.589048623   -2.792526803   45.596117660  -41.507808351  -12.896213392
    0.785398163   -2.792526803   38.190908096  -31.880000091  -15.076972695
    0.981747704   -2.792526803   33.799642767  -11.503870748  -15.583927937
    1.178097245   -2.792526803   33.989015910   13.492633767  -14.355122337
    1.374446786   -2.792526803   38.860583203   34.813707515  -11.723150014
    1.570796327   -2.792526803   46.959504216   45.491505171   -8.288031327
    1.767145868   -2.792526803   55.816323684   42.412238067   -4.638793633
    1.963495408   -2.792526803   62.801518763   26.991211675   -1.088002854
    2.159844949   -2.792526803   65.906111012    3.822644899    2.381311809
    2.356194490   -2.792526803   64.181227546  -21.211354907    5.978782541
    2.552544031   -2.792526803   57.823445459  -42.511974774    9.879177406
    2.748893572   -2.792526803   48.019733480  -55.715726348   14.053719087
    2.945243113   -2.792526803   36.648327727  -58.270935157   18.221064779

   -3.141592654   -2.443460953   33.333015884  -44.565790890   20.702976260
   -2.945243113   -2.443460953   25.951812953  -29.772489098   23.019252545
   -2.748893572   -2.443460953   21.880502983  -11.659554368   24.301048999
   -2.552544031   -2.443460953   21.260664098    4.605368149   24.669937924
   -2.356194490   -2.443460953   23.314710765   15.156526520   24.501641093
   -2.159844949   -2.443460953   26.765193673   18.933441546   24.260498781
   -1.963495408   -2.443460953   30.423136391   17.768676820   24.258756570
   -1.767145868   -2.443460953   33.644919346   15.097885305   24.464828024
   -1.570796327   -2.443460953   36.461827366   14.052309399   24.486444605
   -1.374446786   -2.443460953   39.366996321   16.052149554   23.749868650
   -1.178097245   -2.443460953   42.921787885   20.376394417   21.781246721
   -0.981747704   -2.443460953   47.381325516   24.817515094   18.430419036
   -0.785398163   -2.443460953   52.504906196   26.670079334   13.923854933
   -0.589048623   -2.443460953   57.560623435   23.847811399    8.749401328
   -0.392699082   -2.443460953   61.514148121   15.376547732    3.444568560
   -0.196349541   -2.443460953   63.268338132    1.674088631   -1.569416016
    0.000000000   -2.443460953   61.957433483  -15.376956131   -6.071644017
    0.196349541   -2.443460953   57.251846811  -32.151967793   -9.983146270
    0.392699082   -2.443460953   49.685496166  -43.622884993  -13.240595324
    0.589048623   -2.443460953   40.811772914  -44.733268091  -15.669772952
    0.785398163   -2.443460953   32.985191376  -32.865454141  -16.969453907
    0.981747704   -2.443460953   28.646297947   -9.958688060  -16.839711150
    1.178097245   -2.443460953   29.375360573   17.370324880  -15.194962696
    1.374446786   -2.443460953   35.180687201   40.302613197  -12.291552139
    1.570796327   -2.443460953   44.437631358   51.647429350   -8.645493438
    1.767145868   -2.443460953   54.508152094   48.544285552   -4.795867811
    1.963495408   -2.443460953   62.675808514   32.915497422   -1.056582416
    2.159844949   -2.443460953   66.942132253    9.790762102    2.547244129
    2.356194490   -2.443460953   66.423720865  -14.849365096    6.168280288
    2.552544031   -2.443460953   61.366319273  -35.646809850    9.933562284
    2.748893572   -2.443460953   52.939215379  -48.648282953   13.799565361
    2.945243113   -2.443460953   42.924910879  -51.647153348   17.514009209

   -3.141592654   -2.094395102   39.529931936  -40.140950002   14.039697380
   -2.945243113   -2.094395102   32.882462334  -26.786283157   15.368461512
   -2.748893572   -2.094395102   29.242944890  -10.240610433   16.033600743
   -2.552544031   -2.094395102   28.765192822    4.705443488   16.131087552
   -2.356194490   -2.094395102   30.751208171   14.460765754   15.849607893
   -2.159844949   -2.094395102   34.029950179   17.944125189   15.374786189
   -1.963495408   -2.094395102   37.481078154   16.634360875   14.776958420
   -1.767145868   -2.094395102   40.440046319   13.457223628   13.952938943
   -1.570796327   -2.094395102   42.827896694   11.197346373   12.672075406
   -1.374446786   -2.094395102   44.997723212   11.345637098   10.706554357
   -1.178097245   -2.094395102   47.428593443   13.672219650    7.972943637
   -0.981747704   -2.094395102   50.412220620   16.629881269    4.598200187
   -0.785398163   -2.094395102   53.861461199   17.996905417    0.878085036
   -0.589048623   -2.094395102   57.254509075   15.750493070   -2.833745148
   -0.392699082   -2.094395102   59.738214302    8.595997872   -6.254845097
   -0.196349541   -2.094395102   60.311527019   -3.576373010   -9.235928713
    0.000000000   -2.094395102   58.103954226  -19.317425015  -11.780886534
    0.196349541   -2.094395102   52.720859648  -35.168779458  -13.970505758
    0.392699082   -2.094395102   44.632079090  -45.929961590  -15.852405130
    0.589048623   -2.094395102   35.385021174  -46.163413148  -17.323704694
    0.785398163   -2.094395102   27.402381422  -32.924792486  -18.099756915
    0.981747704   -2.094395102   23.228113750   -8.156725792  -17.821626804
    1.178097245   -2.094395102   24.506054216   21.134125375  -16.269867634
    1.374446786   -2.094395102   31.211163966   45.594891779  -13.535839889
    1.570796327   -2.094395102   41.595236863   57.695566254  -10.014786458
    1.767145868   -2.094395102   52.869043230   54.659519110   -6.221884534
    1.963495408   -2.094395102   62.214953675   38.782147802   -2.550161364
    2.159844949   -2.094395102   67.613116669   15.484100328    0.837716253
    2.356194490   -2.094395102   68.215099550   -9.102527418    3.967971536
    2.552544031   -2.094395102   64.302521613  -29.740411554    6.907579059
    2.748893572   -2.094395102   57.039070927  -42.761126975    9.652098325
    2.945243113   -2.094395102   48.144842626  -46.218323067   12.086455515

   -3.141592654   -1.745329252   43.002550335  -37.783873795    7.171303629
   -2.945243113   -1.745329252   36.732420464  -25.345320190    7.624390440
   -2.748893572   -1.745329252   33.273837350   -9.852591032    7.661245670
   -2.552544031   -1.745329252   32.769249016    4.060454595    7.292341904
   -2.356194490   -1.745329252   34.539078519   12.934099613    6.524767565
   -2.159844949   -1.745329252   37.444277237   15.683892698    5.344675982
   -1.963495408   -1.745329252   40.382664036   13.662335921    3.708132357
   -1.767145868   -1.745329252   42.679243964    9.658210280    1.568672828
   -1.570796327   -1.745329252   44.229652462    6.459504566   -1.061392072
   -1.374446786   -1.745329252   45.381309708    5.754220025   -4.052919566
   -1.178097245   -1.745329252   46.659208177    7.612991347   -7.146826411
   -0.981747704   -1.745329252   48.456436579   10.720863751  -10.011806970
   -0.785398163   -1.745329252   50.813975038   12.889730140  -12.345928882
   -0.589048623   -1.745329252   53.322050375   11.893896104  -13.972432240
   -0.392699082   -1.745329252   55.183301671    6.111211261  -14.899366584
   -0.196349541   -1.745329252   55.385804367   -4.931633086  -15.298057858
    0.000000000   -1.745329252   52.984887730  -20.021765563  -15.458030354
    0.196349541   -1.745329252   47.484047584  -35.736911777  -15.671578311
    0.392699082   -1.745329252   39.270602441  -46.642086222  -16.111128346
    0.589048623   -1.745329252   29.878778359  -46.856005673  -16.713746471
    0.785398163   -1.745329252   21.808854799  -32.995470766  -17.155413275
    0.981747704   -1.745329252   17.742945007   -6.873351391  -16.969254701
    1.178097245   -1.745329252   19.444670976   24.191859337  -15.779371010
    1.374446786   -1.745329252   26.915966932   50.261005769  -13.511890763
    1.570796327   -1.745329252   38.322245076   63.297116664  -10.443212141
    1.767145868   -1.745329252   50.721819934   60.399223470   -7.053874129
    1.963495408   -1.745329252   61.159436615   44.094223435   -3.792459876
    2.159844949   -1.745329252   67.541369884   20.187152761   -0.926155392
    2.356194490   -1.745329252   69.013484767   -4.923465456    1.479104109
    2.552544031   -1.745329252   65.883234220  -25.934567690    3.460215708
    2.748893572   -1.745329252   59.335555900  -39.285448049    5.067461484
    2.945243113   -1.745329252   51.083459448  -43.186299806    6.310814868

   -3.141592654   -1.396263402   42.636122182  -38.391813454    5.032566411
   -2.945243113   -1.396263402   36.234350525  -26.072843869    4.801941552
   -2.748893572   -1.396263402   32.623039477  -10.699829316    4.132654981
   -2.552544031   -1.396263402   31.926610227    2.905282415    3.028204793
   -2.356194490   -1.396263402   33.413660907   11.146276508    1.455324919
   -2.159844949   -1.396263402   35.875217206   12.897061597   -0.652146410
   -1.963495408   -1.396263402   38.146525924    9.634074004   -3.348863297
   -1.767145868   -1.396263402   39.531650927    4.445207989   -6.590367412
   -1.570796327   -1.396263402   39.977163620    0.531994780  -10.159065198
   -1.374446786   -1.396263402   39.961160856   -0.048183867  -13.662960900
   -1.178097245   -1.396263402   40.193073447    2.923291939  -16.625645582
   -0.981747704   -1.396263402   41.248331290    7.959895627  -18.636537530
   -0.785398163   -1.396263402   43.287545844   12.425773999  -19.483573198
   -0.589048623   -1.396263402   45.918475483   13.528185206  -19.207009787
   -0.392699082   -1.396263402   48.253724582    9.164414619  -18.081754064
   -0.196349541   -1.396263402   49.116682486   -1.431977359  -16.518588162
    0.000000000   -1.396263402   47.365050560  -17.061697738  -14.968917998
    0.196349541   -1.396263402   42.328658208  -34.055929947  -13.790501560
    0.392699082   -1.396263402   34.294942205  -46.481035099  -13.139914301
    0.589048623   -1.396263402   24.812870725  -47.817780607  -12.906212783
    0.785398163   -1.396263402   16.519012823  -34.130619258  -12.743306668
    0.981747704   -1.396263402   12.307511173   -7.050832511  -12.216483289
    1.178097245   -1.396263402   14.139447259   25.774227650  -11.013132665
    1.374446786   -1.396263402   22.110398758   53.714716214   -9.090591222
    1.570796327   -1.396263402   34.336034166   68.039910488   -6.679371596
    1.767145868   -1.396263402   47.717569863   65.488542839   -4.142076903
    1.963495408   -1.396263402   59.114107862   48.641405462   -1.786645642
    2.159844949   -1.396263402   66.287817007   23.645439743    0.228126145
    2.356194490   -1.396263402   68.316367901   -2.718370816    1.883549795
    2.552544031   -1.396263402   65.504859346  -24.857054197    3.205462338
    2.748893572   -1.396263402   59.079579664  -39.065496397    4.197935144
    2.945243113   -1.396263402   50.812005972  -43.513262265    4.822657315

   -3.141592654   -1.047197551   41.053941591  -41.167735413    5.396998126
   -2.945243113   -1.047197551   34.099178983  -28.876770250    4.431783843
   -2.748893572   -1.047197551   29.957400149  -13.278842285    2.818164280
   -2.552544031   -1.047197551   28.775901503    0.504804413    0.652632057
   -2.356194490   -1.047197551   29.781439064    8.561004361   -1.993801407
   -2.159844949   -1.047197551   31.674729887    9.612897815   -5.110048197
   -1.963495408   -1.047197551   33.202594084    5.325641098   -8.691552432
   -1.767145868   -1.047197551   33.650150054   -0.716203088  -12.610258318
   -1.570796327   -1.047197551   33.056349941   -4.724695609  -16.516403788
   -1.374446786   -1.047197551   32.089242769   -4.283049235  -19.867797195
   -1.178097245   -1.047197551   31.678092990    0.752331416  -22.096669924
   -0.981747704   -1.047197551   32.560338212    8.406763910  -22.828188264
   -0.785398163   -1.047197551   34.939510097   15.367349257  -22.023049468
   -0.589048623   -1.047197551   38.337809410   18.238335150  -19.977579697
   -0.392699082   -1.047197551   41.685602985   14.576930656  -17.220926765
   -0.196349541   -1.047197551   43.587742847    3.560057138  -14.335756353
    0.000000000   -1.047197551   42.700000587  -13.373010240  -11.804323947
    0.196349541   -1.047197551   38.220701272  -32.095855182   -9.869378687
    0.392699082   -1.047197551   30.410445061  -46.091010523   -8.490126415
    0.589048623   -1.047197551   20.904608329  -48.302877261   -7.406766182
    0.785398163   -1.047197551   12.509804628  -34.513213320   -6.299453853
    0.981747704   -1.047197551    8.308330364   -6.460469401   -4.961350922
    1.178097245   -1.047197551   10.391248655   27.753182985   -3.392852194
    1.374446786   -1.047197551   18.878133855   56.910353385   -1.758603976
    1.570796327   -1.047197551   31.802892096   71.833477369   -0.262386320
    1.767145868   -1.047197551   45.926286597   69.126911335    0.982138254
    1.963495408   -1.047197551   57.970367015   51.512915868    2.001691198
    2.159844949   -1.047197551   65.603006593   25.414373739    2.909302367
    2.356194490   -1.047197551   67.861053217   -2.153161261    3.804613955
    2.552544031   -1.047197551   65.045517619  -25.446462365    4.674478529
    2.748893572   -1.047197551   58.402094234  -40.665737660    5.373772980
    2.945243113   -1.047197551   49.740412793  -45.876650721    5.680602017

   -3.141592654   -0.698131701   41.545960490  -43.707667984    3.895178904
   -2.945243113   -0.698131701   33.990335377  -32.416285266    1.849037194
   -2.748893572   -0.698131701   29.077672301  -17.538754554   -0.863020676
   -2.552544031   -0.698131701   27.009538120   -4.239766688   -4.002592002
   -2.356194490   -0.698131701   27.041845363    3.387761759   -7.392033568
   -2.159844949   -0.698131701   27.871546179    3.944393761  -10.972192089
   -1.963495408   -0.698131701   28.241688914   -0.755669591  -14.709696104
   -1.767145868   -0.698131701   27.491281103   -6.711836412  -18.409394014
   -1.570796327   -0.698131701   25.803213649   -9.691628470  -21.608729582
   -1.374446786   -0.698131701   24.051165947   -7.142631121  -23.676794893
   -1.178097245   -0.698131701   23.350505200    0.736116496  -24.089213305
   -0.981747704   -0.698131701   24.517924752   11.269961036  -22.699515320
   -0.785398163   -0.698131701   27.689670348   20.415027102  -19.830149993
   -0.589048623   -0.698131701   32.199745624   24.299337499  -16.134060237
   -0.392699082   -0.698131701   36.733535929   20.402052834  -12.344429322
   -0.196349541   -0.698131701   39.673194226    8.176218125   -9.014988583
    0.000000000   -0.698131701   39.533658729  -10.389122971   -6.372769438
    0.196349541   -0.698131701   35.493147662  -30.525076476   -4.285739208
    0.392699082   -0.698131701   27.909747046  -45.205869662   -2.385561626
    0.589048623   -0.698131701   18.583785606  -47.226066559   -0.309610232
    0.785398163   -0.698131701   10.472916144  -32.648671440    2.049609504
    0.981747704   -0.698131701    6.724923875   -3.757094046    4.445153338
    1.178097245   -0.698131701    9.388871240   30.860882484    6.405722724
    1.374446786   -0.698131701   18.475798122   59.812304072    7.526431590
    1.570796327   -0.698131701   31.911918830   74.090273810    7.705565928
    1.767145868   -0.698131701   46.405058265   70.646824518    7.193289687
    1.963495408   -0.698131701   58.689928909   52.487010578    6.437967283
    2.159844949   -0.698131701   66.482504732   26.107109166    5.850156924
    2.356194490   -0.698131701   68.859869922   -1.631729463    5.620158858
    2.552544031   -0.698131701   66.120096750  -25.239295570    5.649619920
    2.748893572   -0.698131701   59.460046705  -41.104521231    5.616274438
    2.945243113   -0.698131701   50.620659392  -47.294550398    5.128017896

   -3.141592654   -0.349065850   42.483744263  -47.503660721    2.019930672
   -2.945243113   -0.349065850   34.045296048  -37.527186905   -0.663532067
   -2.748893572   -0.349065850   28.044716765  -23.395968051   -3.889135204
   -2.552544031   -0.349065850   24.799967908  -10.291328550   -7.334617223
   -2.356194490   -0.349065850   23.649237792   -2.591276900  -10.768590892
   -2.159844949   -0.349065850   23.314398028   -1.938034872  -14.113007094
   -1.963495408   -0.349065850   22.546990035   -6.405894288  -17.319566181
   -1.767145868   -0.349065850   20.753956943  -11.536576545  -20.156855741
   -1.570796327   -0.349065850   18.282844647  -12.648889706  -22.121783179
   -1.374446786   -0.349065850   16.220906165   -7.203897463  -22.602030806
   -1.178097245   -0.349065850   15.832773814    3.971193560  -21.219530547
   -0.981747704   -0.349065850   17.920120463   17.232953253  -18.107085638
   -0.785398163   -0.349065850   22.422905326   27.749039990  -13.916838018
   -0.589048623   -0.349065850   28.375762960   31.409749816   -9.545740425
   -0.392699082   -0.349065850   34.178527117   26.067990580   -5.762090766
   -0.196349541   -0.349065850   38.044471201   11.935695092   -2.912704431
    0.000000000   -0.349065850   38.481549090   -8.154140008   -0.833067184
    0.196349541   -0.349065850   34.808711652  -28.824308248    1.030141791
    0.392699082   -0.349065850   27.599327559  -42.939038294    3.313259704
    0.589048623   -0.349065850   18.831981846  -43.771065042    6.348993887
    0.785398163   -0.349065850   11.505012636  -28.242873596    9.898904797
    0.981747704   -0.349065850    8.639452103    0.607819294   13.197595172
    1.178097245   -0.349065850   12.058342570   34.001493539   15.333241744
    1.374446786   -0.349065850   21.577073513   61.012007174   15.746548169
    1.570796327   -0.349065850   35.059599656   73.447888399   14.514302589
    1.767145868   -0.349065850   49.305233588   68.930277711   12.268787932
    1.963495408   -0.349065850   61.227892992   50.662222592    9.838176456
    2.159844949   -0.349065850   68.710730190   24.846744496    7.864186623
    2.356194490   -0.349065850   70.908749966   -2.230791834    6.580522670
    2.552544031   -0.349065850   68.081463004  -25.644401814    5.803517341
    2.748893572   -0.349065850   61.298672271  -42.084333297    5.082106123
    2.945243113   -0.349065850   52.151585006  -49.540859021    3.927057713

   -3.141592654    0.000000000   42.761242597  -51.917343105   -0.264681839
   -2.945243113    0.000000000   33.345475078  -42.963758391   -2.893975976
   -2.748893572    0.000000000   26.225066879  -29.246886378   -5.791807702
   -2.552544031    0.000000000   21.838616413  -15.992342205   -8.674763892
   -2.356194490    0.000000000   19.607364317   -7.874654008  -11.376399694
   -2.159844949    0.000000000   18.281034379   -6.743644860  -13.872018854
   -1.963495408    0.000000000   16.630637195  -10.527247856  -16.129046508
   -1.767145868    0.000000000   14.143949297  -14.335939626  -17.908120945
   -1.570796327    0.000000000   11.330603385  -13.171218419  -18.723735128
   -1.374446786    0.000000000    9.455439780   -4.707221656  -18.055821193
   -1.178097245    0.000000000    9.858438928    9.439199582  -15.698460140
   -0.981747704    0.000000000   13.233843871   24.645376854  -11.979400251
   -0.785398163    0.000000000   19.250848429   35.476416149   -7.677474954
   -0.589048623    0.000000000   26.621890322   37.917409960   -3.673745922
   -0.392699082    0.000000000   33.508586783   30.543199006   -0.553204974
   -0.196349541    0.000000000   38.062195247   14.575896824    1.632122093
    0.000000000    0.000000000   38.920836509   -6.273635191    3.355956112
    0.196349541    0.000000000   35.662187336  -26.252809105    5.366582250
    0.392699082    0.000000000   29.121286701  -38.596120149    8.288751682
    0.589048623    0.000000000   21.394338206  -37.626478495   12.220353301
    0.785398163    0.000000000   15.360244351  -21.519622755   16.552273063
    0.981747704    0.000000000   13.714718832    5.965861562   20.166375740
    1.178097245    0.000000000   17.909383458   36.339753011   21.969806718
    1.374446786    0.000000000   27.537584951   59.820758799   21.451640833
    1.570796327    0.000000000   40.496762008   69.537827993   18.914046301
    1.767145868    0.000000000   53.834819001   63.881821953   15.264440757
    1.963495408    0.000000000   64.783530765   46.002144678   11.537147888
    2.159844949    0.000000000   71.465935405   21.424039306    8.465481418
    2.356194490    0.000000000   73.118710957   -4.425443202    6.279805292
    2.552544031    0.000000000   69.929477021  -27.282340298    4.760754014
    2.748893572    0.000000000   62.804611351  -44.081739434    3.440690663
    2.945243113    0.000000000   53.167178835  -52.629068956    1.854226898

   -3.141592654    0.349065850   43.730432032  -54.741504547   -0.919581194
   -2.945243113    0.349065850   33.672613089  -46.618130499   -2.548508902
   -2.748893572    0.349065850   25.779546547  -33.380907503   -4.230088423
   -2.552544031    0.349065850   20.566814577  -20.211834452   -5.856197402
   -2.356194490    0.349065850   17.520587665  -11.920277520   -7.393632823
   -2.159844949    0.349065850   15.432331517  -10.418852925   -8.861075483
   -1.963495408    0.349065850   13.123884015  -13.469108530  -10.202302477
   -1.767145868    0.349065850   10.183008921  -15.891613244  -11.170034879
   -1.570796327    0.349065850    7.262327001  -12.599976538  -11.359619116
   -1.374446786    0.349065850    5.743307458   -1.649905998  -10.418437450
   -1.178097245    0.349065850    6.964171728   14.571545518   -8.305159101
   -0.981747704    0.349065850   11.460222727   30.692917608   -5.391513254
   -0.785398163    0.349065850   18.637179756   41.023575354   -2.314498695
   -0.589048623    0.349065850   26.959662673   41.960015672    0.343462998
   -0.392699082    0.349065850   34.473699028   32.946885423    2.355264656
   -0.196349541    0.349065850   39.397956419   16.143560603    3.957098171
    0.000000000    0.349065850   40.593907715   -4.158085641    5.745164780
    0.196349541    0.349065850   37.917879508  -22.255208662    8.374498406
    0.392699082    0.349065850   32.401829479  -32.164180193   12.185966597
    0.589048623    0.349065850   26.129097553  -29.484945359   16.901529347
    0.785398163    0.349065850   21.711199602  -13.594363421   21.585823412
    0.981747704    0.349065850   21.407559633   11.334841588   24.966554267
    1.178097245    0.349065850   26.260790261   37.508042344   26.009986018
    1.374446786    0.349065850   35.678201245   56.614293872   24.416822349
    1.570796327    0.349065850   47.673575076   63.238025722   20.740278515
    1.767145868    0.349065850   59.634553156   56.503846691   16.070327416
    1.963495408    0.349065850   69.184280133   39.382462558   11.513681525
    2.159844949    0.349065850   74.733125989   16.586912843    7.795198688
    2.356194490    0.349065850   75.624160551   -7.402079230    5.118094754
    2.552544031    0.349065850   71.984849369  -29.033423289    3.278058434
    2.748893572    0.349065850   64.561555024  -45.527197777    1.879082149
    2.945243113    0.349065850   54.602383743  -54.566273036    0.550413107

   -3.141592654    0.698131701   44.902598565  -55.430019314   -1.296308835
   -2.945243113    0.698131701   34.664727967  -47.762768930   -1.487750958
   -2.748893572    0.698131701   26.496777936  -35.021519285   -1.592318039
   -2.552544031    0.698131701   20.918019354  -22.276297981   -1.751987883
   -2.356194490    0.698131701   17.434814984  -14.274216928   -2.093964857
   -2.159844949    0.698131701   14.874393813  -12.820708137   -2.666585653
   -1.963495408    0.698131701   12.121267435  -15.514715736   -3.375578344
   -1.767145868    0.698131701    8.856812661  -17.051795768   -3.982513977
   -1.570796327    0.698131701    5.834211242  -12.424573040   -4.197165216
   -1.374446786    0.698131701    4.492612689   -0.046581777   -3.825918253
   -1.178097245    0.698131701    6.139377493   17.198013886   -2.883075068
   -0.981747704    0.698131701   11.190880487   33.586675460   -1.574700309
   -0.785398163    0.698131701   18.901302047   43.471397801   -0.159482108
   -0.589048623    0.698131701   27.633944650   43.702411125    1.229935217
   -0.392699082    0.698131701   35.446857166   34.362722879    2.704828000
   -0.196349541    0.698131701   40.689042843   18.145802590    4.593389059
    0.000000000    0.698131701   42.423042508   -0.519661137    7.309220465
    0.196349541    0.698131701   40.681507163  -16.327158264   11.114551089
    0.392699082    0.698131701   36.542974759  -24.197551813   15.882355100
    0.589048623    0.698131701   31.932516002  -20.831076553   20.957261694
    0.785398163    0.698131701   29.110243989   -6.378343210   25.255115750
    0.981747704    0.698131701   29.908644368   15.055298174   27.629319455
    1.178097245    0.698131701   35.051205056   36.672839523   27.367096435
    1.374446786    0.698131701   43.878894133   51.631721767   24.524241047
    1.570796327    0.698131701   54.614109578   55.722105170   19.890443242
    1.767145868    0.698131701   65.017859030   48.485223378   14.609726543
    1.963495408    0.698131701   73.084825095   32.511540121    9.699217422
    2.159844949    0.698131701   77.471996592   11.687752300    5.755043308
    2.356194490    0.698131701   77.601586582  -10.308110143    2.913952809
    2.552544031    0.698131701   73.548440729  -30.452163038    1.021094791
    2.748893572    0.698131701   65.936429629  -46.146188658   -0.176561945
    2.945243113    0.698131701   55.881631440  -55.007791677   -0.897915767

   -3.141592654    1.047197551   43.335170514  -55.793312344   -5.824717423
   -2.945243113    1.047197551   33.105873708  -47.328744855   -5.145571499
   -2.748893572    1.047197551   25.077584085  -34.088862897   -4.030712282
   -2.552544031    1.047197551   19.696671472  -21.263892481   -2.826165723
   -2.356194490    1.047197551   16.386877733  -13.570938303   -1.834884001
   -2.159844949    1.047197551   13.917050622  -12.607685155   -1.213568044
   -1.963495408    1.047197551   11.163644037  -15.692500610   -0.944884899
   -1.767145868    1.047197551    7.849945870  -17.318888501   -0.898148269
   -1.570796327    1.047197551    4.792647754  -12.470434544   -0.928477276
   -1.374446786    1.047197551    3.477724697    0.271732545   -0.942250686
   -1.178097245    1.047197551    5.220015148   17.827038199   -0.890487347
   -0.981747704    1.047197551   10.415831752   34.410244835   -0.703160066
   -0.785398163    1.047197551   18.307621038   44.516901523   -0.229826064
   -0.589048623    1.047197551   27.290812324   45.286475707    0.761029980
   -0.392699082    1.047197551   35.513246285   37.054070914    2.535719602
   -0.196349541    1.047197551   41.445267739   22.576246885    5.297216898
    0.000000000    1.047197551   44.252672349    6.002797854    9.101664485
    0.196349541    1.047197551   43.981718564   -7.980795907   13.751098879
    0.392699082    1.047197551   41.578168018  -15.125254735   18.719980265
    0.589048623    1.047197551   38.676824122  -12.831026549   23.168354786
    0.785398163    1.047197551   37.156900862   -1.412836011   26.123316392
    0.981747704    1.047197551   38.513813343   15.643942826   26.808795617
    1.178097245    1.047197551   43.321793353   32.769376364   24.982352803
    1.374446786    1.047197551   51.028158744   44.387613916   21.064649047
    1.570796327    1.047197551   60.163540696   46.998278509   15.958390240
    1.767145868    1.047197551   68.857177449   40.033798810   10.660916491
    1.963495408    1.047197551   75.385947659   25.403494143    5.893048495
    2.159844949    1.047197551   78.537326811    6.198331262    1.970076109
    2.356194490    1.047197551   77.731588905  -14.401427979   -1.104059375
    2.552544031    1.047197551   72.983944427  -33.479282952   -3.416819124
    2.748893572    1.047197551   64.865619076  -48.287295496   -5.000109931
    2.945243113    1.047197551   54.475118391  -56.272242713   -5.810476861

   -3.141592654    1.396263402   38.636123598  -55.465457115  -11.423801761
   -2.945243113    1.396263402   28.674761882  -44.995869862  -10.723182182
   -2.748893572    1.396263402   21.245390184  -30.467653979   -9.205193141
   -2.552544031    1.396263402   16.625016220  -17.294669619   -7.241631624
   -2.356194490    1.396263402   14.059942895  -10.064574710   -5.211761364
   -2.159844949    1.396263402   12.192991394  -10.017216411   -3.379434052
   -1.963495408    1.396263402    9.847156939  -14.129590751   -1.863220046
   -1.767145868    1.396263402    6.744927123  -16.710692207   -0.693011904
   -1.570796327    1.396263402    3.723866384  -12.687571602    0.122285426
   -1.374446786    1.396263402    2.301609043   -0.563682311    0.590046445
   -1.178097245    1.396263402    3.851051971   16.779148516    0.792196845
   -0.981747704    1.396263402    8.873495056   33.813522736    0.944265977
   -0.785398163    1.396263402   16.758653066   45.169426328    1.382682736
   -0.589048623    1.396263402   26.051814078   47.881604922    2.465247953
   -0.392699082    1.396263402   35.005933419   41.924909050    4.457905625
   -0.196349541    1.396263402   42.110068427   29.578264466    7.428934261
    0.000000000    1.396263402   46.450773907   14.467344192   11.210875848
    0.196349541    1.396263402   47.894446191    0.791360282   15.372779224
    0.392699082    1.396263402   47.121617042   -7.557850206   19.249905431
    0.589048623    1.396263402   45.458614000   -8.023250947   22.051178568
    0.785398163    1.396263402   44.514080782   -0.478011052   23.073635804
    0.981747704    1.396263402   45.648270352   12.498062153   21.964484413
    1.178097245    1.396263402   49.499081624   26.379701294   18.894315762
    1.374446786    1.396263402   55.755326288   36.279795016   14.512624141
    1.570796327    1.396263402   63.260225199   38.719113943    9.674737600
    1.767145868    1.396263402   70.396501837   32.538585151    5.098361041
    1.963495408    1.396263402   75.552042261   18.889678608    1.128497387
    2.159844949    1.396263402   77.498603737    0.378329033   -2.239978517
    2.356194490    1.396263402   75.594218011  -19.786000570   -5.167235334
    2.552544031    1.396263402   69.839165116  -38.290534563   -7.724903003
    2.748893572    1.396263402   60.875537315  -51.964772278   -9.790437217
    2.945243113    1.396263402   49.930192715  -58.136577535  -11.100413041

   -3.141592654    1.745329252   32.521734039  -55.942790863  -16.611437173
   -2.945243113    1.745329252   22.698371756  -43.148751814  -16.119705497
   -2.748893572    1.745329252   15.821877048  -26.809039189  -14.445380981
   -2.552544031    1.745329252   12.028481322  -12.689088687  -11.911777827
   -2.356194490    1.745329252   10.386944842   -5.399889842   -8.910444953
   -2.159844949    1.745329252    9.384692383   -5.963624572   -5.770780046
   -1.963495408    1.745329252    7.740330818  -11.084849389   -2.725317810
   -1.767145868    1.745329252    5.121074915  -14.851670859    0.041266864
   -1.570796327    1.745329252    2.349034521  -11.990134240    2.348095972
   -1.374446786    1.745329252    0.971817526   -0.730875052    4.052070720
   -1.178097245    1.745329252    2.453376642   16.379320258    5.143653373
   -0.981747704    1.745329252    7.446325172   34.061671657    5.813677291
   -0.785398163    1.745329252   15.515989304   46.912306621    6.413591632
   -0.589048623    1.745329252   25.344449403   51.627441183    7.311529879
   -0.392699082    1.745329252   35.232549538   47.628722135    8.749056842
   -0.196349541    1.745329252   43.603103036   36.630644166   10.733294505
    0.000000000    1.745329252   49.375491207   21.789941172   13.028888705
    0.196349541    1.745329252   52.174737168    7.043011081   15.181078941
    0.392699082    1.745329252   52.414500211   -3.695795971   16.613398135
    0.589048623    1.745329252   51.194471800   -7.470897205   16.789845764
    0.785398163    1.745329252   50.012151268   -3.401425620   15.420275506
    0.981747704    1.745329252   50.282759837    6.813673920   12.614261304
    1.178097245    1.745329252   52.854452938   19.286211174    8.875797032
    1.374446786    1.745329252   57.699477235   29.203327741    4.907004509
    1.570796327    1.745329252   63.899089894   32.589593398    1.304751118
    1.767145868    1.745329252   69.942364111   27.492101053   -1.669368652
    1.963495408    1.745329252   74.176261688   14.437250619   -4.141920598
    2.159844949    1.745329252   75.251705883   -4.135829104   -6.454060901
    2.356194490    1.745329252   72.423712054  -24.681265066   -8.900633407
    2.552544031    1.745329252   65.687133919  -43.293862879  -11.505013928
    2.748893572    1.745329252   55.791108983  -56.295494161  -13.974906366
    2.945243113    1.745329252   44.137755357  -60.863469313  -15.826179202

   -3.141592654    2.094395102   25.955804900  -56.972699144  -18.691373425
   -2.945243113    2.094395102   16.158770740  -41.854870345  -18.477101243
   -2.748893572    2.094395102    9.746886994  -23.457081418  -16.869245634
   -2.552544031    2.094395102    6.765661989   -7.889530815  -14.067224047
   -2.356194490    2.094395102    6.152314771    0.160907966  -10.413587662
   -2.159844949    2.094395102    6.268058656   -0.224757031   -6.272411394
   -1.963495408    2.094395102    5.729289885   -5.634436501   -1.976273752
   -1.767145868    2.094395102    4.118860857  -10.090693114    2.154579209
   -1.570796327    2.094395102    2.187179240   -8.233615030    5.796013520
   -1.374446786    2.094395102    1.439026036    1.927155429    8.668875330
   -1.178097245    2.094395102    3.352948623   18.191003559   10.639542716
   -0.981747704    2.094395102    8.663082815   35.581697981   11.785064928
   -0.785398163    2.094395102   17.054378493   48.747828143   12.356000284
   -0.589048623    2.094395102   27.308363961   54.149973047   12.642618143
   -0.392699082    2.094395102   37.758634574   50.774297462   12.844034205
   -0.196349541    2.094395102   46.770599789   39.903396150   12.972631331
    0.000000000    2.094395102   53.132641742   24.371292502   12.853346219
    0.196349541    2.094395102   56.295900996    8.022412096   12.166933649
    0.392699082    2.094395102   56.509861197   -5.022109426   10.581602772
    0.589048623    2.094395102   54.782425916  -11.284799384    7.935196266
    0.785398163    2.094395102   52.643608286   -9.179925670    4.395365324
    0.981747704    2.094395102   51.674528347    0.187405021    0.482558988
    1.178097245    2.094395102   52.969282480   13.111460942   -3.103361085
    1.374446786    2.094395102   56.728752232   24.420633378   -5.784933117
    1.570796327    2.094395102   62.150614974   29.420139933   -7.369959232
    1.767145868    2.094395102   67.690916363   25.401611931   -8.118827515
    1.963495408    2.094395102   71.543401660   12.480469418   -8.602451061
    2.159844949    2.094395102   72.173610395   -6.822451572   -9.419325259
    2.356194490    2.094395102   68.712447688  -28.438994554  -10.928670213
    2.552544031    2.094395102   61.155765017  -47.773320505  -13.095723553
    2.748893572    2.094395102   50.379116469  -60.602409849  -15.516985155
    2.945243113    2.094395102   37.984176542  -63.935394892  -17.579710412

   -3.141592654    2.443460953   19.770328136  -58.314433037  -12.586617495
   -2.945243113    2.443460953    9.918352086  -41.044606639  -11.873320247
   -2.748893572    2.443460953    3.882217339  -20.481122761  -10.086722592
   -2.552544031    2.443460953    1.674125098   -3.067214244   -7.337050955
   -2.356194490    2.443460953    2.151831518    6.366896461   -3.822286654
   -2.159844949    2.443460953    3.582827509    6.884363546    0.246419170
   -1.963495408    2.443460953    4.488290868    1.878729395    4.643532791
   -1.767145868    2.443460953    4.347475164   -2.735881660    9.064635829
   -1.570796327    2.443460953    3.794921501   -1.641492369   13.095055313
   -1.374446786    2.443460953    4.223222346    7.248675781   16.283384113
   -1.178097245    2.443460953    7.034386307   21.989790416   18.299921532
   -0.981747704    2.443460953   12.943915234   37.915203626   19.062726504
   -0.785398163    2.443460953   21.670271232   49.866504241   18.738301632
   -0.589048623    2.443460953   32.047003934   54.306688863   17.611895563
   -0.392699082    2.443460953   42.442611131   50.044685061   15.936608578
   -0.196349541    2.443460953   51.212960608   38.124029533   13.818330900
    0.000000000    2.443460953   57.093999186   21.181918232   11.210674021
    0.196349541    2.443460953   59.462920864    3.077146086    7.979087251
    0.392699082    2.443460953   58.527096312  -11.749345345    4.047275055
    0.589048623    2.443460953   55.344457644  -19.227613237   -0.431068413
    0.785398163    2.443460953   51.619051743  -17.158895137   -4.983058953
    0.981747704    2.443460953   49.197438384   -6.391098343   -8.907812913
    1.178097245    2.443460953   49.433324857    9.036227684  -11.544006521
    1.374446786    2.443460953   52.668259908   23.118481476  -12.579381747
    1.570796327    2.443460953   58.058428017   30.224657999  -12.204367781
    1.767145868    2.443460953   63.859282100   27.015840382  -11.022340499
    1.963495408    2.443460953   67.992990016   13.529883884   -9.786003118
    2.159844949    2.443460953   68.690418328   -7.287133754   -9.104490203
    2.356194490    2.443460953   64.963308157  -30.655567605   -9.252505178
    2.552544031    2.443460953   56.833086367  -51.266455610  -10.123379630
    2.748893572    2.443460953   45.321248928  -64.410194630  -11.316632781
    2.945243113    2.443460953   32.238347964  -66.958045820  -12.299758975

   -3.141592654    2.792526803   16.796447346  -58.159514654    0.219390101
   -2.945243113    2.792526803    7.101164734  -39.576891959    1.970300082
   -2.748893572    2.792526803    1.495723763  -17.566643188    3.955347718
   -2.552544031    2.792526803    0.000000000    1.252341791    6.132997800
   -2.356194490    2.792526803    1.452845489   11.945256973    8.575037186
   -2.159844949    2.792526803    4.084662413   13.486815841   11.435190611
   -1.963495408    2.792526803    6.356874832    9.114479782   14.802650153
   -1.767145868    2.792526803    7.650635716    4.519160781   18.518874996
   -1.570796327    2.792526803    8.460268457    4.839468836   22.108794381
   -1.374446786    2.792526803   10.020560994   12.185293477   24.907170329
   -1.178097245    2.792526803   13.604887345   24.875383952   26.326602418
   -0.981747704    2.792526803   19.866869867   38.628988128   26.093179365
   -0.785398163    2.792526803   28.533411150   48.582401576   24.310725288
   -0.589048623    2.792526803   38.484183654   51.290953230   21.334851782
   -0.392699082    2.792526803   48.133358611   45.468341627   17.571611272
   -0.196349541    2.792526803   55.856103957   32.026817160   13.309433996
    0.000000000    2.792526803   60.390088791   13.567511918    8.673223768
    0.196349541    2.792526803   61.127338787   -5.869359695    3.693594585
    0.392699082    2.792526803   58.348978255  -21.426379020   -1.533388172
    0.589048623    2.792526803   53.281077531  -28.528376678   -6.681877962
    0.785398163    2.792526803   47.881163039  -24.670585522  -11.159222513
    0.981747704    2.792526803   44.264741772  -10.879777033  -14.269406850
    1.178097245    2.792526803   43.965197031    8.085280903  -15.521950434
    1.374446786    2.792526803   47.329893525   25.242368097  -14.900596963
    1.570796327    2.792526803   53.340541830   34.176818980  -12.890375241
    1.767145868    2.792526803   59.971563263   31.281810400  -10.258296554
    1.963495408    2.792526803   64.867536688   16.872861889   -7.721774603
    2.159844949    2.792526803   66.073124094   -5.499842508   -5.708607575
    2.356194490    2.792526803   62.540208188  -30.414747400   -4.289891441
    2.552544031    2.792526803   54.342175288  -52.089090529   -3.267980127
    2.748893572    2.792526803   42.621971330  -65.583264359   -2.333589851
    2.945243113    2.792526803   29.334703330  -67.757491068   -1.217176162
