#! FIELDS phi psi file.free der_phi der_psi
#! SET min_phi -pi
#! SET max_phi pi
#! SET nbins_phi  32
#! SET periodic_phi true
#! SET min_psi -pi
#! SET max_psi pi
#! SET nbins_psi  18
#! SET periodic_psi true
   -3.141592654   -3.141592654   18.651651960  -54.445943751   17.213839140
   -2.945243113   -3.141592654    9.725893725  -35.698810827   19.740337980
   -2.748893572   -3.141592654    4.802912936  -14.682180496   21.289289208
   -2.552544031   -3.141592654    3.732144761    2.689438062   22.047366126
   -2.356194490   -3.141592654    5.369485730   12.553614810   22.527519887
   -2.159844949   -3.141592654    8.149733075   14.624294319   23.384752974
   -1.963495408   -3.141592654   10.808283931   12.055993455   25.114015923
   -1.767145868   -3.141592654   12.903188097    9.709977638   27.763108814
   -1.570796327   -3.141592654   14.909014586   11.637121446   30.836975320
   -1.374446786   -3.141592654   17.853543921   19.226468924   33.469659701
   -1.178097245   -3.141592654   22.725219355   30.718103198   34.773047662
   -0.981747704   -3.141592654   29.932823422   42.286362282   34.165207965
   -0.785398163   -3.141592654   39.064338595   49.605666574   31.511115568
   -0.589048623   -3.141592654   48.942920856   49.493052609   27.060154881
   -0.392699082   -3.141592654   57.942302233   40.578852726   21.274584602
   -0.196349541   -3.141592654   64.367150336   23.612817666   14.674075583
    0.000000000   -3.141592654   66.878646949    1.365567436    7.751307800
    0.196349541   -3.141592654   64.878635851  -21.399620440    0.970820307
    0.392699082   -3.141592654   58.847982285  -38.666991553   -5.194125864
    0.589048623   -3.141592654   50.441948626  -44.786846141  -10.232219369
    0.785398163   -3.141592654   42.200596753  -36.879880777  -13.655424286
    0.981747704   -3.141592654   36.788567460  -16.688039499  -15.149163116
    1.178097245   -3.141592654   36.049032433    9.350634025  -14.739296963
    1.374446786   -3.141592654   40.267025591   32.303961393  -12.833714291
    1.570796327   -3.141592654   48.019884154   44.335158013  -10.054831873
    1.767145868   -3.141592654   56.698472971   41.498837446   -6.969285642
    1.963495408   -3.141592654   63.406924893   24.828922855   -3.865724087
    2.159844949   -3.141592654   65.863831924   -0.742666168   -0.736844924
    2.356194490   -3.141592654   62.982012244  -28.362692686    2.580218564
    2.552544031   -3.141592654   55.037857488  -51.279126998    6.201432457
    2.748893572   -3.141592654   43.492101090  -64.396389107   10.056088882
    2.945243113   -3.141592654   30.563663099  -65.237320522   13.862596803

   -3.141592654   -2.792526803   26.517762780  -49.456392129   25.206253574
   -2.945243113   -2.792526803   18.357787488  -32.936649114   27.658735277
   -2.748893572   -2.792526803   13.763000642  -14.027752719   28.771737430
   -2.552544031   -2.792526803   12.673535612    2.029394269   28.854374047
   -2.356194490   -2.792526803   14.154925627   11.856987421   28.551350170
   -2.159844949   -2.792526803   16.904275361   15.194027558   28.604047232
   -1.963495408   -2.792526803   19.866977760   14.634672986   29.518739369
   -1.767145868   -2.792526803   22.654329939   14.054426615   31.289835059
   -1.570796327   -2.792526803   25.590670553   16.498917668   33.340716160
   -1.374446786   -2.792526803   29.392567066   22.785722937   34.738696847
   -1.178097245   -2.792526803   34.689396016   31.253224262   34.573354025
   -0.981747704   -2.792526803   41.611133727   38.745995889   32.304754787
   -0.785398163   -2.792526803   49.629338358   41.871453505   27.913758592
   -0.589048623   -2.792526803   57.630440356   38.291666942   21.839741688
   -0.392699082   -2.792526803   64.192610699   27.212376560   14.776127743
   -0.196349541   -2.792526803   67.905743950    9.625390087    7.465903109
    0.000000000   -2.792526803   67.733712871  -11.742744660    0.549633091
    0.196349541   -2.792526803   63.350642961  -32.383261853   -5.476993386
    0.392699082   -2.792526803   55.447542061  -46.636396526  -10.244945452
    0.589048623   -2.792526803   45.815628219  -49.256335346  -13.470747258
    0.785398163   -2.792526803   37.046796055  -37.810170885  -14.973529095
    0.981747704   -2.792526803   31.764893456  -14.537533182  -14.747043083
    1.178097245   -2.792526803   31.677646815   13.678990896  -13.037775171
    1.374446786   -2.792526803   36.869293872   37.731003753  -10.316771267
    1.570796327   -2.792526803   45.720531008   49.995677720   -7.101413541
    1.767145868   -2.792526803   55.500706080   47.059746572   -3.741955913
    1.963495408   -2.792526803   63.303353958   30.480885467   -0.292594276
    2.159844949   -2.792526803   66.914268235    5.430172874    3.412139973
    2.356194490   -2.792526803   65.321012280  -21.401782689    7.563164160
    2.552544031   -2.792526803   58.812675243  -43.688619135   12.172687841
    2.748893572   -2.792526803   48.772404992  -56.793076401   16.982152038
    2.945243113   -2.792526803   37.266678692  -58.513544970   21.509761642

   -3.141592654   -2.443460953   34.732747288  -44.634400133   22.119617183
   -2.945243113   -2.443460953   27.320757330  -30.161451814   24.092894066
   -2.748893572   -2.443460953   23.083634636  -13.076762374   24.974803208
   -2.552544031   -2.443460953   22.059875842    1.911108265   25.024304492
   -2.356194490   -2.443460953   23.497960046   11.710662037   24.711430470
   -2.159844949   -2.443460953   26.292025376   15.903959912   24.537384416
   -1.963495408   -2.443460953   29.506021881   16.458527285   24.801744753
   -1.767145868   -2.443460953   32.717968579   16.385769235   25.423595969
   -1.570796327   -2.443460953   36.057927252   18.027867813   25.926024181
   -1.374446786   -2.443460953   39.956194455   22.009246606   25.617456483
   -1.178097245   -2.443460953   44.778284030   27.082260401   23.881057487
   -0.981747704   -2.443460953   50.517725021   30.915610106   20.433090629
   -0.785398163   -2.443460953   56.683888241   31.017339448   15.424103769
   -0.589048623   -2.443460953   62.357920078   25.698580722    9.374575590
   -0.392699082   -2.443460953   66.402401138   14.430636467    2.984230716
   -0.196349541   -2.443460953   67.704647575   -1.937944042   -3.058365761
    0.000000000   -2.443460953   65.467534959  -21.085244260   -8.238015645
    0.196349541   -2.443460953   59.512621579  -39.003712545  -12.258712173
    0.392699082   -2.443460953   50.586427701  -50.440344531  -15.013493807
    0.589048623   -2.443460953   40.472979980  -50.389498137  -16.495946606
    0.785398163   -2.443460953   31.721767387  -36.545213905  -16.737899322
    0.981747704   -2.443460953   26.890079117  -11.288924065  -15.803877467
    1.178097245   -2.443460953   27.587400798   18.319827768  -13.846759128
    1.374446786   -2.443460953   33.770980521   43.096318395  -11.130765465
    1.570796327   -2.443460953   43.700943670   55.557380053   -7.963132058
    1.767145868   -2.443460953   54.575929154   52.660035107   -4.577864351
    1.963495408   -2.443460953   63.496664481   36.322762554   -1.041048710
    2.159844949   -2.443460953   68.307509905   11.857501882    2.708899790
    2.356194490   -2.443460953   68.050002050  -14.234756000    6.742832145
    2.552544031   -2.443460953   63.005803490  -36.027135441   11.001090987
    2.748893572   -2.443460953   54.469013816  -49.278964818   15.240769292
    2.945243113   -2.443460953   44.356678667  -51.982686431   19.079487018

   -3.141592654   -2.094395102   40.838681060  -40.575452908   12.895834437
   -2.945243113   -2.094395102   34.083884733  -27.551564203   14.076770997
   -2.748893572   -2.094395102   30.219122283  -11.858637309   14.727510611
   -2.552544031   -2.094395102   29.324757217    2.091649510   14.981325713
   -2.356194490   -2.094395102   30.739264994   11.378137522   14.995267130
   -2.159844949   -2.094395102   33.454684244   15.480345224   14.877841730
   -1.963495408   -2.094395102   36.582694514   15.967243289   14.612241105
   -1.767145868   -2.094395102   39.653500042   15.314697054   14.023807184
   -1.570796327   -2.094395102   42.655011619   15.494857580   12.826703412
   -1.374446786   -2.094395102   45.841283500   17.185462284   10.746913697
   -1.178097245   -2.094395102   49.459234969   19.657016337    7.658345776
   -0.981747704   -2.094395102   53.515532214   21.342256493    3.669055218
   -0.785398163   -2.094395102   57.678827023   20.423784791   -0.888458345
   -0.589048623   -2.094395102   61.287908989   15.498267074   -5.537461320
   -0.392699082   -2.094395102   63.473235158    5.879226737   -9.788021755
   -0.196349541   -2.094395102   63.323386227   -8.101979634  -13.245834532
    0.000000000   -2.094395102   60.125196792  -24.734293909  -15.719425346
    0.196349541   -2.094395102   53.672914841  -40.506742668  -17.234079782
    0.392699082   -2.094395102   44.614678059  -50.374024442  -17.974704911
    0.589048623   -2.094395102   34.626421083  -49.238853934  -18.146461535
    0.785398163   -2.094395102   26.186400014  -34.536455840  -17.844843181
    0.981747704   -2.094395102   21.829966874   -8.446293711  -17.012232693
    1.178097245   -2.094395102   23.167106431   21.990560413  -15.526538498
    1.374446786   -2.094395102   30.144003878   47.479167813  -13.334755925
    1.570796327   -2.094395102   40.987481950   60.438242286  -10.527145253
    1.767145868   -2.094395102   52.855629304   57.872776132   -7.308333684
    1.963495408   -2.094395102   62.828548476   41.824130456   -3.895034563
    2.159844949   -2.094395102   68.752218954   17.693340348   -0.460734359
    2.356194490   -2.094395102   69.674223724   -8.079701352    2.875485833
    2.552544031   -2.094395102   65.856778513  -29.743238107    6.002112706
    2.748893572   -2.094395102   58.536303678  -43.257387896    8.795809611
    2.945243113   -2.094395102   49.540576900  -46.719191227   11.126116982

   -3.141592654   -1.745329252   43.389155061  -38.090002698    4.661286377
   -2.945243113   -1.745329252   37.066167189  -25.674088995    5.176023783
   -2.748893572   -1.745329252   33.497485784  -10.746061806    5.534770119
   -2.552544031   -1.745329252   32.736885458    2.328334135    5.689284333
   -2.356194490   -1.745329252   34.108399841   10.698025519    5.501767682
   -2.159844949   -1.745329252   36.597195862   13.839177588    4.788467328
   -1.963495408   -1.745329252   39.299038408   13.238627895    3.375124370
   -1.767145868   -1.745329252   41.710168006   11.287700447    1.161749818
   -1.570796327   -1.745329252   43.778713405   10.005677292   -1.822477810
   -1.374446786   -1.745329252   45.746728721   10.307680187   -5.390015192
   -1.178097245   -1.745329252   47.910893634   11.837633553   -9.213642839
   -0.981747704   -1.745329252   50.402355518   13.380791434  -12.889649258
   -0.785398163   -1.745329252   53.068412491   13.304730786  -16.025456520
   -0.589048623   -1.745329252   55.437910342   10.119881219  -18.314867011
   -0.392699082   -1.745329252   56.788011098    2.815909456  -19.600605541
   -0.196349541   -1.745329252   56.272804545   -8.794905125  -19.896221923
    0.000000000   -1.745329252   53.136095573  -23.534596935  -19.414679707
    0.196349541   -1.745329252   47.035812743  -38.280846205  -18.520175871
    0.392699082   -1.745329252   38.437906153  -48.043779316  -17.622305146
    0.589048623   -1.745329252   28.865101567  -47.389093453  -17.001822059
    0.785398163   -1.745329252   20.736015071  -33.167982311  -16.666203219
    0.981747704   -1.745329252   16.639088002   -7.063815397  -16.331638555
    1.178097245   -1.745329252   18.302171562   24.022927320  -15.579846904
    1.374446786   -1.745329252   25.777278187   50.548047944  -14.090340337
    1.570796327   -1.745329252   37.325397647   64.495243862  -11.808122595
    1.767145868   -1.745329252   50.058541046   62.542517978   -8.953473277
    1.963495408   -1.745329252   60.969902526   46.628261599   -5.891836123
    2.159844949   -1.745329252   67.819565249   22.269878005   -2.987548229
    2.356194490   -1.745329252   69.602271545   -3.913301156   -0.491500385
    2.552544031   -1.745329252   66.560461381  -26.010363794    1.478419800
    2.748893572   -1.745329252   59.933614601  -39.922022259    2.929225795
    2.945243113   -1.745329252   51.555238406  -43.771539749    3.948228755

   -3.141592654   -1.396263402   41.827649875  -38.523538441    2.710997231
   -2.945243113   -1.396263402   35.453836518  -25.746791077    2.561164603
   -2.748893572   -1.396263402   31.903349015  -10.535712309    2.326614588
   -2.552544031   -1.396263402   31.178914179    2.385154449    1.900383839
   -2.356194490   -1.396263402   32.494256632    9.947270528    1.037546765
   -2.159844949   -1.396263402   34.700743039   11.613456529   -0.555514886
   -1.963495408   -1.396263402   36.782194694    9.105892944   -3.091166711
   -1.767145868   -1.396263402   38.191354907    5.262415347   -6.566532636
   -1.570796327   -1.396263402   38.933518586    2.661025786  -10.699304831
   -1.374446786   -1.396263402   39.413246539    2.697870416  -14.972103936
   -1.178097245   -1.396263402   40.161793795    5.242333275  -18.773370083
   -0.981747704   -1.396263402   41.554741301    8.950350691  -21.571108850
   -0.785398163   -1.396263402   43.625996200   11.747378394  -23.042852309
   -0.589048623   -1.396263402   45.985250200   11.533075201  -23.115004111
   -0.392699082   -1.396263402   47.867917530    6.702492021  -21.949091335
   -0.196349541   -1.396263402   48.281152261   -3.421967882  -19.882726266
    0.000000000   -1.396263402   46.243278155  -17.937652884  -17.390996820
    0.196349541   -1.396263402   41.158279338  -33.731763214  -14.991130803
    0.392699082   -1.396263402   33.270523330  -45.462800998  -13.115834754
    0.589048623   -1.396263402   23.986356913  -46.997150927  -11.963586729
    0.785398163   -1.396263402   15.764702118  -34.337071186  -11.415311165
    0.981747704   -1.396263402   11.385399517   -8.542267150  -11.082721857
    1.178097245   -1.396263402   12.840084676   23.569567743  -10.498924753
    1.374446786   -1.396263402   20.402287717   51.953023142   -9.335171190
    1.570796327   -1.396263402   32.417982084   67.776045768   -7.535410772
    1.767145868   -1.396263402   45.926651841   66.992617578   -5.303236748
    1.963495408   -1.396263402   57.741515976   51.192410323   -2.971972171
    2.159844949   -1.396263402   65.418764902   26.001444088   -0.868234135
    2.356194490   -1.396263402   67.804790855   -1.553636179    0.790414203
    2.552544031   -1.396263402   65.085642872  -25.050249201    1.912388184
    2.748893572   -1.396263402   58.538208577  -39.985430676    2.526079067
    2.945243113   -1.396263402   50.093376461  -44.283194156    2.741661837

   -3.141592654   -1.047197551   39.120930651  -41.337352492    4.552669786
   -2.945243113   -1.047197551   32.250338314  -27.936546941    3.439222634
   -2.748893572   -1.047197551   28.346884260  -11.961847144    2.097171110
   -2.552544031   -1.047197551   27.390778382    1.342485376    0.519042422
   -2.356194490   -1.047197551   28.476720057    8.500331999   -1.451602198
   -2.159844949   -1.047197551   30.286775640    8.895045581   -4.058774728
   -1.963495408   -1.047197551   31.664628189    4.630728664   -7.481634984
   -1.767145868   -1.047197551   32.035527350   -0.728945299  -11.647417606
   -1.570796327   -1.047197551   31.529794727   -3.839992758  -16.134779960
   -1.374446786   -1.047197551   30.800264961   -2.867930062  -20.246906075
   -1.178097245   -1.047197551   30.662020280    1.966679962  -23.236739588
   -0.981747704   -1.047197551   31.707866440    8.761502904  -24.569251582
   -0.785398163   -1.047197551   34.054414182   14.684400143  -24.087153388
   -0.589048623   -1.047197551   37.249647003   16.951517479  -22.016835537
   -0.392699082   -1.047197551   40.353082640   13.511262838  -18.868025707
   -0.196349541   -1.047197551   42.134117233    3.476375652  -15.268250261
    0.000000000   -1.047197551   41.356236229  -12.195008177  -11.818591628
    0.196349541   -1.047197551   37.205904129  -30.066457352   -8.947738184
    0.392699082   -1.047197551   29.801339460  -44.200820669   -6.826403497
    0.589048623   -1.047197551   20.557522502  -47.721627014   -5.364473976
    0.785398163   -1.047197551   12.081476621  -35.999706161   -4.304137492
    0.981747704   -1.047197551    7.390773851   -9.853695764   -3.359393802
    1.178097245   -1.047197551    8.711779775   23.635921447   -2.335067107
    1.374446786   -1.047197551   16.460368427   53.777109035   -1.159518968
    1.570796327   -1.047197551   28.984208745   71.008918078    0.141683067
    1.767145868   -1.047197551   43.198873855   70.779657162    1.496851156
    1.963495408   -1.047197551   55.730302552   54.539951970    2.819631414
    2.159844949   -1.047197551   63.954697137   28.123260670    4.011163288
    2.356194490   -1.047197551   66.601024756   -1.056297861    4.961980111
    2.552544031   -1.047197551   63.818927048  -26.149539760    5.553144713
    2.748893572   -1.047197551   56.927509703  -42.299201298    5.690321142
    2.945243113   -1.047197551   47.958642761  -47.189651334    5.339776148

   -3.141592654   -0.698131701   39.229937646  -44.721667007    4.173150723
   -2.945243113   -0.698131701   31.664702254  -31.567911869    1.734742236
   -2.748893572   -0.698131701   27.044685038  -15.612261540   -0.924678713
   -2.552544031   -0.698131701   25.365127140   -2.422643958   -3.642283948
   -2.356194490   -0.698131701   25.668962338    4.216798794   -6.448680106
   -2.159844949   -0.698131701   26.548084330    3.638963964   -9.532236908
   -1.963495408   -0.698131701   26.786601816   -1.679543361  -13.045877555
   -1.767145868   -0.698131701   25.857848701   -7.493898198  -16.858356609
   -1.570796327   -0.698131701   24.077228646   -9.817341441  -20.443228613
   -1.374446786   -0.698131701   22.370766247   -6.613193850  -23.018327838
   -1.178097245   -0.698131701   21.807081017    1.492809804  -23.882832837
   -0.981747704   -0.698131701   23.104783600   11.755734436  -22.746133202
   -0.785398163   -0.698131701   26.328984148   20.453349598  -19.858252618
   -0.589048623   -0.698131701   30.825717159   24.191554444  -15.883113196
   -0.392699082   -0.698131701   35.373497290   20.743758563  -11.634421024
   -0.196349541   -0.698131701   38.467801579    9.444278595   -7.791785054
    0.000000000   -0.698131701   38.673886091   -8.207093930   -4.719269146
    0.196349541   -0.698131701   35.105438797  -28.070754325   -2.400333301
    0.392699082   -0.698131701   27.944939128  -43.565660993   -0.528322931
    0.589048623   -0.698131701   18.771682675  -47.476672552    1.274831884
    0.785398163   -0.698131701   10.380405600  -35.274633022    3.214502095
    0.981747704   -0.698131701    5.919970162   -8.219389068    5.202749856
    1.178097245   -0.698131701    7.649262375   26.103291374    6.939584655
    1.374446786   -0.698131701   15.933375867   56.678967272    8.142256623
    1.570796327   -0.698131701   29.031962468   73.886993152    8.730760933
    1.767145868   -0.698131701   43.779993619   73.284842089    8.857492363
    1.963495408   -0.698131701   56.748347995   56.452534194    8.775982355
    2.159844949   -0.698131701   65.277496960   29.291942605    8.668796020
    2.356194490   -0.698131701   68.068143847   -0.778770922    8.543070168
    2.552544031   -0.698131701   65.241461790  -26.895714376    8.231801828
    2.748893572   -0.698131701   58.097898393  -44.115098886    7.493696032
    2.945243113   -0.698131701   48.676504029  -49.945945333    6.146602952

   -3.141592654   -0.349065850   40.316887405  -49.856109953    3.114895172
   -2.945243113   -0.349065850   31.670887025  -37.322913927   -0.236223825
   -2.748893572   -0.349065850   25.911608959  -21.366220351   -3.683500183
   -2.552544031   -0.349065850   23.132369134   -7.850560028   -6.950897469
   -2.356194490   -0.349065850   22.395818812   -0.999375259   -9.984733322
   -2.159844949   -0.349065850   22.243802915   -1.694076285  -12.929247749
   -1.963495408   -0.349065850   21.414935069   -7.175566445  -15.907389889
   -1.767145868   -0.349065850   19.436130426  -12.524723703  -18.747449884
   -1.570796327   -0.349065850   16.812303132  -13.137014109  -20.887398974
   -1.374446786   -0.349065850   14.731193448   -6.926785251  -21.579022588
   -1.178097245   -0.349065850   14.459552174    4.799620649  -20.299416398
   -0.981747704   -0.349065850   16.730546211   18.188888645  -17.092660095
   -0.785398163   -0.349065850   21.410808239   28.558621866  -12.617526051
   -0.589048623   -0.349065850   27.512720078   32.136221642   -7.869336188
   -0.392699082   -0.349065850   33.475023890   27.008042029   -3.763123525
   -0.196349541   -0.349065850   37.568455481   13.314427709   -0.782672101
    0.000000000   -0.349065850   38.314070485   -6.464845699    1.161499814
    0.196349541   -0.349065850   34.961209047  -27.399094182    2.633345699
    0.392699082   -0.349065850   27.938324559  -42.625717159    4.361736736
    0.589048623   -0.349065850   19.062121501  -45.296363621    6.829980905
    0.785398163   -0.349065850   11.239794642  -31.727748766    9.974172239
    0.981747704   -0.349065850    7.557364327   -4.026259142   13.183520682
    1.178097245   -0.349065850   10.085035899   29.857728807   15.635266594
    1.374446786   -0.349065850   18.991796339   59.175110793   16.758143114
    1.570796327   -0.349065850   32.436944300   74.948895916   16.509289233
    1.767145868   -0.349065850   47.281568677   73.302028972   15.321332803
    1.963495408   -0.349065850   60.198338226   55.997316854   13.791131885
    2.159844949   -0.349065850   68.623175005   28.710914153   12.355239722
    2.356194490   -0.349065850   71.284159472   -1.564925809   11.114399094
    2.552544031   -0.349065850   68.248992650  -28.318262995    9.861662349
    2.748893572   -0.349065850   60.721385885  -46.676728123    8.252703340
    2.945243113   -0.349065850   50.661979853  -53.892322607    6.017228363

   -3.141592654    0.000000000   41.081573846  -55.998163712    1.180442748
   -2.945243113    0.000000000   31.175157869  -43.873806405   -2.212228729
   -2.748893572    0.000000000   24.149476454  -27.600572907   -5.480575052
   -2.552544031    0.000000000   20.214910259  -13.349006480   -8.359997550
   -2.356194490    0.000000000   18.470538990   -5.799013263  -10.816005926
   -2.159844949    0.000000000   17.423937921   -6.036480509  -12.999587516
   -1.963495408    0.000000000   15.786060720  -11.016840862  -15.018020295
   -1.767145868    0.000000000   13.150930973  -15.203759333  -16.684387661
   -1.570796327    0.000000000   10.205368000  -13.535320381  -17.472650941
   -1.374446786    0.000000000    8.351597976   -4.111317194  -16.769747059
   -1.178097245    0.000000000    8.961603797   10.875759131  -14.285870555
   -0.981747704    0.000000000   12.663209974   26.415610270  -10.328865326
   -0.785398163    0.000000000   19.018013474   37.049256384   -5.743420401
   -0.589048623    0.000000000   26.655362694   39.018446879   -1.538974238
   -0.392699082    0.000000000   33.713327323   31.195102024    1.566209915
   -0.196349541    0.000000000   38.364343746   14.924618706    3.442939819
    0.000000000    0.000000000   39.268086971   -6.191134063    4.581591438
    0.196349541    0.000000000   35.985761040  -26.649530030    5.840434895
    0.392699082    0.000000000   29.288821421  -39.875559520    8.018676626
    0.589048623    0.000000000   21.196660183  -40.112159595   11.413015707
    0.785398163    0.000000000   14.563711267  -25.070601709   15.595317192
    0.981747704    0.000000000   12.183044650    2.223420260   19.561279464
    1.178097245    0.000000000   15.745253351   33.900492463   22.219630086
    1.374446786    0.000000000   25.151579498   60.191539283   22.927185593
    1.570796327    0.000000000   38.524264954   73.357616254   21.748957152
    1.767145868    0.000000000   52.895314808   70.296094871   19.323718075
    1.963495408    0.000000000   65.184990469   52.785050253   16.463037938
    2.159844949    0.000000000   73.016022347   25.917687197   13.771867087
    2.356194490    0.000000000   75.165785219   -4.049120217   11.447246958
    2.552544031    0.000000000   71.624647338  -31.108181085    9.318481852
    2.748893572    0.000000000   63.462435879  -50.447134544    7.042209498
    2.945243113    0.000000000   52.536296038  -58.964106068    4.341634370

   -3.141592654    0.349065850   42.664110968  -60.515476198    0.730289349
   -2.945243113    0.349065850   31.833074757  -48.682657375   -1.516077000
   -2.748893572    0.349065850   23.870765274  -32.250205691   -3.535739102
   -2.552544031    0.349065850   19.065498162  -17.532991824   -5.236344169
   -2.356194490    0.349065850   16.549668390   -9.474831597   -6.668280779
   -2.159844949    0.349065850   14.826776169   -9.239368168   -7.958414664
   -1.963495408    0.349065850   12.620960704  -13.524003244   -9.136419506
   -1.767145868    0.349065850    9.611337966  -16.372331009   -9.990064372
   -1.570796327    0.349065850    6.635633158  -12.547840852  -10.100189512
   -1.374446786    0.349065850    5.228460956   -0.541593314   -9.082097483
   -1.178097245    0.349065850    6.764324088   16.580415528   -6.880674410
   -0.981747704    0.349065850   11.691754899   32.924106162   -3.896712984
   -0.785398163    0.349065850   19.265614803   42.692702384   -0.833359016
   -0.589048623    0.349065850   27.818657657   42.572424818    1.655216220
   -0.392699082    0.349065850   35.343312610   32.456020090    3.304969747
   -0.196349541    0.349065850   40.086504076   14.839490767    4.376290638
    0.000000000    0.349065850   40.978990734   -5.906721161    5.551111337
    0.196349541    0.349065850   37.936736728  -24.237043411    7.610440004
    0.392699082    0.349065850   32.011470959  -34.376010320   11.035777441
    0.589048623    0.349065850   25.280226290  -31.951142201   15.682739386
    0.785398163    0.349065850   20.372811290  -16.047937282   20.720869732
    0.981747704    0.349065850   19.649604186    9.674459890   24.915446054
    1.178097245    0.349065850   24.350852379   37.809860167   27.162360192
    1.374446786    0.349065850   34.109272799   59.887339213   26.969495725
    1.570796327    0.349065850   47.059463648   69.587917364   24.620393335
    1.767145868    0.349065850   60.478400286   64.665979839   20.951154447
    1.963495408    0.349065850   71.617909973   46.941823815   16.915264402
    2.159844949    0.349065850   78.372517982   20.902155092   13.216662974
    2.356194490    0.349065850   79.643455441   -8.011407702   10.133969426
    2.552544031    0.349065850   75.396224008  -34.443031519    7.581204085
    2.748893572    0.349065850   66.586153064  -53.823254678    5.293530592
    2.945243113    0.349065850   54.949735833  -62.874783103    3.033997140

   -3.141592654    0.698131701   44.480174168  -62.368048969    0.579842310
   -2.945243113    0.698131701   33.261712386  -50.760358993    0.191585813
   -2.748893572    0.698131701   24.870290452  -34.520743719    0.017398713
   -2.552544031    0.698131701   19.606606630  -19.909178865   -0.117712939
   -2.356194490    0.698131701   16.620748936  -11.859089723   -0.379651365
   -2.159844949    0.698131701   14.441656436  -11.457625056   -0.857027942
   -1.963495408    0.698131701   11.841918339  -15.248508948   -1.495603530
   -1.767145868    0.698131701    8.578483748  -17.155793937   -2.093227004
   -1.570796327    0.698131701    5.572706313  -12.033384367   -2.388422587
   -1.374446786    0.698131701    4.396955656    1.255978420   -2.209277978
   -1.178097245    0.698131701    6.373054621   19.141394615   -1.578522252
   -0.981747704    0.698131701   11.809497972   35.398494188   -0.692117881
   -0.785398163    0.698131701   19.796153147   44.331231278    0.228364058
   -0.589048623    0.698131701   28.566151387   43.174379977    1.112424434
   -0.392699082    0.698131701   36.146050116   32.566463705    2.144580878
   -0.196349541    0.698131701   40.954611069   15.619671898    3.716331034
    0.000000000    0.698131701   42.175844881   -3.134651528    6.280162778
    0.196349541    0.698131701   39.952236514  -18.590907986   10.115067828
    0.392699082    0.698131701   35.419082510  -25.963620851   15.107637454
    0.589048623    0.698131701   30.513298352  -22.082165384   20.630006321
    0.785398163    0.698131701   27.510958518   -6.917261875   25.635099645
    0.981747704    0.698131701   28.319117193   15.808638318   28.981446492
    1.178097245    0.698131701   33.805671668   39.547145762   29.878808219
    1.374446786    0.698131701   43.460383062   57.211283978   28.203141705
    1.570796327    0.698131701   55.544568209   63.728327302   24.508390919
    1.767145868    0.698131701   67.648901222   57.447107433   19.742562694
    1.963495408    0.698131701   77.379174123   40.043649488   14.851444998
    2.159844949    0.698131701   82.901187930   15.347731797   10.507211873
    2.356194490    0.698131701   83.240866651  -11.957234017    7.016006135
    2.552544031    0.698131701   78.354095518  -37.095748151    4.405122267
    2.748893572    0.698131701   69.104165820  -55.751659133    2.558289098
    2.945243113    0.698131701   57.115457257  -64.605281727    1.327131777

   -3.141592654    1.047197551   43.263849753  -62.713883061   -4.430432243
   -2.945243113    1.047197551   32.064717192  -50.250115825   -3.336434493
   -2.748893572    1.047197551   23.828316079  -33.511154937   -1.923875326
   -2.552544031    1.047197551   18.777350972  -18.816391033   -0.585696356
   -2.356194490    1.047197551   15.982948936  -11.045649242    0.411199159
   -2.159844949    1.047197551   13.918851454  -11.110210783    0.980963862
   -1.963495408    1.047197551   11.342480654  -15.337327032    1.185158692
   -1.767145868    1.047197551    8.032291886  -17.511390686    1.137314863
   -1.570796327    1.047197551    4.944346104  -12.498496463    0.915909452
   -1.374446786    1.047197551    3.670773658    0.715649022    0.544127202
   -1.178097245    1.047197551    5.529421038   18.470773940    0.055978554
   -0.981747704    1.047197551   10.822436559   34.627099816   -0.408830319
   -0.785398163    1.047197551   18.669950424   43.760746844   -0.555731438
   -0.589048623    1.047197551   27.398104956   43.450088088    0.009359257
   -0.392699082    1.047197551   35.184286722   34.531848920    1.664386886
   -0.196349541    1.047197551   40.609363828   20.035784644    4.626237713
    0.000000000    1.047197551   42.968595228    4.039139453    8.869417075
    0.196349541    1.047197551   42.395063680   -9.101608338   14.067189517
    0.392699082    1.047197551   39.852447380  -15.462622204   19.586012803
    0.589048623    1.047197551   36.951231972  -12.518853804   24.545081317
    0.785398163    1.047197551   35.564707185   -0.330418173   27.998152928
    0.981747704    1.047197551   37.250894818   18.018551572   29.209192302
    1.178097245    1.047197551   42.711996035   37.143672231   27.921262097
    1.374446786    1.047197551   51.511548439   51.138776570   24.451352112
    1.570796327    1.047197551   62.175055016   55.625203268   19.545042573
    1.767145868    1.047197551   72.626475218   48.951711069   14.079479654
    1.963495408    1.047197551   80.749739868   32.307252377    8.778550875
    2.159844949    1.047197551   84.874975474    8.896089527    4.107394258
    2.356194490    1.047197551   84.083511552  -17.035304002    0.306198438
    2.552544031    1.047197551   78.327691483  -40.885927032   -2.492052856
    2.748893572    1.047197551   68.452912560  -58.333513750   -4.203981090
    2.945243113    1.047197551   56.071461538  -66.024362159   -4.812352651

   -3.141592654    1.396263402   38.225567644  -60.888655990  -10.077704309
   -2.945243113    1.396263402   27.581269198  -46.556746716   -8.615811433
   -2.748893572    1.396263402   20.172372041  -28.950441244   -6.684628245
   -2.552544031    1.396263402   16.018327545  -14.388304131   -4.680562910
   -2.356194490    1.396263402   14.019893070   -7.447432977   -2.862211276
   -2.159844949    1.396263402   12.553148178   -8.646767019   -1.322355288
   -1.963495408    1.396263402   10.343827303  -14.062811449   -0.065023926
   -1.767145868    1.396263402    7.167808432  -17.423120409    0.884799587
   -1.570796327    1.396263402    3.980680644  -13.597085878    1.440329438
   -1.374446786    1.396263402    2.385321350   -1.419981276    1.527390950
   -1.178097245    1.396263402    3.763301656   15.828306009    1.227086164
   -0.981747704    1.396263402    8.566981348   32.474732955    0.863837323
   -0.785398163    1.396263402   16.142463523   43.341089239    0.958062509
   -0.589048623    1.396263402   25.049986179   45.836253657    2.036714150
   -0.392699082    1.396263402   33.625666402   40.199084452    4.429304489
   -0.196349541    1.396263402   40.466248278   28.667128279    8.120442845
    0.000000000    1.396263402   44.727124511   14.543218827   12.742829124
    0.196349541    1.396263402   46.267589799    1.621418096   17.635198273
    0.392699082    1.396263402   45.697324191   -6.410993425   21.969102789
    0.589048623    1.396263402   44.266433563   -6.833059855   24.913717948
    0.785398163    1.396263402   43.573620872    0.959199625   25.844321271
    0.981747704    1.396263402   45.069798055   14.879892515   24.534098300
    1.178097245    1.396263402   49.551339890   30.525790555   21.240418575
    1.374446786    1.396263402   56.831740786   42.539368563   16.606824522
    1.570796327    1.396263402   65.733108978   46.474911046   11.409290126
    1.767145868    1.396263402   74.413023641   40.146609931    6.292930002
    1.963495408    1.396263402   80.871520022   24.171465305    1.624560705
    2.159844949    1.396263402   83.468756472    1.473363391   -2.452058428
    2.356194490    1.396263402   81.300791532  -23.577329788   -5.870536111
    2.552544031    1.396263402   74.383324387  -46.069667153   -8.501723094
    2.748893572    1.396263402   63.677598155  -61.499587446  -10.153704168
    2.945243113    1.396263402   50.914823885  -66.684810523  -10.672373923

   -3.141592654    1.745329252   31.906695144  -59.249150216  -16.059264755
   -2.945243113    1.745329252   21.770966612  -43.128973798  -14.674366563
   -2.748893572    1.745329252   15.146107617  -24.537166945  -12.596457583
   -2.552544031    1.745329252   11.888099696   -9.798730163  -10.145762257
   -2.356194490    1.745329252   10.757291307   -3.278273180   -7.533884745
   -2.159844949    1.745329252   10.037487597   -5.253818826   -4.850609572
   -1.963495408    1.745329252    8.398947066  -11.679788758   -2.158193851
   -1.767145868    1.745329252    5.575564058  -16.246418221    0.394473063
   -1.570796327    1.745329252    2.493402622  -13.701411407    2.557491061
   -1.374446786    1.745329252    0.771443789   -2.522891028    4.104646851
   -1.178097245    1.745329252    1.897348330   14.530655237    5.021016000
   -0.981747704    1.745329252    6.526187750   32.203521177    5.597143836
   -0.785398163    1.745329252   14.251303857   45.300498564    6.343962853
   -0.589048623    1.745329252   23.825784079   50.715731845    7.748868440
   -0.392699082    1.745329252   33.640186754   47.825207219   10.039909173
   -0.196349541    1.745329252   42.168563460   37.998609293   13.050140605
    0.000000000    1.745329252   48.295844053   23.915904855   16.264594715
    0.196349541    1.745329252   51.527929260    9.177380637   18.955262137
    0.392699082    1.745329252   52.129617264   -2.244725232   20.392529005
    0.589048623    1.745329252   51.106836038   -6.900186713   20.063603769
    0.785398163    1.745329252   49.989285052   -3.182656134   17.853347900
    0.981747704    1.745329252   50.355829640    7.761608648   14.101367375
    1.178097245    1.745329252   53.277817136   22.032390629    9.487271769
    1.374446786    1.745329252   58.879997218   34.130910859    4.768515049
    1.570796327    1.745329252   66.212742990   38.971088016    0.493502675
    1.767145868    1.745329252   73.518220717   33.604958224   -3.145356363
    1.963495408    1.745329252   78.756481529   18.209404869   -6.269771429
    2.159844949    1.745329252   80.209508380   -4.245775084   -9.102562008
    2.356194490    1.745329252   76.944747162  -28.964598498  -11.747630284
    2.552544031    1.745329252   69.044392934  -50.566935551  -14.066366780
    2.748893572    1.745329252   57.604948197  -64.344072111  -15.742558689
    2.945243113    1.745329252   44.494179818  -67.315701847  -16.453734568

   -3.141592654    2.094395102   25.282147674  -58.363145461  -18.875412125
   -2.945243113    2.094395102   15.474555293  -40.736462642  -17.833873878
   -2.748893572    2.094395102    9.433291052  -21.069783640  -15.915713309
   -2.552544031    2.094395102    6.927052083   -5.672228343  -13.298685564
   -2.356194490    2.094395102    6.648893855    1.244287030  -10.134359144
   -2.159844949    2.094395102    6.843294746   -0.495081870   -6.534514870
   -1.963495408    2.094395102    6.145102372   -6.915499022   -2.635894730
   -1.767145868    2.094395102    4.227269028  -11.866248484    1.319197361
   -1.570796327    2.094395102    1.932084325  -10.128482591    4.985591534
   -1.374446786    2.094395102    0.816478429    0.087662196    8.032928492
   -1.178097245    2.094395102    2.384893230   16.519056082   10.312911325
   -0.981747704    2.094395102    7.404778096   34.338414522   11.940113955
   -0.785398163    2.094395102   15.631863008   48.381070211   13.217413983
   -0.589048623    2.094395102   25.939970568   55.110346753   14.431138540
   -0.392699082    2.094395102   36.724109989   53.179480197   15.665093083
   -0.196349541    2.094395102   46.318716152   43.291878224   16.709515834
    0.000000000    2.094395102   53.366133204   27.755009435   17.129325749
    0.196349541    2.094395102   57.099438200   10.255104696   16.411679065
    0.392699082    2.094395102   57.572921994   -4.691825436   14.185083347
    0.589048623    2.094395102   55.724043176  -12.766595761   10.422160885
    0.785398163    2.094395102   53.195454861  -11.449218809    5.543431268
    0.981747704    2.094395102   51.832484500   -1.295405996    0.330261840
    1.178097245    2.094395102   53.033348122   13.794298324   -4.348710002
    1.374446786    2.094395102   57.188717555   27.725615753   -7.881375309
    1.570796327    2.094395102   63.462376061   34.538309056  -10.138705963
    1.767145868    2.094395102   70.044760548   30.529654487  -11.456215417
    1.963495408    2.094395102   74.737604981   15.587222988  -12.408611651
    2.159844949    2.094395102   75.659957366   -7.097276391  -13.501981631
    2.356194490    2.094395102   71.796917371  -32.166381139  -14.948679542
    2.552544031    2.094395102   63.265877664  -53.673471299  -16.602482918
    2.748893572    2.094395102   51.284948671  -66.618201327  -18.075459028
    2.945243113    2.094395102   37.862741407  -68.127989690  -18.931479448

   -3.141592654    2.443460953   18.946148797  -58.123312300  -12.764343464
   -2.945243113    2.443460953    9.326161548  -39.082139201  -11.487755051
   -2.748893572    2.443460953    3.742663049  -18.097315320   -9.585990722
   -2.552544031    2.443460953    1.938465799   -1.520667752   -7.134239833
   -2.356194490    2.443460953    2.583805381    6.481186376   -4.160513901
   -2.159844949    2.443460953    3.906255905    5.731042761   -0.649262434
   -1.963495408    2.443460953    4.510110630    0.059078662    3.370635477
   -1.767145868    2.443460953    3.999173548   -4.609315028    7.708638652
   -1.570796327    2.443460953    3.106789072   -3.203781392   11.979005516
   -1.374446786    2.443460953    3.272831870    6.145558545   15.704047871
   -1.178097245    2.443460953    5.923054533   21.463073957   18.504318505
   -0.981747704    2.443460953   11.808737503   38.238659792   20.234965623
   -0.785398163    2.443460953   20.715360509   51.421740371   20.974821959
   -0.589048623    2.443460953   31.541235903   57.317569045   20.877213410
   -0.392699082    2.443460953   42.654472858   54.232319799   20.015224269
   -0.196349541    2.443460953   52.292148502   42.553364510   18.301420583
    0.000000000    2.443460953   58.957429266   24.486173097   15.547682887
    0.196349541    2.443460953   61.758753004    3.995653952   11.597322178
    0.392699082    2.443460953   60.718749835  -13.747093189    6.501058312
    0.589048623    2.443460953   56.896006286  -23.570873831    0.652682778
    0.785398163    2.443460953   52.212333352  -22.270948480   -5.211797203
    0.981747704    2.443460953   48.876997963  -10.275277255  -10.206071610
    1.178097245    2.443460953   48.607609960    7.937901604  -13.614880023
    1.374446786    2.443460953   51.947169659   25.216360901  -15.186618767
    1.570796327    2.443460953   57.996289009   34.559109435  -15.215234561
    1.767145868    2.443460953   64.716680719   31.670462189  -14.370221523
    1.963495408    2.443460953   69.627484283   16.478597550  -13.385987211
    2.159844949    2.443460953   70.625714466   -7.288367564  -12.781284211
    2.356194490    2.443460953   66.603926834  -33.542075702  -12.720527669
    2.552544031    2.443460953   57.724017949  -55.726779845  -13.036771872
    2.748893572    2.443460953   45.338023421  -68.546624131  -13.376175275
    2.945243113    2.443460953   31.611658776  -69.193904997  -13.367874161

   -3.141592654    2.792526803   15.762909806  -57.238986245    1.358081472
   -2.945243113    2.792526803    6.389803998  -37.445326883    3.421517277
   -2.748893572    2.792526803    1.212817170  -15.584249263    5.305867697
   -2.552544031    2.792526803    0.000000000    2.011555810    7.030199115
   -2.356194490    2.792526803    1.453092233   11.197502018    8.832098982
   -2.159844949    2.792526803    3.827120841   11.724690602   11.081254364
   -1.963495408    2.792526803    5.724500754    7.187890837   14.070436788
   -1.767145868    2.792526803    6.688276024    3.172064243   17.782862272
   -1.570796327    2.792526803    7.325893075    4.455521993   21.798982674
   -1.374446786    2.792526803    8.914342817   12.843769694   25.419892941
   -1.178097245    2.792526803   12.729531340   26.545458799   27.944369547
   -0.981747704    2.792526803   19.422949426   41.344413815   28.921961821
   -0.785398163    2.792526803   28.731343776   52.384487269   28.240293494
   -0.589048623    2.792526803   39.524523491   55.990208497   26.033152909
   -0.392699082    2.792526803   50.134632042   50.387650469   22.524929124
   -0.196349541    2.792526803   58.751544598   35.973944338   17.917298170
    0.000000000    2.792526803   63.853914700   15.181766969   12.385202408
    0.196349541    2.792526803   64.596477469   -7.536869870    6.151330352
    0.392699082    2.792526803   61.161366838  -26.367564095   -0.405643485
    0.589048623    2.792526803   54.888503662  -35.593362855   -6.684250979
    0.785398163    2.792526803   48.053697674  -31.869643060  -11.927139054
    0.981747704    2.792526803   43.189107927  -16.087845076  -15.439023655
    1.178097245    2.792526803   42.189900606    6.292793950  -16.866679418
    1.374446786    2.792526803   45.563704255   27.017914474  -16.371729110
    1.570796327    2.792526803   52.187445646   38.340729503  -14.552625433
    1.767145868    2.792526803   59.711401764   35.838474071  -12.169601914
    1.963495408    2.792526803   65.376265609   19.857141357   -9.828418784
    2.159844949    2.792526803   66.913020092   -5.202484873   -7.811562582
    2.356194490    2.792526803   63.178012908  -32.644384958   -6.088032040
    2.552544031    2.792526803   54.394044419  -55.552878813   -4.453206758
    2.748893572    2.792526803   42.017021673  -68.539507549   -2.699977400
    2.945243113    2.792526803   28.314923943  -68.896077863   -0.739468929
