#! FIELDS phi psi file.free der_phi der_psi
#! SET min_phi -pi
#! SET max_phi pi
#! SET nbins_phi  32
#! SET periodic_phi true
#! SET min_psi -pi
#! SET max_psi pi
#! SET nbins_psi  18
#! SET periodic_psi true
   -3.141592654   -3.141592654   19.451126898  -53.529699245   12.875416093
   -2.945243113   -3.141592654   10.395783428  -37.608864703   15.523536579
   -2.748893572   -3.141592654    4.987448892  -17.287504705   17.710632865
   -2.552544031   -3.141592654    3.504638490    1.395162435   19.408440901
   -2.356194490   -3.141592654    5.091820671   13.378294905   20.833416431
   -2.159844949   -3.141592654    8.200955685   16.973798747   22.341643564
   -1.963495408   -3.141592654   11.353645979   14.491239588   24.194613782
   -1.767145868   -3.141592654   13.809864156   10.753899752   26.321518399
   -1.570796327   -3.141592654   15.800995251   10.361154756   28.250861567
   -1.374446786   -3.141592654   18.239043736   15.360141109   29.283919822
   -1.178097245   -3.141592654   22.109532534   24.486161108   28.820843175
   -0.981747704   -3.141592654   27.896242677   34.174980194   26.641264702
   -0.785398163   -3.141592654   35.307850338   40.379974218   22.980949220
   -0.589048623   -3.141592654   43.355685052   40.336498156   18.383335648
   -0.392699082   -3.141592654   50.698198382   33.198783077   13.437603410
   -0.196349541   -3.141592654   56.013171817   20.044692619    8.552177647
    0.000000000   -3.141592654   58.345934237    3.365724482    3.867125875
    0.196349541   -3.141592654   57.351815148  -13.135975783   -0.659972468
    0.392699082   -3.141592654   53.492201476  -25.100832995   -5.049474209
    0.589048623   -3.141592654   48.063211359  -28.571921471   -9.090013853
    0.785398163   -3.141592654   42.958751558  -21.785493263  -12.291895088
    0.981747704   -3.141592654   40.082288745   -6.498515876  -14.068431215
    1.178097245   -3.141592654   40.636240823   12.101965098  -14.061139913
    1.374446786   -3.141592654   44.615056023   27.299202363  -12.383192961
    1.570796327   -3.141592654   50.781109499   33.748479881   -9.583887684
    1.767145868   -3.141592654   57.148502999   29.306786041   -6.376440762
    1.963495408   -3.141592654   61.663594101   15.351276415   -3.301851903
    2.159844949   -3.141592654   62.786062787   -4.544415775   -0.562321652
    2.356194490   -3.141592654   59.774962197  -26.023503980    1.943746014
    2.552544031   -3.141592654   52.738899144  -44.869055272    4.445572112
    2.748893572   -3.141592654   42.570399223  -57.359297781    7.121969332
    2.945243113   -3.141592654   30.821229824  -60.629686229    9.986598779

   -3.141592654   -2.792526803   25.553087629  -47.759471545   19.855621606
   -2.945243113   -2.792526803   17.513406175  -33.143086330   22.855526510
   -2.748893572   -2.792526803   12.821939261  -14.470244842   24.877490782
   -2.552544031   -2.792526803   11.744441110    2.796754990   25.937745482
   -2.356194490   -2.792526803   13.527904066   14.132599325   26.386526452
   -2.159844949   -2.792526803   16.798816940   18.006017702   26.744771523
   -1.963495408   -2.792526803   20.231225905   16.339981246   27.407911788
   -1.767145868   -2.792526803   23.118114865   13.181861035   28.380060529
   -1.570796327   -2.792526803   25.566304373   12.381858686   29.217092207
   -1.374446786   -2.792526803   28.254849734   15.688784754   29.230611082
   -1.178097245   -2.792526803   31.938419219   22.150754611   27.835166263
   -0.981747704   -2.792526803   36.978787876   28.943274074   24.831667291
   -0.785398163   -2.792526803   43.117525999   32.792914860   20.476213369
   -0.589048623   -2.792526803   49.523291722   31.386232091   15.327810200
   -0.392699082   -2.792526803   55.057848483   23.891051764    9.981360891
   -0.196349541   -2.792526803   58.569601377   11.072477158    4.850500651
    0.000000000   -2.792526803   59.200760000   -4.964624842    0.082554782
    0.196349541   -2.792526803   56.641650371  -20.729437010   -4.346026678
    0.392699082   -2.792526803   51.376562405  -31.764129967   -8.432685692
    0.589048623   -2.792526803   44.768040851  -33.810321212  -11.962184466
    0.785398163   -2.792526803   38.832559787  -24.883963278  -14.486168744
    0.981747704   -2.792526803   35.605715891   -6.902097975  -15.507964968
    1.178097245   -2.792526803   36.348846556   14.380060253  -14.780895954
    1.374446786   -2.792526803   40.986593694   31.584552459  -12.500005150
    1.570796327   -2.792526803   48.106724839   39.007972398   -9.224164833
    1.767145868   -2.792526803   55.527153925   34.666854129   -5.597933655
    1.963495408   -2.792526803   61.069148792   20.437465676   -2.043337917
    2.159844949   -2.792526803   63.172132649    0.411301604    1.351832949
    2.356194490   -2.792526803   61.153157943  -20.810645817    4.748270284
    2.552544031   -2.792526803   55.192642369  -39.101336916    8.346639346
    2.748893572   -2.792526803   46.211974785  -51.070575513   12.208422554
    2.945243113   -2.792526803   35.716891134  -54.249808456   16.165599051

   -3.141592654   -2.443460953   32.464013586  -42.117870234   19.335135808
   -2.945243113   -2.443460953   25.390956829  -29.028537232   21.831413586
   -2.748893572   -2.443460953   21.335449380  -12.107639503   23.351653633
   -2.552544031   -2.443460953   20.570582734    3.712972237   23.918363696
   -2.356194490   -2.443460953   22.449739990   14.329982009   23.819979183
   -2.159844949   -2.443460953   25.752871464   18.239197178   23.479646370
   -1.963495408   -2.443460953   29.265398438   16.918529234   23.222414178
   -1.767145868   -2.443460953   32.273630641   13.718911206   23.074340905
   -1.570796327   -2.443460953   34.749413943   11.950724858   22.729540739
   -1.374446786   -2.443460953   37.175060922   13.307900604   21.715847220
   -1.178097245   -2.443460953   40.150949436   17.301156237   19.657961619
   -0.981747704   -2.443460953   44.006915488   21.826847930   16.478545073
   -0.785398163   -2.443460953   48.588294284   24.222097355   12.428446286
   -0.589048623   -2.443460953   53.252827166   22.398167572    7.955637685
   -0.392699082   -2.443460953   57.053965695   15.346117195    3.492480502
   -0.196349541   -2.443460953   58.969344580    3.393705028   -0.696790972
    0.000000000   -2.443460953   58.180242892  -11.772929403   -4.567809398
    0.196349541   -2.443460953   54.355001133  -26.838456087   -8.191753816
    0.392699082   -2.443460953   47.956608076  -37.158591433  -11.578581405
    0.589048623   -2.443460953   40.390354331  -38.058607138  -14.515432604
    0.785398163   -2.443460953   33.793992452  -27.224642071  -16.557084534
    0.981747704   -2.443460953   30.352094279   -6.664786388  -17.201536392
    1.178097245   -2.443460953   31.409614634   17.309046248  -16.177256821
    1.374446786   -2.443460953   36.843175119   36.621339429  -13.633341974
    1.570796327   -2.443460953   45.077664522   45.145369256  -10.083143013
    1.767145868   -2.443460953   53.734683043   41.010441862   -6.149271661
    1.963495408   -2.443460953   60.503541603   26.565085276   -2.267225024
    2.159844949   -2.443460953   63.792709570    6.407827966    1.430037147
    2.356194490   -2.443460953   62.964081426  -14.635282567    5.040781733
    2.552544031   -2.443460953   58.252672868  -32.546456786    8.703637983
    2.748893572   -2.443460953   50.589055840  -44.267946930   12.441594806
    2.945243113   -2.443460953   41.417077487  -47.686133614   16.089670485

   -3.141592654   -2.094395102   38.428994314  -37.636931246   13.767033857
   -2.945243113   -2.094395102   32.109150246  -25.910319274   15.160132519
   -2.748893572   -2.094395102   28.512457902  -10.565046481   15.894454766
   -2.552544031   -2.094395102   27.904663069    3.824559265   16.018033342
   -2.356194490   -2.094395102   29.701549433   13.472409560   15.685225791
   -2.159844949   -2.094395102   32.784588399   16.927465027   15.083600176
   -1.963495408   -2.094395102   36.017860570   15.388060771   14.320326006
   -1.767145868   -2.094395102   38.689297411   11.745937035   13.348130608
   -1.570796327   -2.094395102   40.690239387    8.989094394   11.992578970
   -1.374446786   -2.094395102   42.394436974    8.871627009   10.074261168
   -1.178097245   -2.094395102   44.345004668   11.339109435    7.545132859
   -0.981747704   -2.094395102   46.917213756   14.840900492    4.547668569
   -0.785398163   -2.094395102   50.094503527   17.064450955    1.361018412
   -0.589048623   -2.094395102   53.404157457   15.870335839   -1.719457120
   -0.392699082   -2.094395102   56.023208731    9.874089419   -4.513191310
   -0.196349541   -2.094395102   56.964738603   -1.098329829   -7.003437825
    0.000000000   -2.094395102   55.357052107  -15.696731257   -9.325687985
    0.196349541   -2.094395102   50.780156270  -30.619922213  -11.647832316
    0.392699082   -2.094395102   43.642376789  -40.873936597  -14.019111788
    0.589048623   -2.094395102   35.386105454  -41.249093032  -16.236121903
    0.785398163   -2.094395102   28.283718706  -29.025624697  -17.840977025
    0.981747704   -2.094395102   24.694891814   -6.247338024  -18.288311841
    1.178097245   -2.094395102   26.082921843   20.251812910  -17.226305941
    1.374446786   -2.094395102   32.314120174   41.683168138  -14.703280421
    1.570796327   -2.094395102   41.678732720   51.423423098  -11.154825085
    1.767145868   -2.094395102   51.611947508   47.601772326   -7.184928097
    1.963495408   -2.094395102   59.658641280   32.938288856   -3.282825885
    2.159844949   -2.094395102   64.168718440   12.484387560    0.312184769
    2.356194490   -2.094395102   64.517214843   -8.695596295    3.583023825
    2.552544031   -2.094395102   60.970813261  -26.615889486    6.588204527
    2.748893572   -2.094395102   54.465736246  -38.438093592    9.346090800
    2.945243113   -2.094395102   46.403352132  -42.290915938   11.783824639

   -3.141592654   -1.745329252   41.926819966  -35.439894186    7.853942929
   -2.945243113   -1.745329252   35.955407371  -24.599503236    8.174147943
   -2.748893572   -1.745329252   32.518074629  -10.270881625    8.067975547
   -2.552544031   -1.745329252   31.866603256    3.095850822    7.567266527
   -2.356194490   -1.745329252   33.430389033   11.857222809    6.696684498
   -2.159844949   -1.745329252   36.123913640   14.600981106    5.466037760
   -1.963495408   -1.745329252   38.839055751   12.440808178    3.859809483
   -1.767145868   -1.745329252   40.868736540    8.144935601    1.855278942
   -1.570796327   -1.745329252   42.093750724    4.688415698   -0.527113236
   -1.374446786   -1.745329252   42.891731809    3.984480725   -3.165666710
   -1.178097245   -1.745329252   43.852432866    6.228898097   -5.820794573
   -0.981747704   -1.745329252   45.442285918   10.041678266   -8.191352090
   -0.785398163   -1.745329252   47.750170374   13.082458830  -10.023727754
   -0.589048623   -1.745329252   50.381797551   12.961616708  -11.211238968
   -0.392699082   -1.745329252   52.529953451    7.951684858  -11.850429650
   -0.196349541   -1.745329252   53.158356246   -2.451664898  -12.200611595
    0.000000000   -1.745329252   51.294497306  -17.046941192  -12.608177783
    0.196349541   -1.745329252   46.412320499  -32.431500781  -13.360134683
    0.392699082   -1.745329252   38.862800513  -43.220894250  -14.545717654
    0.589048623   -1.745329252   30.128120396  -43.648315702  -15.954325233
    0.785398163   -1.745329252   22.624234965  -30.538872876  -17.099629634
    0.981747704   -1.745329252   18.907104508   -5.905221412  -17.394620353
    1.178097245   -1.745329252   20.590626847   22.941150892  -16.425356737
    1.374446786   -1.745329252   27.566008518   46.469838927  -14.156320581
    1.570796327   -1.745329252   38.010673905   57.463761549  -10.939106253
    1.767145868   -1.745329252   49.172146806   53.921358980   -7.323700887
    1.963495408   -1.745329252   58.426507232   38.833311190   -3.802093563
    2.159844949   -1.745329252   64.027052239   17.679424423   -0.668816302
    2.356194490   -1.745329252   65.327714842   -4.179453897    1.981353701
    2.552544031   -1.745329252   62.611529146  -22.660164846    4.148004363
    2.748893572   -1.745329252   56.833951300  -34.985311192    5.848053518
    2.945243113   -1.745329252   49.397146498  -39.391977241    7.082831492

   -3.141592654   -1.396263402   42.144976262  -36.367171707    5.833845019
   -2.945243113   -1.396263402   35.964685361  -25.778248003    5.483692623
   -2.748893572   -1.396263402   32.281773354  -11.595317827    4.642309999
   -2.552544031   -1.396263402   31.350633701    1.539919047    3.360329579
   -2.356194490   -1.396263402   32.568139596    9.838238224    1.656518372
   -2.159844949   -1.396263402   34.796100004   11.833480960   -0.483100216
   -1.963495408   -1.396263402   36.877395447    8.737529360   -3.074365833
   -1.767145868   -1.396263402   38.090591614    3.570794663   -6.060691445
   -1.570796327   -1.396263402   38.363108217   -0.339075602   -9.245962871
   -1.374446786   -1.396263402   38.187081754   -0.767322670  -12.284326083
   -1.178097245   -1.396263402   38.310614035    2.589925424  -14.756849533
   -0.981747704   -1.396263402   39.350913246    8.161259667  -16.312742192
   -0.785398163   -1.396263402   41.483168304   13.166247336  -16.803949854
   -0.589048623   -1.396263402   44.301355466   14.679361106  -16.338213701
   -0.392699082   -1.396263402   46.887628357   10.549989114  -15.253271864
   -0.196349541   -1.396263402   48.034436520    0.066672857  -13.996288199
    0.000000000   -1.396263402   46.584177802  -15.476886323  -13.003784663
    0.196349541   -1.396263402   41.871152963  -32.323105187  -12.555508597
    0.392699082   -1.396263402   34.198841704  -44.517033342  -12.679303444
    0.589048623   -1.396263402   25.123240615  -45.666589348  -13.122016877
    0.785398163   -1.396263402   17.242458816  -32.161213273  -13.433645424
    0.981747704   -1.396263402   13.340166949   -6.015876102  -13.147125772
    1.178097245   -1.396263402   15.207746209   24.967108172  -11.989205487
    1.374446786   -1.396263402   22.787396651   50.509186163   -9.990525755
    1.570796327   -1.396263402   34.165052899   62.760676199   -7.440668380
    1.767145868   -1.396263402   46.408821242   59.481950400   -4.723452510
    1.963495408   -1.396263402   56.709417494   43.809662856   -2.139398308
    2.159844949   -1.396263402   63.186190622   21.573675735    0.156601286
    2.356194490   -1.396263402   65.128832232   -1.546832362    2.122163478
    2.552544031   -1.396263402   62.807866306  -21.248441754    3.731972566
    2.748893572   -1.396263402   57.200756808  -34.624105078    4.932711604
    2.945243113   -1.396263402   49.752604086  -39.821554424    5.650115992

   -3.141592654   -1.047197551   41.203317529  -39.346527996    5.663802035
   -2.945243113   -1.047197551   34.404999382  -29.021516685    4.760300240
   -2.748893572   -1.047197551   30.093184597  -14.711047805    3.113546415
   -2.552544031   -1.047197551   28.575522430   -1.329637266    0.850650684
   -2.356194490   -1.047197551   29.238814727    7.004412798   -1.896360619
   -2.159844949   -1.047197551   30.880554893    8.626616394   -5.039315136
   -1.963495408   -1.047197551   32.268724379    4.861827291   -8.510789917
   -1.767145868   -1.047197551   32.660119112   -0.861281841  -12.160768939
   -1.570796327   -1.047197551   32.055112491   -4.703413150  -15.668526397
   -1.374446786   -1.047197551   31.105170860   -4.118261635  -18.558526306
   -1.178097245   -1.047197551   30.744353610    1.126919570  -20.344151492
   -0.981747704   -1.047197551   31.721814039    9.002627365  -20.727619748
   -0.785398163   -1.047197551   34.232613760   16.094932810  -19.737385286
   -0.589048623   -1.047197551   37.771588010   18.926233523  -17.721872648
   -0.392699082   -1.047197551   41.236631117   15.074809797  -15.236637407
   -0.196349541   -1.047197551   43.215376636    3.862977445  -12.847387730
    0.000000000   -1.047197551   42.380220345  -13.085865023  -10.967229720
    0.196349541   -1.047197551   37.980468690  -31.505572359   -9.730214633
    0.392699082   -1.047197551   30.342083098  -44.883794453   -8.980919551
    0.589048623   -1.047197551   21.142815835  -46.407294809   -8.378506858
    0.785398163   -1.047197551   13.157157746  -32.350159998   -7.582373523
    0.981747704   -1.047197551    9.331529449   -4.979962665   -6.419386720
    1.178097245   -1.047197551   11.542093285   27.400624786   -4.946124632
    1.374446786   -1.047197551   19.713180870   54.004671517   -3.365680083
    1.570796327   -1.047197551   31.831225954   66.686709503   -1.879378291
    1.767145868   -1.047197551   44.835415173   63.205149911   -0.570488900
    1.963495408   -1.047197551   55.808548857   46.874951585    0.615053698
    2.159844949   -1.047197551   62.801036552   23.732081419    1.787695926
    2.356194490   -1.047197551   65.066600539   -0.436168254    3.011734390
    2.552544031   -1.047197551   62.852705988  -21.281472363    4.224081966
    2.748893572   -1.047197551   57.123319059  -35.831593620    5.234011390
    2.945243113   -1.047197551   49.331470216  -42.078711954    5.787234271

   -3.141592654   -0.698131701   41.898872831  -41.437515631    3.640790274
   -2.945243113   -0.698131701   34.568214962  -32.316834401    1.911418015
   -2.748893572   -0.698131701   29.512917942  -18.929133574   -0.631055563
   -2.552544031   -0.698131701   27.102954773   -6.155430304   -3.750805147
   -2.356194490   -0.698131701   26.775845818    1.760645522   -7.208205862
   -2.159844949   -0.698131701   27.352360170    3.028662836  -10.842299312
   -1.963495408   -0.698131701   27.616498967   -0.944338336  -14.530058150
   -1.767145868   -0.698131701   26.882046372   -6.411149562  -18.043339331
   -1.570796327   -0.698131701   25.278155247   -9.167642671  -20.956682892
   -1.374446786   -0.698131701   23.636017948   -6.559009146  -22.723421141
   -1.178097245   -0.698131701   23.049831602    1.329626009  -22.908566027
   -0.981747704   -0.698131701   24.329857926   11.816329870  -21.427978006
   -0.785398163   -0.698131701   27.595030091   20.803547688  -18.629369055
   -0.589048623   -0.698131701   32.152060973   24.379442779  -15.158583775
   -0.392699082   -0.698131701   36.662450607   20.091412699  -11.717792485
   -0.196349541   -0.698131701   39.509733753    7.590785868   -8.807762314
    0.000000000   -0.698131701   39.253120156  -10.915196677   -6.585558911
    0.196349541   -0.698131701   35.151835245  -30.532009022   -4.849483658
    0.392699082   -0.698131701   27.650486347  -44.314127429   -3.189551578
    0.589048623   -0.698131701   18.593954775  -45.410238942   -1.252920316
    0.785398163   -0.698131701   10.888668157  -30.468923995    1.007278285
    0.981747704   -0.698131701    7.515761605   -2.322889122    3.265317843
    1.178097245   -0.698131701   10.283876321   30.310237621    5.002526485
    1.374446786   -0.698131701   19.003061107   56.592030565    5.831335372
    1.570796327   -0.698131701   31.569642954   68.645010581    5.726811210
    1.767145868   -0.698131701   44.899043861   64.592132144    5.028824566
    1.963495408   -0.698131701   56.110929607   47.968814785    4.240515903
    2.159844949   -0.698131701   63.312097933   24.794037309    3.774898933
    2.356194490   -0.698131701   65.788909668    0.638615678    3.790632468
    2.552544031   -0.698131701   63.770540216  -20.422656847    4.155451234
    2.748893572   -0.698131701   58.155306735  -35.604082471    4.521204986
    2.945243113   -0.698131701   50.311276801  -42.899032877    4.464318216

   -3.141592654   -0.349065850   42.734630250  -44.285025324    1.268251128
   -2.945243113   -0.349065850   34.687945130  -36.704965995   -0.842776931
   -2.748893572   -0.349065850   28.653405086  -24.411126718   -3.673638419
   -2.552544031   -0.349065850   25.107353684  -12.153615640   -6.944027653
   -2.356194490   -0.349065850   23.588614361   -4.326906707  -10.375344013
   -2.159844949   -0.349065850   22.980060056   -2.925775834  -13.783399655
   -1.963495408   -0.349065850   22.107048192   -6.510217074  -17.019209628
   -1.767145868   -0.349065850   20.361290724  -11.016892731  -19.811069361
   -1.570796327   -0.349065850   18.019653076  -11.912225396  -21.690087302
   -1.374446786   -0.349065850   16.094697035   -6.583369868  -22.122604358
   -1.178097245   -0.349065850   15.801793702    4.322003378  -20.799184773
   -0.981747704   -0.349065850   17.926565572   17.266135697  -17.872653609
   -0.785398163   -0.349065850   22.403617793   27.461502286  -13.960252976
   -0.589048623   -0.349065850   28.267185330   30.806210982   -9.892233562
   -0.392699082   -0.349065850   33.924115390   25.217462844   -6.370117266
   -0.196349541   -0.349065850   37.615355161   11.065783991   -3.694233439
    0.000000000   -0.349065850   37.909029935   -8.662713337   -1.681500838
    0.196349541   -0.349065850   34.206135413  -28.550599627    0.209178312
    0.392699082   -0.349065850   27.149504654  -41.637747075    2.569244857
    0.589048623   -0.349065850   18.727852966  -41.625313335    5.656170070
    0.785398163   -0.349065850   11.845319202  -26.027631448    9.144985675
    0.981747704   -0.349065850    9.321538989    1.660507387   12.208411892
    1.178097245   -0.349065850   12.730812279   32.695294534   13.936737637
    1.374446786   -0.349065850   21.712414350   56.865049777   13.847456457
    1.570796327   -0.349065850   34.148423579   67.168354239   12.138936840
    1.767145868   -0.349065850   47.092957182   62.332977597    9.549167085
    1.963495408   -0.349065850   57.871313082   45.960762685    6.953326281
    2.159844949   -0.349065850   64.759540616   23.673138346    4.985557439
    2.356194490   -0.349065850   67.111229201    0.444141952    3.856157495
    2.552544031   -0.349065850   65.108193805  -20.187749088    3.377641877
    2.748893572   -0.349065850   59.517325037  -35.732546885    3.107224387
    2.945243113   -0.349065850   51.547581858  -44.164109172    2.536181359

   -3.141592654    0.000000000   42.757837853  -47.440683302   -1.196104771
   -2.945243113    0.000000000   33.964664043  -41.087071278   -3.236126863
   -2.748893572    0.000000000   26.981338105  -29.591959088   -5.727514922
   -2.552544031    0.000000000   22.384503892  -17.589529896   -8.434373057
   -2.356194490    0.000000000   19.807307666   -9.622789401  -11.146508755
   -2.159844949    0.000000000   18.192447434   -7.843378235  -13.737002308
   -1.963495408    0.000000000   16.415055358  -10.728758681  -16.076809218
   -1.767145868    0.000000000   13.958467108  -13.904928792  -17.888727092
   -1.570796327    0.000000000   11.250397462  -12.612980899  -18.717758573
   -1.374446786    0.000000000    9.460081750   -4.451304569  -18.109030860
   -1.178097245    0.000000000    9.866849934    9.229309076  -15.900728543
   -0.981747704    0.000000000   13.158090139   24.024876941  -12.409448438
   -0.785398163    0.000000000   19.025462076   34.611054525   -8.350198882
   -0.589048623    0.000000000   26.214390223   36.968721072   -4.524035360
   -0.392699082    0.000000000   32.917850585   29.663668198   -1.460011348
   -0.196349541    0.000000000   37.321961940   13.983073476    0.801107573
    0.000000000    0.000000000   38.114744166   -6.290031621    2.702362318
    0.196349541    0.000000000   34.932001083  -25.420125572    4.932711411
    0.392699082    0.000000000   28.645438754  -36.850753555    8.041186753
    0.589048623    0.000000000   21.324743765  -35.334914784   12.042582325
    0.785398163    0.000000000   15.722754880  -19.589233650   16.255401924
    0.981747704    0.000000000   14.318107939    6.285813309   19.528710314
    1.178097245    0.000000000   18.324833564   33.982550559   20.805504784
    1.374446786    0.000000000   27.197460627   54.543285395   19.679234500
    1.570796327    0.000000000   38.900883586   62.291246348   16.586196198
    1.767145868    0.000000000   50.777186940   56.627637404   12.536447335
    1.963495408    0.000000000   60.485879062   40.978988886    8.599333614
    2.159844949    0.000000000   66.540599711   20.228984716    5.490406746
    2.356194490    0.000000000   68.371178391   -1.480512327    3.415856624
    2.552544031    0.000000000   66.090654288  -21.227616645    2.160078032
    2.748893572    0.000000000   60.309475381  -36.785602847    1.272344541
    2.945243113    0.000000000   52.062927714  -46.046962510    0.270135347

   -3.141592654    0.349065850   43.222610550  -49.117981477   -2.042175350
   -2.945243113    0.349065850   33.999919236  -43.761924849   -3.225759694
   -2.748893572    0.349065850   26.403575162  -33.099557816   -4.598161439
   -2.552544031    0.349065850   21.064577781  -21.573666417   -6.088434549
   -2.356194490    0.349065850   17.687999208  -13.721738804   -7.633401046
   -2.159844949    0.349065850   15.285467082  -11.703591598   -9.180305368
   -1.963495408    0.349065850   12.810550235  -13.877565080  -10.605423255
   -1.767145868    0.349065850    9.858962510  -15.674520277  -11.632532673
   -1.570796327    0.349065850    6.996890540  -12.314314854  -11.869031960
   -1.374446786    0.349065850    5.500032684   -1.761635409  -10.989826797
   -1.178097245    0.349065850    6.646136935   13.942337538   -8.960411719
   -0.981747704    0.349065850   10.980736914   29.729550147   -6.124676432
   -0.785398163    0.349065850   17.960488343   40.038948060   -3.070525025
   -0.589048623    0.349065850   26.107195596   41.202311852   -0.345231439
   -0.392699082    0.349065850   33.505260498   32.550092624    1.820595597
   -0.196349541    0.349065850   38.394652953   16.211060720    3.620751120
    0.000000000    0.349065850   39.658481521   -3.502080410    5.591134585
    0.196349541    0.349065850   37.177279825  -20.911739133    8.331602573
    0.392699082    0.349065850   31.987073024  -30.224480998   12.143222743
    0.589048623    0.349065850   26.117687386  -27.430419009   16.720971619
    0.785398163    0.349065850   22.038947680  -12.370923867   21.117089618
    0.981747704    0.349065850   21.796545099   10.556408214   24.072715883
    1.178097245    0.349065850   26.223625309   33.864474463   24.608715825
    1.374446786    0.349065850   34.636470954   50.130712965   22.515766642
    1.570796327    0.349065850   45.166241743   55.085506601   18.439471355
    1.767145868    0.349065850   55.525102670   48.725268034   13.521775549
    1.963495408    0.349065850   63.765533622   34.162165476    8.864214662
    2.159844949    0.349065850   68.672049966   15.426968592    5.154627363
    2.356194490    0.349065850   69.767353675   -4.219465081    2.571320911
    2.552544031    0.349065850   67.107290477  -22.484836499    0.921341658
    2.748893572    0.349065850   61.154863247  -37.425842200   -0.164758115
    2.945243113    0.349065850   52.772442909  -46.916354387   -1.061641865

   -3.141592654    0.698131701   43.888481546  -49.033316667   -2.585776548
   -2.945243113    0.698131701   34.629510729  -44.243675778   -2.670068093
   -2.748893572    0.698131701   26.865698787  -34.325649675   -2.720885234
   -2.552544031    0.698131701   21.213534873  -23.513803241   -2.876893091
   -2.356194490    0.698131701   17.400211609  -16.183230462   -3.241458075
   -2.159844949    0.698131701   14.490789830  -14.332660357   -3.832314417
   -1.963495408    0.698131701   11.523683780  -16.165964038   -4.530937877
   -1.767145868    0.698131701    8.204770395  -17.030691737   -5.086868656
   -1.570796327    0.698131701    5.209340622  -12.260738009   -5.206366313
   -1.374446786    0.698131701    3.875455332   -0.178693686   -4.695573922
   -1.178097245    0.698131701    5.457266767   16.697026860   -3.568153081
   -0.981747704    0.698131701   10.391463550   32.951499324   -2.035407175
   -0.785398163    0.698131701   17.989964367   43.022969717   -0.376753651
   -0.589048623    0.698131701   26.667433084   43.618624809    1.231275502
   -0.392699082    0.698131701   34.498925503   34.635483673    2.842861439
   -0.196349541    0.698131701   39.823541475   18.712507353    4.738844519
    0.000000000    0.698131701   41.695523860    0.334055453    7.316231142
    0.196349541    0.698131701   40.152242012  -15.151702201   10.856966285
    0.392699082    0.698131701   36.270226082  -22.791577691   15.275666516
    0.589048623    0.698131701   31.925972690  -19.627327935   19.959275432
    0.785398163    0.698131701   29.251985101   -6.228555261   23.858595214
    0.981747704    0.698131701   29.890405967   13.125437979   25.860527858
    1.178097245    0.698131701   34.387943892   31.982025084   25.294925565
    1.374446786    0.698131701   42.029869422   44.371563649   22.262939174
    1.570796327    0.698131701   51.181249392   47.144606586   17.579311171
    1.767145868    0.698131701   59.931633100   40.593521198   12.372493357
    1.963495408    0.698131701   66.687954329   27.369203998    7.606302799
    2.159844949    0.698131701   70.457225114   10.687210111    3.816855398
    2.356194490    0.698131701   70.827740400   -6.906114244    1.107894366
    2.552544031    0.698131701   67.807528425  -23.561472101   -0.669491430
    2.748893572    0.698131701   61.751642404  -37.511652390   -1.744628692
    2.945243113    0.698131701   53.396944385  -46.645690993   -2.326528077

   -3.141592654    1.047197551   42.051319040  -49.440842086   -6.658167215
   -2.945243113    1.047197551   32.785074828  -43.927021047   -6.244354086
   -2.748893572    1.047197551   25.132299054  -33.561661724   -5.365739879
   -2.552544031    1.047197551   19.643563796  -22.675583250   -4.311489277
   -2.356194490    1.047197551   15.972978868  -15.611118596   -3.362556868
   -2.159844949    1.047197551   13.136095947  -14.166010712   -2.689054949
   -1.963495408    1.047197551   10.170825701  -16.269963855   -2.299215397
   -1.767145868    1.047197551    6.831715847  -17.069842742   -2.075005311
   -1.570796327    1.047197551    3.863817636  -11.898087702   -1.862578455
   -1.374446786    1.047197551    2.655222556    0.733085973   -1.555642373
   -1.178097245    1.047197551    4.464584422   18.066769980   -1.116220821
   -0.981747704    1.047197551    9.695950332   34.572721720   -0.528679625
   -0.785398163    1.047197551   17.626950314   44.784357485    0.264812301
   -0.589048623    1.047197551   26.674505994   45.678733599    1.393565550
   -0.392699082    1.047197551   34.974363832   37.433555508    3.055401044
   -0.196349541    1.047197551   40.968320682   22.826406457    5.453849519
    0.000000000    1.047197551   43.813136511    6.164210477    8.719504056
    0.196349541    1.047197551   43.578009068   -7.740513264   12.775975510
    0.392699082    1.047197551   41.237548538  -14.725403411   17.220239432
    0.589048623    1.047197551   38.411363280  -12.542742094   21.295361320
    0.785398163    1.047197551   36.879312450   -1.965997285   24.060112935
    0.981747704    1.047197551   37.965590085   13.297515396   24.729692708
    1.178097245    1.047197551   42.077060620   27.970037000   23.032751265
    1.374446786    1.047197551   48.603949328   37.288410455   19.351697604
    1.570796327    1.047197551   56.206072414   38.755451539   14.543394315
    1.767145868    1.047197551   63.318625878   32.522649616    9.556177234
    1.963495408    1.047197551   68.606461864   20.577989199    5.066695036
    2.159844949    1.047197551   71.191185629    5.401793233    1.360498406
    2.356194490    1.047197551   70.656480682  -10.889085591   -1.574298632
    2.552544031    1.047197551   66.958165026  -26.524189505   -3.834411512
    2.748893572    1.047197551   60.406720500  -39.606639640   -5.461160618
    2.945243113    1.047197551   51.722927383  -47.893921081   -6.415724832

   -3.141592654    1.396263402   37.506459714  -50.056231220  -11.750124920
   -2.945243113    1.396263402   28.318283561  -42.544063559  -11.500380026
   -2.748893572    1.396263402   21.097317594  -30.659245712  -10.340607502
   -2.552544031    1.396263402   16.262654343  -19.061362297   -8.569033280
   -2.356194490    1.396263402   13.302772954  -12.107795625   -6.555685365
   -2.159844949    1.396263402   11.094606165  -11.327884804   -4.611600518
   -1.963495408    1.396263402    8.601890071  -14.303349653   -2.913867085
   -1.767145868    1.396263402    5.566186533  -15.925868023   -1.521844637
   -1.570796327    1.396263402    2.755173723  -11.415057107   -0.437986793
   -1.374446786    1.396263402    1.594515892    0.776334652    0.353379719
   -1.178097245    1.396263402    3.395196859   17.994207552    0.902938404
   -0.981747704    1.396263402    8.638392194   34.847360687    1.340611030
   -0.785398163    1.396263402   16.701924022   45.938433636    1.889467894
   -0.589048623    1.396263402   26.102415841   48.180470306    2.818274415
   -0.392699082    1.396263402   35.049429958   41.539482159    4.377240442
   -0.196349541    1.396263402   42.007623214   28.511568845    6.710670176
    0.000000000    1.396263402   46.095625619   13.047040131    9.796279686
    0.196349541    1.396263402   47.267708033   -0.458887531   13.368893159
    0.392699082    1.396263402   46.300438719   -8.247927958   16.896948798
    0.589048623    1.396263402   44.554232307   -8.240088828   19.654380693
    0.785398163    1.396263402   43.559863295   -0.917560993   20.930658462
    0.981747704    1.396263402   44.499357768   10.785578510   20.307066484
    1.178097245    1.396263402   47.814021310   22.544141759   17.853258625
    1.374446786    1.396263402   53.093862355   30.249101406   14.105506366
    1.570796327    1.396263402   59.269238458   31.458664289    9.816772498
    1.767145868    1.396263402   64.999330760   25.818865553    5.639075435
    1.963495408    1.396263402   69.048836530   14.652024507    1.900395288
    2.159844949    1.396263402   70.526334945   -0.007635706   -1.381599191
    2.356194490    1.396263402   68.956439650  -16.044391450   -4.335207256
    2.552544031    1.396263402   64.272938712  -31.354423756   -7.019061634
    2.748893572    1.396263402   56.840748504  -43.638787963   -9.320655015
    2.945243113    1.396263402   47.497154553  -50.465506546  -10.984678440

   -3.141592654    1.745329252   31.755572480  -51.713714873  -16.196219955
   -2.945243113    1.745329252   22.473436039  -41.832883796  -16.231885608
   -2.748893572    1.745329252   15.608854948  -27.828743630  -14.962671738
   -2.552544031    1.745329252   11.481470359  -14.835109537  -12.638570014
   -2.356194490    1.745329252    9.413672913   -7.398329759   -9.654761800
   -2.159844949    1.745329252    8.110637970   -6.929182823   -6.410135912
   -1.963495408    1.745329252    6.406449798  -10.731116804   -3.218739512
   -1.767145868    1.745329252    3.970256285  -13.410516203   -0.310801613
   -1.570796327    1.745329252    1.548157138   -9.953501550    2.131913746
   -1.374446786    1.745329252    0.587954820    1.408498202    3.974034567
   -1.178097245    1.745329252    2.467350693   18.252735114    5.179132563
   -0.981747704    1.745329252    7.776143670   35.365161924    5.865535994
   -0.785398163    1.745329252   16.020873899   47.352678333    6.299985861
   -0.589048623    1.745329252   25.827130008   50.941462622    6.807732116
   -0.392699082    1.745329252   35.461143598   45.753730786    7.669397762
   -0.196349541    1.745329252   43.369372828   33.894119293    9.013473224
    0.000000000    1.745329252   48.576090995   18.916792447   10.770093959
    0.196349541    1.745329252   50.868969839    4.902172213   12.639387945
    0.392699082    1.745329252   50.812229553   -4.516958510   14.142229900
    0.589048623    1.745329252   49.560519386   -7.045330818   14.757828332
    0.785398163    1.745329252   48.519081724   -2.579154550   14.134100906
    0.981747704    1.745329252   48.882054368    6.711431661   12.259710833
    1.178097245    1.745329252   51.241768589   17.091449289    9.485328180
    1.374446786    1.745329252   55.411640755   24.562744018    6.358465233
    1.570796327    1.745329252   60.515406144   26.306327263    3.356671468
    1.767145868    1.745329252   65.301990596   21.329242778    0.693678052
    1.963495408    1.745329252   68.506345505   10.445698946   -1.725520123
    2.159844949    1.745329252   69.141114044   -4.462838606   -4.159634058
    2.356194490    1.745329252   66.645244353  -21.027023631   -6.825684162
    2.552544031    1.745329252   60.943971565  -36.658982491   -9.715901377
    2.748893572    1.745329252   52.490383305  -48.590570907  -12.552693922
    2.945243113    1.745329252   42.282241077  -54.158319359  -14.870890964

   -3.141592654    2.094395102   25.535887663  -53.723158957  -17.361415059
   -2.945243113    2.094395102   16.098882387  -41.371018936  -17.667218671
   -2.748893572    2.094395102    9.565322268  -24.981295817  -16.456353787
   -2.552544031    2.094395102    6.189203945  -10.150769916  -13.861628287
   -2.356194490    2.094395102    5.158902582   -1.649487887  -10.234955327
   -2.159844949    2.094395102    5.026906445   -0.865140687   -6.018238536
   -1.963495408    2.094395102    4.493178050   -4.962099268   -1.639415092
   -1.767145868    2.094395102    3.121842007   -8.400617778    2.516670799
   -1.570796327    2.094395102    1.581359640   -6.025544296    6.106028263
   -1.374446786    2.094395102    1.274474880    4.133642902    8.848726955
   -1.178097245    2.094395102    3.582013321   19.935806965   10.596221544
   -0.981747704    2.094395102    9.153063323   36.436088722   11.393142387
   -0.785398163    2.094395102   17.593142033   48.348199588   11.471583659
   -0.589048623    2.094395102   27.625632785   52.296674424   11.157807680
   -0.392699082    2.094395102   37.577091751   47.619380866   10.756382002
   -0.196349541    2.094395102   45.889375547   36.083160516   10.428669890
    0.000000000    2.094395102   51.517947508   20.918175437   10.141620807
    0.196349541    2.094395102   54.128790493    6.016839527    9.664209226
    0.392699082    2.094395102   54.148961581   -4.936752798    8.675860496
    0.589048623    2.094395102   52.636046662   -9.288263033    6.950986864
    0.785398163    2.094395102   50.992990081   -6.363961034    4.540196493
    0.981747704    2.094395102   50.523093764    2.177133726    1.814482152
    1.178097245    2.094395102   51.997889101   12.764770308   -0.686439850
    1.374446786    2.094395102   55.397163032   21.104386113   -2.529213406
    1.570796327    2.094395102   59.919296255   23.803573930   -3.615585411
    1.767145868    2.094395102   64.271913377   19.296950779   -4.216536745
    1.963495408    2.094395102   67.061595947    8.130096342   -4.829256637
    2.159844949    2.094395102   67.158146304   -7.706174949   -5.933683401
    2.356194490    2.094395102   63.912521420  -25.405882980   -7.789453290
    2.552544031    2.094395102   57.264413064  -41.817413826  -10.325687604
    2.748893572    2.094395102   47.786261189  -53.696105907  -13.159867510
    2.945243113    2.094395102   36.665581956  -58.167126347  -15.708318621

   -3.141592654    2.443460953   19.861614582  -55.921307526  -11.455779256
   -2.945243113    2.443460953   10.212397043  -41.277660347  -11.160822679
   -2.748893572    2.443460953    3.940046761  -22.434287007   -9.654988824
   -2.552544031    2.443460953    1.285751001   -5.422129859   -7.008894460
   -2.356194490    2.443460953    1.354357105    4.707572892   -3.448083721
   -2.159844949    2.443460953    2.576786085    6.461384348    0.727789684
   -1.963495408    2.443460953    3.521676086    2.660546262    5.185946700
   -1.767145868    2.443460953    3.621675652   -1.147258809    9.541178344
   -1.570796327    2.443460953    3.416778594    0.224112667   13.346145084
   -1.374446786    2.443460953    4.195019836    8.867341793   16.155569155
   -1.178097245    2.443460953    7.259366015   22.891375046   17.662635621
   -0.981747704    2.443460953   13.239250991   37.678192628   17.819295580
   -0.785398163    2.443460953   21.781606297   48.209485580   16.850687226
   -0.589048623    2.443460953   31.688661014   51.223244174   15.139869926
   -0.392699082    2.443460953   41.368948351   45.962816493   13.068150578
   -0.196349541    2.443460953   49.310334555   33.953418896   10.862904549
    0.000000000    2.443460953   54.461397758   18.132510425    8.547364055
    0.196349541    2.443460953   56.434399650    2.253091317    5.978369423
    0.392699082    2.443460953   55.603365662   -9.837104295    2.997393159
    0.589048623    2.443460953   53.037906550  -15.003404562   -0.368683564
    0.785398163    2.443460953   50.260644251  -12.015290257   -3.782113520
    0.981747704    2.443460953   48.779930375   -2.279193484   -6.663294686
    1.178097245    2.443460953   49.569946166   10.340054323   -8.450003957
    1.374446786    2.443460953   52.706720063   20.801629929   -8.903023882
    1.570796327    2.443460953   57.324850794   24.915915787   -8.249890536
    1.767145868    2.443460953   61.938974965   20.642688911   -7.078495986
    1.963495408    2.443460953   64.918691899    8.559128568   -6.073318191
    2.159844949    2.443460953   64.945496567   -8.914355648   -5.748955430
    2.356194490    2.443460953   61.287974961  -28.356192198   -6.302017947
    2.552544031    2.443460953   53.924696024  -46.028394086   -7.593977742
    2.748893572    2.443460953   43.566895372  -58.269347660   -9.230988387
    2.945243113    2.443460953   31.599954577  -62.034084584  -10.689108205

   -3.141592654    2.792526803   17.395456499  -56.111175100    0.174009618
   -2.945243113    2.792526803    7.841887590  -40.077440097    1.652955431
   -2.748893572    2.792526803    1.958880508  -19.667091931    3.550518573
   -2.552544031    2.792526803    0.000000000   -1.131147357    5.818675808
   -2.356194490    2.792526803    1.044387594   10.305602905    8.458385566
   -2.159844949    2.792526803    3.466097383   13.006628660   11.507631070
   -1.963495408    2.792526803    5.747967204    9.631430146   14.937205004
   -1.767145868    2.792526803    7.202570212    5.549371817   18.508928038
   -1.570796327    2.792526803    8.219380223    5.835875546   21.728797787
   -1.374446786    2.792526803    9.931314216   12.664700111   23.970296573
   -1.178097245    2.792526803   13.525145457   24.452287388   24.722699487
   -0.981747704    2.792526803   19.589567363   37.014575710   23.811215620
   -0.785398163    2.792526803   27.811855891   45.689571119   21.453991706
   -0.589048623    2.792526803   37.084039282   47.358399312   18.126820942
   -0.392699082    2.792526803   45.909289428   41.164245785   14.339464456
   -0.196349541    2.792526803   52.834496095   28.411649138   10.432743173
    0.000000000    2.792526803   56.824758528   11.843956164    6.503626647
    0.196349541    2.792526803   57.488678358   -4.774689736    2.473695233
    0.392699082    2.792526803   55.226251707  -17.299676313   -1.719037674
    0.589048623    2.792526803   51.212292898  -22.121838395   -5.903375242
    0.785398163    2.792526803   47.162456129  -17.654454862   -9.591874912
    0.981747704    2.792526803   44.808580400   -5.386101587  -12.128368869
    1.178097245    2.792526803   45.279112431   10.201986004  -13.013112190
    1.374446786    2.792526803   48.649681031   23.181157585  -12.202326205
    1.570796327    2.792526803   53.890686295   28.656982641  -10.157868670
    1.767145868    2.792526803   59.259971927   24.383134595   -7.628243139
    1.963495408    2.792526803   62.882698944   11.239880207   -5.309237731
    2.159844949    2.792526803   63.287156766   -7.775550116   -3.603416320
    2.356194490    2.792526803   59.705095586  -28.671665962   -2.559945527
    2.552544031    2.792526803   52.174597053  -47.312717768   -1.967866209
    2.748893572    2.792526803   41.523995587  -59.847987325   -1.501617601
    2.945243113    2.792526803   29.275724225  -63.212721889   -0.855029493
