#! FIELDS phi psi file.free der_phi der_psi
#! SET min_phi -pi
#! SET max_phi pi
#! SET nbins_phi  32
#! SET periodic_phi true
#! SET min_psi -pi
#! SET max_psi pi
#! SET nbins_psi  18
#! SET periodic_psi true
   -3.141592654   -3.141592654   18.566678036  -54.946200886   14.859881290
   -2.945243113   -3.141592654    9.522717416  -36.281257682   17.368845057
   -2.748893572   -3.141592654    4.528491098  -14.710370075   19.202557422
   -2.552544031   -3.141592654    3.540644737    3.603849256   20.462832871
   -2.356194490   -3.141592654    5.445328783   14.318830934   21.520046303
   -2.159844949   -3.141592654    8.614587238   16.724108538   22.872127802
   -1.963495408   -3.141592654   11.661343655   13.816072482   24.877949920
   -1.767145868   -3.141592654   14.020052682   10.570743622   27.496120199
   -1.570796327   -3.141592654   16.080117004   11.313502486   30.207683488
   -1.374446786   -3.141592654   18.839097239   17.677353856   32.198897180
   -1.178097245   -3.141592654   23.293935005   28.060821550   32.711618834
   -0.981747704   -3.141592654   29.885291613   38.719596971   31.348907653
   -0.785398163   -3.141592654   38.250079724   45.439900372   28.172783660
   -0.589048623   -3.141592654   47.290895260   45.241728452   23.585704889
   -0.392699082   -3.141592654   55.507242490   37.005536343   18.109047507
   -0.196349541   -3.141592654   61.370211111   21.621010352   12.201185525
    0.000000000   -3.141592654   63.708893960    1.702280331    6.182518856
    0.196349541   -3.141592654   62.028378326  -18.484563608    0.282498214
    0.392699082   -3.141592654   56.789761383  -33.640244644   -5.244915058
    0.589048623   -3.141592654   49.489205105  -38.771025668  -10.012197063
    0.785398163   -3.141592654   42.406714807  -31.321767711  -13.511820218
    0.981747704   -3.141592654   37.930595139  -12.877253649  -15.283159276
    1.178097245   -3.141592654   37.702935107   10.711856987  -15.154387678
    1.374446786   -3.141592654   41.947263389   31.302839587  -13.380969504
    1.570796327   -3.141592654   49.329928403   41.749332229  -10.545036120
    1.767145868   -3.141592654   57.435895387   38.455705459   -7.289602599
    1.963495408   -3.141592654   63.589986902   22.380110667   -4.046255404
    2.159844949   -3.141592654   65.678622256   -1.988640616   -0.943397776
    2.356194490   -3.141592654   62.674908545  -28.403397294    2.112524645
    2.552544031   -3.141592654   54.800848699  -50.636948055    5.260895340
    2.748893572   -3.141592654   43.387878436  -63.792226579    8.540227017
    2.945243113   -3.141592654   30.527922691  -65.181002647   11.824988149

   -3.141592654   -2.792526803   25.627420623  -49.734117779   22.727950453
   -2.945243113   -2.792526803   17.438766892  -32.844949196   25.373235713
   -2.748893572   -2.792526803   12.938753036  -13.071428705   26.879741332
   -2.552544031   -2.792526803   12.138791202    4.023691438   27.447597481
   -2.356194490   -2.792526803   14.089733067   14.564024448   27.594262296
   -2.159844949   -2.792526803   17.381578790   17.882706945   27.949264221
   -1.963495408   -2.792526803   20.799409038   16.464665606   28.941630943
   -1.767145868   -2.792526803   23.805648926   14.383365095   30.533814055
   -1.570796327   -2.792526803   26.635429120   15.089598143   32.172864960
   -1.374446786   -2.792526803   30.000502422   19.812853393   33.011439005
   -1.178097245   -2.792526803   34.596769756   27.198794242   32.284399261
   -0.981747704   -2.792526803   40.665958412   34.238192345   29.627012794
   -0.785398163   -2.792526803   47.807953556   37.575686419   25.174340262
   -0.589048623   -2.792526803   55.039625915   34.867411239   19.440007630
   -0.392699082   -2.792526803   61.066141031   25.284097207   13.072074268
   -0.196349541   -2.792526803   64.589378475    9.693351098    6.648741965
    0.000000000   -2.792526803   64.644961241   -9.481849406    0.571581020
    0.196349541   -2.792526803   60.902331315  -28.195414595   -4.899935986
    0.392699082   -2.792526803   53.950383591  -41.285262065   -9.544098893
    0.589048623   -2.792526803   45.394076525  -43.834607333  -13.077070517
    0.785398163   -2.792526803   37.602671614  -33.430766343  -15.164933241
    0.981747704   -2.792526803   33.007152424  -12.008057434  -15.560490257
    1.178097245   -2.792526803   33.205716115   14.071072061  -14.287385534
    1.374446786   -2.792526803   38.281407688   36.254460995  -11.708398044
    1.570796327   -2.792526803   46.712424697   47.340124543   -8.382980819
    1.767145868   -2.792526803   55.925455707   44.090488731   -4.813513261
    1.963495408   -2.792526803   63.179098326   27.972674604   -1.230961945
    2.159844949   -2.792526803   66.382673965    3.833127817    2.411124061
    2.356194490   -2.792526803   64.569959396  -22.067700988    6.283991805
    2.552544031   -2.792526803   57.994664650  -43.778262800   10.474715233
    2.748893572   -2.792526803   47.952322049  -56.787826980   14.858703249
    2.945243113   -2.792526803   36.428897884  -58.704652133   19.093475567

   -3.141592654   -2.443460953   33.260287068  -44.568218938   20.942818122
   -2.945243113   -2.443460953   25.915577761  -29.460666054   23.102986654
   -2.748893572   -2.443460953   21.905880822  -11.410736683   24.240436378
   -2.552544031   -2.443460953   21.305968440    4.534899854   24.531996570
   -2.356194490   -2.443460953   23.316936824   14.821272727   24.379858582
   -2.159844949   -2.443460953   26.702832294   18.682002959   24.247834207
   -1.963495408   -2.443460953   30.356235906   18.039030003   24.429507612
   -1.767145868   -2.443460953   33.707710743   16.169404045   24.864520608
   -1.570796327   -2.443460953   36.814495620   15.902174401   25.123863317
   -1.374446786   -2.443460953   40.135530389   18.365985499   24.592273289
   -1.178097245   -2.443460953   44.152528152   22.680942568   22.754805650
   -0.981747704   -2.443460953   49.025076711   26.642910659   19.428474902
   -0.785398163   -2.443460953   54.430201214   27.662965614   14.821599481
   -0.589048623   -2.443460953   59.582759284   23.820466347    9.427155490
   -0.392699082   -2.443460953   63.428314247   14.312495214    3.817210473
   -0.196349541   -2.443460953   64.882196443   -0.287440237   -1.522005774
    0.000000000   -2.443460953   63.120872926  -17.947367502   -6.288983911
    0.196349541   -2.443460953   57.883697076  -34.928300701  -10.335053884
    0.392699082   -2.443460953   49.789192541  -46.160259970  -13.569062625
    0.589048623   -2.443460953   40.473083230  -46.651455450  -15.847813166
    0.785398163   -2.443460953   32.351444775  -33.932129983  -16.953113434
    0.981747704   -2.443460953   27.893571580  -10.107858840  -16.684336499
    1.178097245   -2.443460953   28.677944824   18.054989565  -15.025134346
    1.374446786   -2.443460953   34.684027224   41.617785155  -12.234872865
    1.570796327   -2.443460953   44.236037717   53.273849892   -8.765923311
    1.767145868   -2.443460953   54.623989285   50.077424474   -5.060923288
    1.963495408   -2.443460953   63.049639320   33.946817922   -1.354900296
    2.159844949   -2.443460953   67.445372472   10.052183567    2.349203658
    2.356194490   -2.443460953   66.900451207  -15.355994057    6.162827937
    2.552544031   -2.443460953   61.691536707  -36.616801806   10.130755825
    2.748893572   -2.443460953   53.067992834  -49.602400467   14.126601201
    2.945243113   -2.443460953   42.903251801  -52.182108097   17.852649240

   -3.141592654   -2.094395102   39.367855034  -40.309019413   13.510246864
   -2.945243113   -2.094395102   32.723824583  -26.627960963   14.748603083
   -2.748893572   -2.094395102   29.124220870  -10.048067390   15.383837966
   -2.552544031   -2.094395102   28.668632734    4.716158333   15.532560776
   -2.356194490   -2.094395102   30.640791348   14.337318181   15.372417017
   -2.159844949   -2.094395102   33.906552629   17.998254180   15.058765630
   -1.963495408   -2.094395102   37.418492415   17.256216981   14.629250449
   -1.767145868   -2.094395102   40.576203392   14.871063686   13.956897095
   -1.570796327   -2.094395102   43.315182848   13.317912356   12.794812367
   -1.374446786   -2.094395102   45.941700201   13.794057791   10.901811982
   -1.178097245   -2.094395102   48.843316680   15.922779016    8.179975867
   -0.981747704   -2.094395102   52.208594897   18.189849647    4.744237066
   -0.785398163   -2.094395102   55.868109109   18.537598621    0.887730672
   -0.589048623   -2.094395102   59.257062000   15.163905121   -3.018874017
   -0.392699082   -2.094395102   61.522554596    6.991628710   -6.651026007
   -0.196349541   -2.094395102   61.702912714   -5.918735539   -9.797322055
    0.000000000   -2.094395102   58.995184561  -22.000340721  -12.400665675
    0.196349541   -2.094395102   53.088202002  -37.757380818  -14.509600362
    0.392699082   -2.094395102   44.532907652  -48.046672420  -16.190200391
    0.589048623   -2.094395102   34.936917863  -47.581021692  -17.408636823
    0.785398163   -2.094395102   26.750089696  -33.595551015  -17.977073350
    0.981747704   -2.094395102   22.511884784   -8.157464901  -17.618861279
    1.178097245   -2.094395102   23.845882296   21.682626370  -16.145594425
    1.374446786   -2.094395102   30.703033801   46.572884816  -13.612474236
    1.570796327   -2.094395102   41.309187002   58.945640717  -10.329929206
    1.767145868   -2.094395102   52.836192331   55.937366314   -6.721521878
    1.963495408   -2.094395102   62.409741877   39.764745043   -3.124815012
    2.159844949   -2.094395102   67.947428288   15.885757102    0.294781351
    2.356194490   -2.094395102   68.561209455   -9.380494273    3.512985830
    2.552544031   -2.094395102   64.540319014  -30.519445519    6.528263803
    2.748893572   -2.094395102   57.106308489  -43.652296999    9.285491036
    2.945243113   -2.094395102   48.059519663  -46.834199238   11.659480086

   -3.141592654   -1.745329252   42.495860525  -38.026261717    6.329258006
   -2.945243113   -1.745329252   36.226018015  -25.137758368    6.759869677
   -2.748893572   -1.745329252   32.830388773   -9.477445127    6.859292077
   -2.552544031   -1.745329252   32.393914428    4.345863228    6.627275585
   -2.356194490   -1.745329252   34.207227813   13.106899093    6.028789906
   -2.159844949   -1.745329252   37.154015796   15.986994180    4.997369204
   -1.963495408   -1.745329252   40.193709393   14.443103828    3.450603017
   -1.767145868   -1.745329252   42.709867670   11.124475626    1.332631607
   -1.570796327   -1.745329252   44.611049992    8.524395983   -1.329558064
   -1.374446786   -1.745329252   46.197976164    8.039778499   -4.383307834
   -1.178097245   -1.745329252   47.904476105    9.598655533   -7.553630038
   -0.981747704   -1.745329252   50.022831492   11.935065637  -10.505315556
   -0.785398163   -1.745329252   52.518856790   13.056279801  -12.937399364
   -0.589048623   -1.745329252   54.953661427   10.993001259  -14.664379211
   -0.392699082   -1.745329252   56.549652723    4.359196090  -15.665414421
   -0.196349541   -1.745329252   56.354140511   -7.167037281  -16.068379613
    0.000000000   -1.745329252   53.501801986  -22.317858501  -16.127209255
    0.196349541   -1.745329252   47.576045435  -37.722946323  -16.132997957
    0.392699082   -1.745329252   39.024016564  -48.087682247  -16.304871585
    0.589048623   -1.745329252   29.406545032  -47.720257366  -16.661143666
    0.785398163   -1.745329252   21.216141562  -33.386552389  -16.961722538
    0.981747704   -1.745329252   17.108124208   -6.932266360  -16.786377115
    1.178097245   -1.745329252   18.824941653   24.399773548  -15.748283857
    1.374446786   -1.745329252   26.365292958   50.763067906  -13.710350718
    1.570796327   -1.745329252   37.901005945   64.104955646  -10.864737205
    1.767145868   -1.745329252   50.480350748   61.382837056   -7.625961027
    1.963495408   -1.745329252   61.104741810   44.948669740   -4.421843975
    2.159844949   -1.745329252   67.612642229   20.563509331   -1.546382842
    2.356194490   -1.745329252   69.093968215   -5.217861292    0.882394109
    2.552544031   -1.745329252   65.847339646  -26.785816607    2.853906495
    2.748893572   -1.745329252   59.108555608  -40.308952498    4.400441355
    2.945243113   -1.745329252   50.675923214  -43.943056526    5.550467847

   -3.141592654   -1.396263402   41.740103063  -38.625516846    4.482882122
   -2.945243113   -1.396263402   35.354129603  -25.713426632    4.215044005
   -2.748893572   -1.396263402   31.848789650  -10.046331395    3.613629350
   -2.552544031   -1.396263402   31.282226762    3.525783807    2.655748749
   -2.356194490   -1.396263402   32.876156644   11.611967499    1.247466541
   -2.159844949   -1.396263402   35.425221171   13.362346026   -0.746516951
   -1.963495408   -1.396263402   37.812864603   10.403633809   -3.427687341
   -1.767145868   -1.396263402   39.399134119    5.741698291   -6.755669969
   -1.570796327   -1.396263402   40.151196185    2.328351535  -10.479083012
   -1.374446786   -1.396263402   40.514168392    1.943867201  -14.156702808
   -1.178097245   -1.396263402   41.119909859    4.652935265  -17.272422544
   -0.981747704   -1.396263402   42.453201467    8.996604781  -19.396108821
   -0.785398163   -1.396263402   44.606140729   12.521284446  -20.310094885
   -0.589048623   -1.396263402   47.162741958   12.692447642  -20.048016729
   -0.392699082   -1.396263402   49.261634602    7.646052751  -18.866994617
   -0.196349541   -1.396263402   49.790509354   -3.250618298  -17.156518898
    0.000000000   -1.396263402   47.684833093  -18.793973802  -15.363037588
    0.196349541   -1.396263402   42.340740059  -35.434641447  -13.874982122
    0.392699082   -1.396263402   34.079607114  -47.427921387  -12.916180633
    0.589048623   -1.396263402   24.446800879  -48.438478546  -12.455701002
    0.785398163   -1.396263402   16.048327757  -34.607401724  -12.206081094
    0.981747704   -1.396263402   11.747440865   -7.490982625  -11.739419155
    1.178097245   -1.396263402   13.500791805   25.436108920  -10.695805813
    1.374446786   -1.396263402   21.431390008   53.675623235   -8.954390654
    1.570796327   -1.396263402   33.692393723   68.446928437   -6.674849401
    1.767145868   -1.396263402   47.193577721   66.260427755   -4.188181776
    1.963495408   -1.396263402   58.751049041   49.430765275   -1.819749505
    2.159844949   -1.396263402   66.044966339   24.011328420    0.220517999
    2.356194490   -1.396263402   68.078871482   -3.052690492    1.859886126
    2.552544031   -1.396263402   65.137146513  -25.809103158    3.094972594
    2.748893572   -1.396263402   58.496865355  -40.221907871    3.939643846
    2.945243113   -1.396263402   50.024874776  -44.367242872    4.398639247

   -3.141592654   -1.047197551   39.902514028  -41.533814224    5.544752946
   -2.945243113   -1.047197551   32.956420886  -28.456374615    4.488961588
   -2.748893572   -1.047197551   28.949576847  -12.403974634    2.886829856
   -2.552544031   -1.047197551   27.949542443    1.408254399    0.814244709
   -2.356194490   -1.047197551   29.113119247    9.243827707   -1.715494140
   -2.159844949   -1.047197551   31.121331714   10.127797553   -4.762541071
   -1.963495408   -1.047197551   32.755687392    5.947694963   -8.375058739
   -1.767145868   -1.047197551   33.359720702    0.287643389  -12.434721967
   -1.570796327   -1.047197551   33.009107194   -3.262056150  -16.557881989
   -1.374446786   -1.047197551   32.360340888   -2.559952825  -20.144730020
   -1.178097245   -1.047197551   32.282603236    2.346714465  -22.572190561
   -0.981747704   -1.047197551   33.431661690    9.465472933  -23.428700006
   -0.785398163   -1.047197551   35.944242859   15.639252382  -22.658375720
   -0.589048623   -1.047197551   39.317464084   17.726380922  -20.553979228
   -0.392699082   -1.047197551   42.506196501   13.518540285  -17.646783976
   -0.196349541   -1.047197551   44.175419782    2.302663435  -14.531059278
    0.000000000   -1.047197551   43.047348855  -14.526561816  -11.717020092
    0.196349541   -1.047197551   38.365364275  -33.007270166   -9.496056557
    0.392699082   -1.047197551   30.397295454  -46.814509582   -7.887235222
    0.589048623   -1.047197551   20.753934801  -49.016817574   -6.679221206
    0.785398163   -1.047197551   12.207211564  -35.363049792   -5.567125129
    0.981747704   -1.047197551    7.826595212   -7.412355998   -4.313793377
    1.178097245   -1.047197551    9.732222545   26.951461572   -2.856880129
    1.374446786   -1.047197551   18.105238342   56.603066482   -1.294185441
    1.570796327   -1.047197551   31.036528392   72.212068279    0.210567586
    1.767145868   -1.047197551   45.292612029   70.040652196    1.540025750
    1.963495408   -1.047197551   57.531094824   52.475870909    2.677231715
    2.159844949   -1.047197551   65.309725306   25.850192098    3.674061100
    2.356194490   -1.047197551   67.570122668   -2.592698404    4.579406375
    2.552544031   -1.047197551   64.587158865  -26.661642437    5.360887669
    2.748893572   -1.047197551   57.668358359  -42.154482509    5.892151053
    2.945243113   -1.047197551   48.739897094  -47.013080135    5.999214010

   -3.141592654   -0.698131701   40.462533273  -44.395658905    4.617422057
   -2.945243113   -0.698131701   32.868563233  -32.146097402    2.423813991
   -2.748893572   -0.698131701   28.079003519  -16.641191292   -0.345950662
   -2.552544031   -0.698131701   26.208310903   -3.214631372   -3.464585597
   -2.356194490   -0.698131701   26.422418382    4.169325491   -6.800303183
   -2.159844949   -0.698131701   27.374501075    4.421628893  -10.355597326
   -1.963495408   -0.698131701   27.825712767   -0.354948446  -14.146668547
   -1.767145868   -0.698131701   27.173028443   -6.070746944  -17.992543678
   -1.570796327   -0.698131701   25.651581377   -8.625246692  -21.404600532
   -1.374446786   -0.698131701   24.146786568   -5.729130358  -23.700389340
   -1.178097245   -0.698131701   23.734503873    2.191206106  -24.300811666
   -0.981747704   -0.698131701   25.160769392   12.387390282  -23.019830501
   -0.785398163   -0.698131701   28.495700929   20.924994848  -20.163005425
   -0.589048623   -0.698131701   33.041599362   24.161058950  -16.388127114
   -0.392699082   -0.698131701   37.498445667   19.795557700  -12.448700873
   -0.196349541   -0.698131701   40.296219192    7.381803559   -8.930923029
    0.000000000   -0.698131701   40.001982810  -11.146988097   -6.100323803
    0.196349541   -0.698131701   35.823380651  -31.185521337   -3.863363617
    0.392699082   -0.698131701   28.112675136  -45.873087490   -1.879454086
    0.589048623   -0.698131701   18.641207495  -48.070772944    0.208731896
    0.785398163   -0.698131701   10.340374679  -33.737351287    2.532076774
    0.981747704   -0.698131701    6.365959619   -4.929369883    4.891952540
    1.178097245   -0.698131701    8.821581365   29.980223483    6.871272772
    1.374446786   -0.698131701   17.798959448   59.631228049    8.100339457
    1.570796327   -0.698131701   31.285232797   74.775280726    8.475445361
    1.767145868   -0.698131701   45.980885490   71.943474699    8.206348704
    1.963495408   -0.698131701   58.531633651   53.772387224    7.678094621
    2.159844949   -0.698131701   66.517715928   26.689388844    7.240193854
    2.356194490   -0.698131701   68.903966949   -2.153642735    7.044600774
    2.552544031   -0.698131701   65.959293255  -26.743604722    6.987898862
    2.748893572   -0.698131701   58.953148517  -43.006623673    6.774699266
    2.945243113   -0.698131701   49.762863967  -48.853800537    6.061649784

   -3.141592654   -0.349065850   41.709113861  -48.581166943    3.097106738
   -2.945243113   -0.349065850   33.166183339  -37.532732880    0.232576958
   -2.748893572   -0.349065850   27.248243919  -22.636063674   -3.101911898
   -2.552544031   -0.349065850   24.185203126   -9.299353534   -6.584290980
   -2.356194490   -0.349065850   23.213816325   -1.816152524  -10.015475999
   -2.159844949   -0.349065850   22.995586734   -1.524940225  -13.367861452
   -1.963495408   -0.349065850   22.286484866   -6.175969080  -16.637600849
   -1.767145868   -0.349065850   20.547487911  -11.162527261  -19.609585469
   -1.570796327   -0.349065850   18.185879008  -11.883817138  -21.761094499
   -1.374446786   -0.349065850   16.315410384   -6.043289646  -22.435937268
   -1.178097245   -0.349065850   16.176482236    5.289347647  -21.208676302
   -0.981747704   -0.349065850   18.509858857   18.358139843  -18.180693648
   -0.785398163   -0.349065850   23.190600036   28.395102735  -13.997849596
   -0.589048623   -0.349065850   29.214518839   31.483662534   -9.574445281
   -0.392699082   -0.349065850   34.983712961   25.678652840   -5.709680052
   -0.196349541   -0.349065850   38.745359924   11.297226086   -2.783913126
    0.000000000   -0.349065850   39.048576924   -8.860127447   -0.656729457
    0.196349541   -0.349065850   35.236728772  -29.543263656    1.216482881
    0.392699082   -0.349065850   27.880146873  -43.740816314    3.481069163
    0.589048623   -0.349065850   18.939014015  -44.755293108    6.494314274
    0.785398163   -0.349065850   11.401721392  -29.384090505   10.053448243
    0.981747704   -0.349065850    8.315005968   -0.447145287   13.430963996
    1.178097245   -0.349065850   11.568981843   33.446858581   15.740436987
    1.374446786   -0.349065850   21.061002634   61.337991073   16.420195135
    1.570796327   -0.349065850   34.704024709   74.730744478   15.511898650
    1.767145868   -0.349065850   49.268455746   70.792367600   13.589809114
    1.963495408   -0.349065850   61.555244763   52.367081394   11.421118031
    2.159844949   -0.349065850   69.293237285   25.629723902    9.604089099
    2.356194490   -0.349065850   71.516164273   -2.789135094    8.354683670
    2.552544031   -0.349065850   68.455695515  -27.391366607    7.496360593
    2.748893572   -0.349065850   61.264161023  -44.368507647    6.604289534
    2.945243113   -0.349065850   51.684660451  -51.532080415    5.228109990

   -3.141592654    0.000000000   42.401611634  -53.357855112    0.884946824
   -2.945243113    0.000000000   32.815643117  -43.265649592   -1.902460942
   -2.748893572    0.000000000   25.730080795  -28.674679589   -4.914540027
   -2.552544031    0.000000000   21.498908658  -15.087820571   -7.863171595
   -2.356194490    0.000000000   19.435435541   -7.140730841  -10.597701126
   -2.159844949    0.000000000   18.216354765   -6.394536712  -13.123418004
   -1.963495408    0.000000000   16.605253888  -10.430812730  -15.437212432
   -1.767145868    0.000000000   14.139221317  -14.163682909  -17.313489168
   -1.570796327    0.000000000   11.392484942  -12.631285583  -18.257547269
   -1.374446786    0.000000000    9.667315100   -3.733493510  -17.724511205
   -1.178097245    0.000000000   10.290318641   10.651931285  -15.481944241
   -0.981747704    0.000000000   13.899595467   25.748962181  -11.843127105
   -0.785398163    0.000000000   20.095564754   36.144602924   -7.589453421
   -0.589048623    0.000000000   27.541047903   37.992689673   -3.618021813
   -0.392699082    0.000000000   34.387333552   30.074945089   -0.534017502
   -0.196349541    0.000000000   38.810912672   13.754036916    1.595705288
    0.000000000    0.000000000   39.491098799   -7.242523170    3.243630539
    0.196349541    0.000000000   36.039228815  -27.246760688    5.172432407
    0.392699082    0.000000000   29.302964482  -39.598464932    8.034499310
    0.589048623    0.000000000   21.376966980  -38.655786921   11.962341545
    0.785398163    0.000000000   15.143768278  -22.495739887   16.381257858
    0.981747704    0.000000000   13.331645782    5.299849292   20.196221672
    1.178097245    0.000000000   17.457145210   36.361037529   22.312891538
    1.374446786    0.000000000   27.183608120   60.826901238   22.184135015
    1.570796327    0.000000000   40.438316089   71.497903922   20.046843544
    1.767145868    0.000000000   54.219499326   66.318673349   16.735876471
    1.963495408    0.000000000   65.629477172   48.115082928   13.232829156
    2.159844949    0.000000000   72.628425343   22.422760056   10.255451254
    2.356194490    0.000000000   74.329805594   -4.956593630    8.050083483
    2.552544031    0.000000000   70.895733032  -29.171053984    6.428334779
    2.748893572    0.000000000   63.320371500  -46.642899318    4.953617318
    2.945243113    0.000000000   53.187184111  -54.977008856    3.186071260

   -3.141592654    0.349065850   43.807073769  -56.510263138    0.020905179
   -2.945243113    0.349065850   33.519346829  -47.194531666   -1.675362053
   -2.748893572    0.349065850   25.614813563  -33.003086680   -3.407387074
   -2.552544031    0.349065850   20.527472416  -19.419385270   -5.070707823
   -2.356194490    0.349065850   17.632981898  -11.243114575   -6.640016486
   -2.159844949    0.349065850   15.642530773  -10.115669318   -8.145473289
   -1.963495408    0.349065850   13.361978457  -13.447406555   -9.541989950
   -1.767145868    0.349065850   10.422751126  -15.837824874  -10.588320415
   -1.570796327    0.349065850    7.541788434  -12.212480315  -10.877651103
   -1.374446786    0.349065850    6.141064954   -0.843061100  -10.051200344
   -1.178097245    0.349065850    7.548530093   15.611373739   -8.061761115
   -0.981747704    0.349065850   12.243194328   31.607145310   -5.278681092
   -0.785398163    0.349065850   19.558477054   41.463221292   -2.337139865
   -0.589048623    0.349065850   27.904944265   41.748221610    0.185681071
   -0.392699082    0.349065850   35.316305778   32.134146642    2.072646759
   -0.196349541    0.349065850   40.039785375   14.953814189    3.572511135
    0.000000000    0.349065850   40.988036152   -5.451277061    5.294115721
    0.196349541    0.349065850   38.066249724  -23.444892092    7.903823177
    0.392699082    0.349065850   32.335656466  -33.154501539   11.754404161
    0.589048623    0.349065850   25.891137070  -30.243457877   16.581083230
    0.785398163    0.349065850   21.353698705  -14.034198412   21.461921303
    0.981747704    0.349065850   21.011616794   11.426318662   25.128477929
    1.178097245    0.349065850   25.958643130   38.412080137   26.528825925
    1.374446786    0.349065850   35.649272374   58.496261915   25.315385684
    1.570796327    0.349065850   48.100118289   65.930803423   21.973270643
    1.767145868    0.349065850   60.625566448   59.432550669   17.530109959
    1.963495408    0.349065850   70.706494567   41.717504118   13.063099503
    2.159844949    0.349065850   76.591480734   17.572692478    9.311875279
    2.356194490    0.349065850   77.511171599   -8.112223614    6.524426354
    2.552544031    0.349065850   73.581239149  -31.200261043    4.546195846
    2.748893572    0.349065850   65.647221675  -48.417933103    3.016329805
    2.945243113    0.349065850   55.125425308  -57.260130610    1.577935770

   -3.141592654    0.698131701   45.303661140  -57.240525263   -0.584835488
   -2.945243113    0.698131701   34.821505116  -48.445095914   -0.710635117
   -2.748893572    0.698131701   26.615575497  -34.802922320   -0.752849945
   -2.552544031    0.698131701   21.128459446  -21.660837365   -0.873258477
   -2.356194490    0.698131701   17.763733509  -13.751892152   -1.204828741
   -2.159844949    0.698131701   15.275024712  -12.625218350   -1.794819142
   -1.963495408    0.698131701   12.533275984  -15.556262884   -2.549163535
   -1.767145868    0.698131701    9.260218168  -17.046078212   -3.234899914
   -1.570796327    0.698131701    6.265769522  -12.115334389   -3.569623541
   -1.374446786    0.698131701    5.020407604    0.608239477   -3.366101659
   -1.178097245    0.698131701    6.814408716   17.987533347   -2.637948659
   -0.981747704    0.698131701   12.006080966   34.160262049   -1.579245739
   -0.785398163    0.698131701   19.782111074   43.520216974   -0.421752089
   -0.589048623    0.698131701   28.461877172   43.109594339    0.739862301
   -0.392699082    0.698131701   36.103369105   33.240410603    2.054274057
   -0.196349541    0.698131701   41.095096082   16.765818500    3.872962796
    0.000000000    0.698131701   42.558267888   -1.855033652    6.612397854
    0.196349541    0.698131701   40.578288829  -17.398716179   10.522292079
    0.392699082    0.698131701   36.264392266  -24.907549241   15.460468276
    0.589048623    0.698131701   31.552680125  -21.153473510   20.763049653
    0.785398163    0.698131701   28.710051220   -6.250200202   25.344829683
    0.981747704    0.698131701   29.590356162   15.792930557   28.053238335
    1.178097245    0.698131701   34.954113361   38.210932587   28.150100898
    1.374446786    0.698131701   44.169371577   54.026462870   25.639733619
    1.570796327    0.698131701   55.441130019   58.717246109   21.247167275
    1.767145868    0.698131701   66.445351755   51.480100939   16.065625973
    1.963495408    0.698131701   75.037231810   34.731378206   11.101162607
    2.159844949    0.698131701   79.728660394   12.482893254    6.987285766
    2.356194490    0.698131701   79.850955870  -11.181001193    3.929848408
    2.552544031    0.698131701   75.482800399  -32.701864296    1.845962900
    2.748893572    0.698131701   67.351031144  -49.053304435    0.531201247
    2.945243113    0.698131701   56.732725813  -57.704019630   -0.221489695

   -3.141592654    1.047197551   43.779448398  -57.325021514   -5.553997631
   -2.945243113    1.047197551   33.362609100  -47.727415066   -4.639807027
   -2.748893572    1.047197551   25.346220136  -33.653400839   -3.348481224
   -2.552544031    1.047197551   20.090543959  -20.522234078   -2.056149354
   -2.356194490    1.047197551   16.916108699  -12.997624647   -1.056299882
   -2.159844949    1.047197551   14.522798041  -12.409897301   -0.475273810
   -1.963495408    1.047197551   11.777316314  -15.772435219   -0.270455411
   -1.767145868    1.047197551    8.442045508  -17.412774054   -0.308576634
   -1.570796327    1.047197551    5.384203280  -12.361361882   -0.461724897
   -1.374446786    1.047197551    4.113320243    0.591148182   -0.656079287
   -1.178097245    1.047197551    5.923131030   18.142718306   -0.844953627
   -0.981747704    1.047197551   11.155974934   34.419044940   -0.932111069
   -0.785398163    1.047197551   19.000963014   44.004383714   -0.714435551
   -0.589048623    1.047197551   27.830676644   44.248883639    0.100241035
   -0.392699082    1.047197551   35.813589962   35.694291030    1.821023598
   -0.196349541    1.047197551   41.472294780   21.201394199    4.656192190
    0.000000000    1.047197551   44.032090680    4.890297489    8.629286172
    0.196349541    1.047197551   43.582799125   -8.674432743   13.491294152
    0.392699082    1.047197551   41.087615351  -15.370456104   18.674728090
    0.589048623    1.047197551   38.180553115  -12.651132040   23.323102460
    0.785398163    1.047197551   36.739997119   -0.775391970   26.470212595
    0.981747704    1.047197551   38.277244549   16.869389057   27.348333091
    1.178097245    1.047197551   43.396382271   34.726126489   25.703851084
    1.374446786    1.047197551   51.560218063   47.063359972   21.919287267
    1.570796327    1.047197551   61.268186049   50.070298188   16.847876938
    1.767145868    1.047197551   70.554785898   42.875140704   11.455097620
    1.963495408    1.047197551   77.558605611   27.281319711    6.472377972
    2.159844949    1.047197551   80.936796398    6.567380442    2.273081112
    2.356194490    1.047197551   80.042793557  -15.651995883   -1.053463984
    2.552544031    1.047197551   74.920286029  -35.946875412   -3.514374069
    2.748893572    1.047197551   66.259798221  -51.202933077   -5.097202180
    2.945243113    1.047197551   55.323173380  -58.792484727   -5.766547220

   -3.141592654    1.396263402   38.829669068  -56.365216051  -11.420609942
   -2.945243113    1.396263402   28.807050122  -44.769020492  -10.416966510
   -2.748893572    1.396263402   21.499604471  -29.553548185   -8.698260555
   -2.552544031    1.396263402   17.078488793  -16.278701397   -6.661561855
   -2.356194490    1.396263402   14.683756352   -9.400964016   -4.659767325
   -2.159844949    1.396263402   12.897334472   -9.859485730   -2.905132315
   -1.963495408    1.396263402   10.542019404  -14.343821872   -1.473996026
   -1.767145868    1.396263402    7.382966868  -17.032511400   -0.385618907
   -1.570796327    1.396263402    4.305925657  -12.918951889    0.334699057
   -1.374446786    1.396263402    2.849149588   -0.702421999    0.673765339
   -1.178097245    1.396263402    4.367427868   16.557799374    0.713653025
   -0.981747704    1.396263402    9.320969579   33.298984134    0.701185118
   -0.785398163    1.396263402   17.068127024   44.273274126    1.027347795
   -0.589048623    1.396263402   26.155849958   46.714252301    2.101845482
   -0.392699082    1.396263402   34.874725819   40.739681440    4.210751657
   -0.196349541    1.396263402   41.766942659   28.639484412    7.395311942
    0.000000000    1.396263402   45.961865091   13.931746502   11.423410435
    0.196349541    1.396263402   47.342366958    0.671803735   15.791983288
    0.392699082    1.396263402   46.581144271   -7.337468223   19.790358689
    0.589048623    1.396263402   44.989700882   -7.521369734   22.623484219
    0.785398163    1.396263402   44.175083856    0.358552626   23.618926976
    0.981747704    1.396263402   45.519457526   13.832446192   22.460384705
    1.178097245    1.396263402   49.694544690   28.357639847   19.335128768
    1.374446786    1.396263402   56.400957688   38.850975117   14.878998133
    1.570796327    1.396263402   64.441279778   41.509164351    9.916712244
    1.767145868    1.396263402   72.095879984   34.902818508    5.145217592
    1.963495408    1.396263402   77.617353690   20.147647246    0.922335939
    2.159844949    1.396263402   79.664799508    0.109624757   -2.704676610
    2.356194490    1.396263402   77.558499611  -21.528929209   -5.820844860
    2.552544031    1.396263402   71.358379383  -40.961688317   -8.429434810
    2.748893572    1.396263402   61.847176044  -54.729610916  -10.377616017
    2.945243113    1.396263402   50.417377242  -60.195621084  -11.426815852

   -3.141592654    1.745329252   32.508391640  -56.218530999  -17.066037097
   -2.945243113    1.745329252   22.738517802  -42.404686215  -16.256944438
   -2.748893572    1.745329252   16.064488992  -25.602827636  -14.393015746
   -2.552544031    1.745329252   12.503563588  -11.619833319  -11.817320223
   -2.356194490    1.745329252   11.024870441   -4.849470621   -8.882270113
   -2.159844949    1.745329252   10.072808654   -5.986348034   -5.849288937
   -1.963495408    1.745329252    8.382828125  -11.480427893   -2.893661216
   -1.767145868    1.745329252    5.672619735  -15.342121592   -0.179771041
   -1.570796327    1.745329252    2.811449144  -12.394390217    2.098680583
   -1.374446786    1.745329252    1.364520315   -1.053712944    3.777774110
   -1.178097245    1.745329252    2.780175975   15.996868627    4.845007385
   -0.981747704    1.745329252    7.681063837   33.487121887    5.515892167
   -0.785398163    1.745329252   15.618205088   46.145247045    6.183199215
   -0.589048623    1.745329252   25.289513409   50.825501026    7.246414788
   -0.392699082    1.745329252   35.035117036   47.009278662    8.941814309
   -0.196349541    1.745329252   43.314931909   36.333966913   11.225099208
    0.000000000    1.745329252   49.061310666   21.803792850   13.778430734
    0.196349541    1.745329252   51.883924511    7.237647336   16.067769955
    0.392699082    1.745329252   52.168524229   -3.451543193   17.476154109
    0.589048623    1.745329252   50.999394895   -7.187299057   17.481652009
    0.785398163    1.745329252   49.889358506   -2.912857071   15.852338173
    0.981747704    1.745329252   50.298479110    7.780709894   12.765813896
    1.178097245    1.745329252   53.125260790   20.928631500    8.771610218
    1.374446786    1.745329252   58.356527704   31.450424525    4.578927099
    1.570796327    1.745329252   65.024367717   35.008843028    0.763405688
    1.767145868    1.745329252   71.505092830   29.400732185   -2.436502942
    1.963495408    1.745329252   76.008714033   15.181569360   -5.145754573
    2.159844949    1.745329252   77.086033556   -4.878131872   -7.668988233
    2.356194490    1.745329252   73.978082381  -26.721926302  -10.240700330
    2.552544031    1.745329252   66.764892198  -45.974401980  -12.827072199
    2.748893572    1.745329252   56.351083045  -58.750620786  -15.113762760
    2.945243113    1.745329252   44.299737485  -62.373102798  -16.648518914

   -3.141592654    2.094395102   25.693749354  -56.696129485  -19.414170287
   -2.945243113    2.094395102   16.043055328  -40.738294173  -18.953139646
   -2.748893572    2.094395102    9.882033955  -22.135129033  -17.210492147
   -2.552544031    2.094395102    7.131985561   -6.936790119  -14.398716564
   -2.356194490    2.094395102    6.644046981    0.467067047  -10.822384568
   -2.159844949    2.094395102    6.759843162   -0.495482186   -6.780029207
   -1.963495408    2.094395102    6.133681687   -6.199588673   -2.544217924
   -1.767145868    2.094395102    4.408831146  -10.652846277    1.594811544
   -1.570796327    2.094395102    2.382074347   -8.631372077    5.311775013
   -1.374446786    2.094395102    1.571696789    1.673630766    8.311988479
   -1.178097245    2.094395102    3.440838561   17.959878880   10.450297431
   -0.981747704    2.094395102    8.700691249   35.290066211   11.803995139
   -0.785398163    2.094395102   17.031634893   48.437439295   12.628836909
   -0.589048623    2.094395102   27.234875727   53.967947416   13.209072571
   -0.392699082    2.094395102   37.673764977   50.849597963   13.712061713
   -0.196349541    2.094395102   46.726491353   40.222756151   14.092109213
    0.000000000    2.094395102   53.161860553   24.755174981   14.105542225
    0.196349541    2.094395102   56.386897742    8.226395433   13.381655589
    0.392699082    2.094395102   56.610117737   -5.142952396   11.579783514
    0.589048623    2.094395102   54.831851417  -11.649382619    8.578949287
    0.785398163    2.094395102   52.622552799   -9.470324584    4.623365706
    0.981747704    2.094395102   51.638774616    0.394046033    0.311345283
    1.178097245    2.094395102   53.049366558   14.104962952   -3.607697407
    1.374446786    2.094395102   57.080962717   26.152494788   -6.547876563
    1.570796327    2.094395102   62.881182713   31.432690553   -8.338760273
    1.767145868    2.094395102   68.787134316   26.982079615   -9.268308696
    1.963495408    2.094395102   72.852197404   12.974277479   -9.916941593
    2.159844949    2.094395102   73.445602867   -7.698368401  -10.865566965
    2.356194490    2.094395102   69.694585210  -30.435399045  -12.435585253
    2.552544031    2.094395102   61.691254185  -50.188616350  -14.554154500
    2.748893572    2.094395102   50.469980376  -62.585634600  -16.804359041
    2.945243113    2.094395102   37.783007296  -64.858786339  -18.600010262

   -3.141592654    2.443460953   19.263735629  -57.685191895  -13.251364451
   -2.945243113    2.443460953    9.618470465  -39.680662764  -12.418981307
   -2.748893572    2.443460953    3.866308952  -19.073531780  -10.586362234
   -2.552544031    2.443460953    1.890745777   -2.178270313   -7.866645918
   -2.356194490    2.443460953    2.472346726    6.532473252   -4.427964473
   -2.159844949    2.443460953    3.876072357    6.490831957   -0.431576316
   -1.963495408    2.443460953    4.678153391    1.282244357    3.945734822
   -1.767145868    2.443460953    4.428891788   -3.203918333    8.429127821
   -1.570796327    2.443460953    3.812344365   -1.818179180   12.609959897
   -1.374446786    2.443460953    4.233404520    7.331930005   16.026635409
   -1.178097245    2.443460953    7.076460517   22.200475091   18.331624333
   -0.981747704    2.443460953   13.031814074   38.156937441   19.421071641
   -0.785398163    2.443460953   21.809038992   50.148089701   19.432071456
   -0.589048623    2.443460953   32.251720684   54.707232613   18.609303815
   -0.392699082    2.443460953   42.741191558   50.590379226   17.155461104
   -0.196349541    2.443460953   51.624015790   38.684795710   15.127805476
    0.000000000    2.443460953   57.595450792   21.487390858   12.449278028
    0.196349541    2.443460953   59.976711313    2.858919527    8.987490495
    0.392699082    2.443460953   58.938023905  -12.572797387    4.705135831
    0.589048623    2.443460953   55.549737082  -20.439544400   -0.179309209
    0.785398163    2.443460953   51.586415383  -18.281939658   -5.124042231
    0.981747704    2.443460953   48.999039935   -6.874565383   -9.379402345
    1.178097245    2.443460953   49.234691036    9.540778326  -12.266139643
    1.374446786    2.443460953   52.664928388   24.549972299  -13.480397059
    1.570796327    2.443460953   58.388577343   32.069441418  -13.232211983
    1.767145868    2.443460953   64.530054101   28.500899795  -12.141156569
    1.963495408    2.443460953   68.861475534   13.965217565  -10.964950176
    2.159844949    2.443460953   69.514109393   -8.181731480  -10.308359903
    2.356194490    2.443460953   65.499775238  -32.598024750  -10.436465660
    2.552544031    2.443460953   56.943720494  -53.518257779  -11.234160898
    2.748893572    2.443460953   45.031283207  -66.110094119  -12.302359599
    2.945243113    2.443460953   31.720792435  -67.519828000  -13.125288997

   -3.141592654    2.792526803   16.104898649  -57.472016783    0.177195550
   -2.945243113    2.792526803    6.620144765  -38.234156638    1.928609717
   -2.748893572    2.792526803    1.286852286  -16.255340563    3.850895798
   -2.552544031    2.792526803    0.000000000    2.004869664    5.919819071
   -2.356194490    2.792526803    1.531021411   11.996700164    8.242272102
   -2.159844949    2.792526803    4.121147397   13.071158551   11.017860748
   -1.963495408    2.792526803    6.299270943    8.640824681   14.379189981
   -1.767145868    2.792526803    7.525027169    4.341088152   18.194557828
   -1.570796327    2.792526803    8.343585932    5.112844444   21.992270936
   -1.374446786    2.792526803    9.998673771   12.852116089   25.089049120
   -1.178097245    2.792526803   13.739293103   25.760765675   26.863221147
   -0.981747704    2.792526803   20.183477016   39.571600914   26.994355388
   -0.785398163    2.792526803   29.033611635   49.497382633   25.529174778
   -0.589048623    2.792526803   39.158734464   52.142659170   22.762059724
   -0.392699082    2.792526803   48.963464901   46.176293265   19.047335422
   -0.196349541    2.792526803   56.796649773   32.400250761   14.651396285
    0.000000000    2.792526803   61.350566316   13.352265666    9.720239639
    0.196349541    2.792526803   61.972562068   -6.845060166    4.347819902
    0.392699082    2.792526803   58.931455165  -23.094726052   -1.284528437
    0.589048623    2.792526803   53.496023807  -30.521564463   -6.774828870
    0.785398163    2.792526803   47.719972189  -26.409006594  -11.490564712
    0.981747704    2.792526803   43.836358160  -11.781804901  -14.741942343
    1.178097245    2.792526803   43.471760924    8.340492696  -16.075627501
    1.374446786    2.792526803   46.995277522   26.543655983  -15.513958312
    1.570796327    2.792526803   53.322092822   35.971010820  -13.557887316
    1.767145868    2.792526803   60.290029290   32.779424640  -10.962651967
    1.963495408    2.792526803   65.391916402   17.379386629   -8.420621369
    2.159844949    2.792526803   66.571923794   -6.270933677   -6.343557932
    2.356194490    2.792526803   62.779794919  -32.197456859   -4.807248459
    2.552544031    2.792526803   54.188893747  -54.168942297   -3.637351628
    2.748893572    2.792526803   42.101020041  -67.123823256   -2.556497368
    2.945243113    2.792526803   28.614159423  -68.198285243   -1.323776988
