#! FIELDS phi psi file.free der_phi der_psi
#! SET min_phi -pi
#! SET max_phi pi
#! SET nbins_phi  32
#! SET periodic_phi true
#! SET min_psi -pi
#! SET max_psi pi
#! SET nbins_psi  18
#! SET periodic_psi true
   -3.141592654   -3.141592654   18.797697825  -55.640558226   14.992547568
   -2.945243113   -3.141592654    9.634990119  -36.796324620   17.543534240
   -2.748893572   -3.141592654    4.556887759  -15.062799246   19.340878650
   -2.552544031   -3.141592654    3.509811038    3.337823823   20.503115356
   -2.356194490   -3.141592654    5.364552508   14.064462737   21.438115894
   -2.159844949   -3.141592654    8.482334049   16.451387120   22.685763432
   -1.963495408   -3.141592654   11.475340887   13.546560741   24.636920851
   -1.767145868   -3.141592654   13.786168295   10.364650281   27.265067041
   -1.570796327   -3.141592654   15.818003533   11.243819511   30.051113678
   -1.374446786   -3.141592654   18.581820599   17.803378522   32.169386936
   -1.178097245   -3.141592654   23.082438536   28.400341332   32.841619514
   -0.981747704   -3.141592654   29.759453700   39.241806078   31.643277358
   -0.785398163   -3.141592654   38.239574765   46.076065794   28.603221549
   -0.589048623   -3.141592654   47.408887365   45.893952316   24.090900685
   -0.392699082   -3.141592654   55.745103538   37.550526384   18.604302792
   -0.196349541   -3.141592654   61.693046277   21.915622962   12.599529737
    0.000000000   -3.141592654   64.054124102    1.615314085    6.422098685
    0.196349541   -3.141592654   62.313222426  -19.016461321    0.349434054
    0.392699082   -3.141592654   56.930673262  -34.552089856   -5.311198941
    0.589048623   -3.141592654   49.430479309  -39.846838209  -10.136663928
    0.785398163   -3.141592654   42.147155719  -32.235245908  -13.618448816
    0.981747704   -3.141592654   37.534984779  -13.305018984  -15.328285084
    1.178097245   -3.141592654   37.288080298   10.955386378  -15.142298755
    1.374446786   -3.141592654   41.645212974   32.182491799  -13.355512027
    1.570796327   -3.141592654   49.244868014   43.027740423  -10.564264487
    1.767145868   -3.141592654   57.613991171   39.797301228   -7.397856948
    1.963495408   -3.141592654   64.011699425   23.474316959   -4.254152305
    2.159844949   -3.141592654   66.272553701   -1.353397357   -1.222392072
    2.356194490   -3.141592654   63.341027475  -28.305416177    1.822480127
    2.552544031   -3.141592654   55.437235688  -51.018714551    5.031491486
    2.748893572   -3.141592654   43.915403740  -64.485714583    8.428224362
    2.945243113   -3.141592654   30.906656971  -65.968040387   11.849429981

   -3.141592654   -2.792526803   25.874965892  -50.337438027   22.684329963
   -2.945243113   -2.792526803   17.574988710  -33.376865626   25.349556884
   -2.748893572   -2.792526803   12.977617050  -13.538907431   26.831522092
   -2.552544031   -2.792526803   12.089855765    3.591431577   27.344575751
   -2.356194490   -2.792526803   13.958388714   14.155715670   27.431347810
   -2.159844949   -2.792526803   17.174497928   17.525002865   27.747635490
   -1.963495408   -2.792526803   20.531666971   16.213143171   28.741287636
   -1.767145868   -2.792526803   23.504531573   14.306216749   30.381568760
   -1.570796327   -2.792526803   26.341068700   15.242279410   32.111152363
   -1.374446786   -2.792526803   29.760807786   20.216031986   33.068964704
   -1.178097245   -2.792526803   34.458308653   27.815911451   32.470856224
   -0.981747704   -2.792526803   40.662589298   34.975992162   29.930374878
   -0.785398163   -2.792526803   47.951270472   38.307350750   25.560781612
   -0.589048623   -2.792526803   55.315037815   35.457198948   19.857059844
   -0.392699082   -2.792526803   61.433268082   25.608721437   13.457047567
   -0.196349541   -2.792526803   64.986248245    9.657631099    6.944416034
    0.000000000   -2.792526803   64.995734401   -9.918973124    0.745975496
    0.196349541   -2.792526803   61.130594882  -28.993824902   -4.838295342
    0.392699082   -2.792526803   53.997169697  -42.304944164   -9.546833443
    0.589048623   -2.792526803   45.237238383  -44.847664351  -13.076671927
    0.785398163   -2.792526803   37.269916852  -34.167537861  -15.108056575
    0.981747704   -2.792526803   32.576419325  -12.241724491  -15.434618279
    1.178097245   -2.792526803   32.787912083   14.436220774  -14.125813165
    1.374446786   -2.792526803   37.988990957   37.137972555  -11.571810129
    1.570796327   -2.792526803   46.626586243   48.514584222   -8.329918003
    1.767145868   -2.792526803   56.075694206   45.271529261   -4.876792010
    1.963495408   -2.792526803   63.541301214   28.916333235   -1.407855282
    2.159844949   -2.792526803   66.893552153    4.387448158    2.154371684
    2.356194490   -2.792526803   65.146986406  -21.947522451    6.000427218
    2.552544031   -2.792526803   58.556448867  -44.039202794   10.219996788
    2.748893572   -2.792526803   48.435464718  -57.304619270   14.673037739
    2.945243113   -2.792526803   36.798047536  -59.325852177   18.988566678

   -3.141592654   -2.443460953   33.443253088  -45.133751824   20.586704989
   -2.945243113   -2.443460953   25.989629934  -30.004674080   22.760126452
   -2.748893572   -2.443460953   21.876112685  -11.927695012   23.909765070
   -2.552544031   -2.443460953   21.177368801    4.044898476   24.216650167
   -2.356194490   -2.443460953   23.096536582   14.379999976   24.087013963
   -2.159844949   -2.443460953   26.404754365   18.340883391   23.987480649
   -1.963495408   -2.443460953   30.006533795   17.863401145   24.212273082
   -1.767145868   -2.443460953   33.345004273   16.221707734   24.699062697
   -1.570796327   -2.443460953   36.487730425   16.218096633   25.014299100
   -1.374446786   -2.443460953   39.896507327   18.937531564   24.535536944
   -1.178097245   -2.443460953   44.045745715   23.440323383   22.740605570
   -0.981747704   -2.443460953   49.076389590   27.468770327   19.441105188
   -0.785398163   -2.443460953   54.638437314   28.408432749   14.842940080
   -0.589048623   -2.443460953   59.917811323   24.342751723    9.438643462
   -0.392699082   -2.443460953   63.834662764   14.500656867    3.801538771
   -0.196349541   -2.443460953   65.287557817   -0.491510618   -1.576139260
    0.000000000   -2.443460953   63.448657398  -18.526135370   -6.378857211
    0.196349541   -2.443460953   58.068840453  -35.781559801  -10.437381409
    0.392699082   -2.443460953   49.793537901  -47.116811043  -13.643786643
    0.589048623   -2.443460953   40.296523505  -47.504951798  -15.855856250
    0.785398163   -2.443460953   32.034246888  -34.483834216  -16.880716372
    0.981747704   -2.443460953   27.509983263  -10.218114931  -16.557044926
    1.178097245   -2.443460953   28.320212026   18.422783750  -14.900319196
    1.374446786   -2.443460953   34.439525246   42.378927964  -12.176482144
    1.570796327   -2.443460953   44.165151582   54.244987641   -8.817348514
    1.767145868   -2.443460953   54.746532333   51.038642508   -5.232668235
    1.963495408   -2.443460953   63.344099321   34.710196792   -1.629339848
    2.159844949   -2.443460953   67.860020903   10.500427262    2.003395620
    2.356194490   -2.443460953   67.368670782  -15.258167209    5.778624936
    2.552544031   -2.443460953   62.147367481  -36.830871788    9.735524156
    2.748893572   -2.443460953   53.458585652  -50.036599597   13.738614694
    2.945243113   -2.443460953   43.196157526  -52.726457519   17.480265812

   -3.141592654   -2.094395102   39.350629592  -40.899598185   12.830102484
   -2.945243113   -2.094395102   32.597647283  -27.144836845   14.074343017
   -2.748893572   -2.094395102   28.904887595  -10.484123029   14.762524032
   -2.552544031   -2.094395102   28.370613154    4.346308892   15.000564924
   -2.356194490   -2.094395102   30.276458011   14.030761374   14.944284951
   -2.159844949   -2.094395102   33.490266872   17.781064694   14.726203808
   -1.963495408   -2.094395102   36.972290812   17.175976035   14.367583155
   -1.767145868   -2.094395102   40.132167791   14.981794410   13.734094242
   -1.570796327   -2.094395102   42.914733382   13.652821019   12.578266020
   -1.374446786   -2.094395102   45.628988230   14.347315612   10.662058524
   -1.178097245   -2.094395102   48.656287926   16.635699035    7.894865666
   -0.981747704   -2.094395102   52.169151862   18.958569105    4.403868700
   -0.785398163   -2.094395102   55.975079108   19.236331434    0.498798834
   -0.589048623   -2.094395102   59.484153637   15.666251357   -3.433740031
   -0.392699082   -2.094395102   61.820339769    7.194000811   -7.059370095
   -0.196349541   -2.094395102   62.006062295   -6.071845662  -10.164353250
    0.000000000   -2.094395102   59.234786785  -22.485919014  -12.694462172
    0.196349541   -2.094395102   53.208120598  -38.469469573  -14.704142345
    0.392699082   -2.094395102   44.503993560  -48.822181460  -16.270500618
    0.589048623   -2.094395102   34.763946940  -48.248887448  -17.380370881
    0.785398163   -2.094395102   26.468762690  -34.014309652  -17.875156449
    0.981747704   -2.094395102   22.180602245   -8.239369974  -17.504684805
    1.178097245   -2.094395102   23.534114343   21.958992536  -16.088483980
    1.374446786   -2.094395102   30.477077242   47.154550593  -13.663657105
    1.570796327   -2.094395102   41.217647148   59.706728154  -10.504785016
    1.767145868   -2.094395102   52.898100892   56.707735191   -7.002517996
    1.963495408   -2.094395102   62.609917316   40.376881055   -3.480978094
    2.159844949   -2.094395102   68.241664494   16.216944748   -0.114147941
    2.356194490   -2.094395102   68.888094245   -9.381165625    3.055429597
    2.552544031   -2.094395102   64.836349494  -30.824227012    6.012851681
    2.748893572   -2.094395102   57.320037567  -44.168802180    8.703377876
    2.945243113   -2.094395102   48.161088510  -47.440785432   11.015588206

   -3.141592654   -1.745329252   42.184633588  -38.655638567    5.455281224
   -2.945243113   -1.745329252   35.811313416  -25.558986283    5.898315062
   -2.748893572   -1.745329252   32.353081841   -9.704925565    6.097475548
   -2.552544031   -1.745329252   31.885377037    4.238455412    6.024757961
   -2.356194490   -1.745329252   33.683432620   13.046747000    5.597922022
   -2.159844949   -1.745329252   36.620323471   15.945095215    4.704936144
   -1.963495408   -1.745329252   39.655074074   14.440161824    3.234777882
   -1.767145868   -1.745329252   42.178555956   11.211406309    1.124897339
   -1.570796327   -1.745329252   44.109540716    8.744786675   -1.587959602
   -1.374446786   -1.745329252   45.754337599    8.407502147   -4.732708570
   -1.178097245   -1.745329252   47.545732820   10.088405756   -8.011426579
   -0.981747704   -1.745329252   49.768227453   12.493860857  -11.063532344
   -0.785398163   -1.745329252   52.375649799   13.617412612  -13.562096622
   -0.589048623   -1.745329252   54.914816588   11.477577672  -15.300932509
   -0.392699082   -1.745329252   56.591475670    4.680546019  -16.249813929
   -0.196349541   -1.745329252   56.436845014   -7.082909726  -16.541245336
    0.000000000   -1.745329252   53.575693301  -22.491696472  -16.445869273
    0.196349541   -1.745329252   47.594215148  -38.104852375  -16.279325756
    0.392699082   -1.745329252   38.955120132  -48.574337237  -16.289318341
    0.589048623   -1.745329252   29.241584748  -48.197019399  -16.524370588
    0.785398163   -1.745329252   20.967225517  -33.752169824  -16.770325215
    0.981747704   -1.745329252   16.805325060   -7.104098927  -16.619312102
    1.178097245   -1.745329252   18.512907625   24.483325005  -15.674309516
    1.374446786   -1.745329252   26.096922391   51.120978231  -13.766029627
    1.570796327   -1.745329252   37.725862860   64.678658190  -11.045698467
    1.767145868   -1.745329252   50.428161493   62.029954284   -7.899385758
    1.963495408   -1.745329252   61.171513501   45.480261687   -4.753296851
    2.159844949   -1.745329252   67.757878939   20.807895385   -1.924909157
    2.356194490   -1.745329252   69.250651072   -5.352015324    0.437010272
    2.552544031   -1.745329252   65.941690632  -27.274795401    2.304848352
    2.748893572   -1.745329252   59.082268058  -41.022731188    3.720771201
    2.945243113   -1.745329252   50.502526155  -44.696901391    4.747755877

   -3.141592654   -1.396263402   41.135891398  -39.279713239    3.753299979
   -2.945243113   -1.396263402   34.656499143  -26.006843085    3.497658800
   -2.748893572   -1.396263402   31.126732615  -10.021862207    3.007110572
   -2.552544031   -1.396263402   30.584681071    3.719005993    2.222806587
   -2.356194490   -1.396263402   32.219942089   11.813556252    0.994692935
   -2.159844949   -1.396263402   34.800926443   13.476276530   -0.863753627
   -1.963495408   -1.396263402   37.201091152   10.421431103   -3.483087258
   -1.767145868   -1.396263402   38.785697368    5.719622019   -6.826124018
   -1.570796327   -1.396263402   39.535679482    2.338900900  -10.626841551
   -1.374446786   -1.396263402   39.908877315    2.044301763  -14.421479787
   -1.178097245   -1.396263402   40.545768809    4.872029207  -17.668682933
   -0.981747704   -1.396263402   41.934803888    9.343154921  -19.911762991
   -0.785398163   -1.396263402   44.168089096   12.986389482  -20.905601346
   -0.589048623   -1.396263402   46.824979047   13.234732817  -20.660522880
   -0.392699082   -1.396263402   49.031567802    8.182228165  -19.420733737
   -0.196349541   -1.396263402   49.656412962   -2.828459480  -17.578702319
    0.000000000   -1.396263402   47.615427077  -18.569059921  -15.600476345
    0.196349541   -1.396263402   42.293615770  -35.433582219  -13.907533428
    0.392699082   -1.396263402   34.012812762  -47.623131465  -12.763187123
    0.589048623   -1.396263402   24.327111450  -48.774842208  -12.174187011
    0.785398163   -1.396263402   15.854793169  -35.011442333  -11.877919293
    0.981747704   -1.396263402   11.476003855   -7.861475233  -11.449484992
    1.178097245   -1.396263402   13.170512678   25.227209834  -10.506267953
    1.374446786   -1.396263402   21.085809656   53.741029100   -8.886537646
    1.570796327   -1.396263402   33.389563884   68.808758920   -6.708718691
    1.767145868   -1.396263402   46.982996036   66.805797387   -4.282715855
    1.963495408   -1.396263402   58.647997368   49.937357731   -1.943177110
    2.159844949   -1.396263402   66.017210849   24.235504105    0.067012212
    2.356194490   -1.396263402   68.053498185   -3.266795965    1.639411455
    2.552544031   -1.396263402   65.025985025  -26.454642671    2.754672516
    2.748893572   -1.396263402   58.229828775  -41.126756077    3.443362481
    2.945243113   -1.396263402   49.576229909  -45.266729293    3.754810229

   -3.141592654   -1.047197551   39.056966314  -42.277625027    5.140140363
   -2.945243113   -1.047197551   32.018462769  -28.649005043    4.086982278
   -2.748893572   -1.047197551   28.023579310  -12.120697478    2.576167348
   -2.552544031   -1.047197551   27.107381636    1.929139239    0.650845760
   -2.356194490   -1.047197551   28.374760771    9.737990774   -1.727955760
   -2.159844949   -1.047197551   30.462202031   10.422188844   -4.667892470
   -1.963495408   -1.047197551   32.130715774    6.004959523   -8.242599883
   -1.767145868   -1.047197551   32.727889414    0.178273250  -12.334171326
   -1.570796327   -1.047197551   32.348770544   -3.425737955  -16.542827360
   -1.374446786   -1.047197551   31.671486032   -2.671457843  -20.245888735
   -1.178097245   -1.047197551   31.583729911    2.366520225  -22.796249381
   -0.981747704   -1.047197551   32.754705704    9.674205994  -23.758599214
   -0.785398163   -1.047197551   35.330176301   16.069629495  -23.053675614
   -0.589048623   -1.047197551   38.809336835   18.362954317  -20.955030667
   -0.392699082   -1.047197551   42.137176257   14.277518925  -17.983163553
   -0.196349541   -1.047197551   43.956346771    3.044073143  -14.735774531
    0.000000000   -1.047197551   42.960291561  -13.946888262  -11.742549842
    0.196349541   -1.047197551   38.367504507  -32.692034790   -9.328368155
    0.392699082   -1.047197551   30.431563799  -46.806715107   -7.551783486
    0.589048623   -1.047197551   20.760457637  -49.303743490   -6.236611103
    0.785398163   -1.047197551   12.134175824  -35.870414936   -5.097084999
    0.981747704   -1.047197551    7.643839627   -7.992428584   -3.892942862
    1.178097245   -1.047197551    9.445260324   26.503935912   -2.536174376
    1.374446786   -1.047197551   17.759818941   56.478463705   -1.085327917
    1.570796327   -1.047197551   30.705388308   72.476784128    0.332951737
    1.767145868   -1.047197551   45.043458325   70.572164338    1.619624975
    1.963495408   -1.047197551   57.390410556   52.993160462    2.748684738
    2.159844949   -1.047197551   65.242483601   26.032516498    3.740770759
    2.356194490   -1.047197551   67.487087638   -2.955266347    4.608925387
    2.552544031   -1.047197551   64.378246800  -27.561178721    5.301266211
    2.748893572   -1.047197551   57.247997931  -43.356397146    5.702354995
    2.945243113   -1.047197551   48.083470507  -48.152299091    5.677534151

   -3.141592654   -0.698131701   39.516901229  -45.233380892    4.513102525
   -2.945243113   -0.698131701   31.826463322  -32.285226025    2.313447539
   -2.748893572   -0.698131701   27.072101223  -16.184316629   -0.385537179
   -2.552544031   -0.698131701   25.325101953   -2.476273475   -3.381705743
   -2.356194490   -0.698131701   25.682748942    4.837730687   -6.586006004
   -2.159844949   -0.698131701   26.738817967    4.787905576  -10.041295876
   -1.963495408   -0.698131701   27.226792370   -0.341249083  -13.786249208
   -1.767145868   -0.698131701   26.549257210   -6.313208522  -17.641470072
   -1.570796327   -0.698131701   24.968068700   -8.965776032  -21.106164891
   -1.374446786   -0.698131701   23.399641456   -6.014116326  -23.480602115
   -1.178097245   -0.698131701   22.946830520    2.078888967  -24.168955373
   -0.981747704   -0.698131701   24.375422453   12.532095240  -22.970118876
   -0.785398163   -0.698131701   27.768721085   21.374367133  -20.174916788
   -0.589048623   -0.698131701   32.432957307   24.904646431  -16.427761277
   -0.392699082   -0.698131701   37.058049628   20.741764242  -12.471199493
   -0.196349541   -0.698131701   40.048635098    8.367553417   -8.888428925
    0.000000000   -0.698131701   39.936802073  -10.306170262   -5.954181919
    0.196349541   -0.698131701   35.896171630  -30.643168539   -3.597964673
    0.392699082   -0.698131701   28.254886562  -45.719581518   -1.510174627
    0.589048623   -0.698131701   18.773872718  -48.319875981    0.638708739
    0.785398163   -0.698131701   10.390430113  -34.309915841    2.967439303
    0.981747704   -0.698131701    6.286134702   -5.641381872    5.285462249
    1.178097245   -0.698131701    8.609594729   29.389663674    7.200473941
    1.374446786   -0.698131701   17.503879503   59.406084696    8.372752581
    1.570796327   -0.698131701   30.991577613   75.011284404    8.720404342
    1.767145868   -0.698131701   45.770208625   72.508663251    8.457621442
    1.963495408   -0.698131701   58.438610566   54.339539751    7.954388548
    2.159844949   -0.698131701   66.504394853   26.875355563    7.532347765
    2.356194490   -0.698131701   68.866899304   -2.606034909    7.315625943
    2.552544031   -0.698131701   65.768721831  -27.830670707    7.187488472
    2.748893572   -0.698131701   58.508182888  -44.446398890    6.863686054
    2.945243113   -0.698131701   49.036824492  -50.198684443    6.034770128

   -3.141592654   -0.349065850   40.766604588  -49.498334471    3.312734448
   -2.945243113   -0.349065850   32.122020502  -37.643506229    0.421353848
   -2.748893572   -0.349065850   26.254871777  -22.054546214   -2.887468081
   -2.552544031   -0.349065850   23.345622925   -8.388734692   -6.306162662
   -2.356194490   -0.349065850   22.551279395   -0.987782044   -9.662909090
   -2.159844949   -0.349065850   22.463513184   -1.053554339  -12.956958464
   -1.963495408   -0.349065850   21.805151811   -6.124765338  -16.199305578
   -1.767145868   -0.349065850   20.042843393  -11.423661663  -19.174784702
   -1.570796327   -0.349065850   17.614040898  -12.277749058  -21.351258424
   -1.374446786   -0.349065850   15.667656943   -6.397282200  -22.060784224
   -1.178097245   -0.349065850   15.474158038    5.104300980  -20.870325148
   -0.981747704   -0.349065850   17.795798133   18.433437502  -17.879172230
   -0.785398163   -0.349065850   22.522125692   28.784456225  -13.733448968
   -0.589048623   -0.349065850   28.654386999   32.187705220   -9.346141707
   -0.392699082   -0.349065850   34.587172632   26.619075574   -5.509146996
   -0.196349541   -0.349065850   38.544577557   12.319282646   -2.592980016
    0.000000000   -0.349065850   39.040947891   -7.948919788   -0.451792101
    0.196349541   -0.349065850   35.382176577  -28.922969532    1.453179172
    0.392699082   -0.349065850   28.108254201  -43.535870590    3.751539896
    0.589048623   -0.349065850   19.163055086  -45.001429376    6.784643470
    0.785398163   -0.349065850   11.539045306  -29.998491076   10.345295189
    0.981747704   -0.349065850    8.311973184   -1.217957368   13.715881016
    1.178097245   -0.349065850   11.423553707   32.816666436   16.027901750
    1.374446786   -0.349065850   20.828800908   61.117465256   16.733969067
    1.570796327   -0.349065850   34.478975337   75.018947883   15.877695268
    1.767145868   -0.349065850   49.139878593   71.437845375   14.022306542
    1.963495408   -0.349065850   61.560034497   53.007452468   11.915250775
    2.159844949   -0.349065850   69.388165760   25.842414678   10.133705288
    2.356194490   -0.349065850   71.585588450   -3.289455416    8.877874230
    2.552544031   -0.349065850   68.354433974  -28.602734516    7.967215393
    2.748893572   -0.349065850   60.878927242  -45.977006693    6.988613886
    2.945243113   -0.349065850   50.985550073  -53.031372917    5.517009562

   -3.141592654    0.000000000   41.568860297  -54.389139846    1.255160937
   -2.945243113    0.000000000   31.865347211  -43.421950471   -1.574395805
   -2.748893572    0.000000000   24.828826567  -28.067554746   -4.592635833
   -2.552544031    0.000000000   20.761713327  -14.102988264   -7.515578260
   -2.356194490    0.000000000   18.891733983   -6.224595208  -10.207244477
   -2.159844949    0.000000000   17.819208745   -5.850531740  -12.690775589
   -1.963495408    0.000000000   16.270521336  -10.333373493  -14.974962083
   -1.767145868    0.000000000   13.788014895  -14.399495227  -16.835922403
   -1.570796327    0.000000000   10.978080547  -13.007305845  -17.773297356
   -1.374446786    0.000000000    9.180571906   -4.068423661  -17.235114191
   -1.178097245    0.000000000    9.752568683   10.481909435  -14.987820950
   -0.981747704    0.000000000   13.351182327   25.816616405  -11.351443347
   -0.785398163    0.000000000   19.587136456   36.481031111   -7.117557989
   -0.589048623    0.000000000   27.125233620   38.589965242   -3.189315994
   -0.392699082    0.000000000   34.109860886   30.869355037   -0.166064353
   -0.196349541    0.000000000   38.699365428   14.624622208    1.900556374
    0.000000000    0.000000000   39.545314485   -6.453930499    3.498400843
    0.196349541    0.000000000   36.226983020  -26.701450663    5.395549730
    0.392699082    0.000000000   29.563531473  -39.419560491    8.239120964
    0.589048623    0.000000000   21.632707593  -38.883826314   12.155185511
    0.785398163    0.000000000   15.320636346  -23.047776902   16.572153267
    0.981747704    0.000000000   13.385096812    4.639724982   20.407688554
    1.178097245    0.000000000   17.394535146   35.886966905   22.579419668
    1.374446786    0.000000000   27.067954274   60.789483389   22.539231116
    1.570796327    0.000000000   40.365979442   71.965977903   20.506872856
    1.767145868    0.000000000   54.275991506   67.109111762   17.292690223
    1.963495408    0.000000000   65.842328677   48.841781695   13.857365571
    2.159844949    0.000000000   72.941494764   22.650233374   10.908142569
    2.356194490    0.000000000   74.613072477   -5.515218526    8.690186857
    2.552544031    0.000000000   70.990475396  -30.502744023    7.020660961
    2.748893572    0.000000000   63.103370285  -48.408403997    5.474052211
    2.945243113    0.000000000   52.624922390  -56.632018475    3.626152801

   -3.141592654    0.349065850   43.123326933  -57.642223529    0.545060565
   -2.945243113    0.349065850   32.700878787  -47.422991535   -1.217238959
   -2.748893572    0.349065850   24.835048949  -32.428279746   -2.993203431
   -2.552544031    0.349065850   19.909325944  -18.427857617   -4.673236111
   -2.356194490    0.349065850   17.212454481  -10.294086168   -6.235009312
   -2.159844949    0.349065850   15.376335874   -9.527207461   -7.717787933
   -1.963495408    0.349065850   13.167393491  -13.300832044   -9.086504440
   -1.767145868    0.349065850   10.221996093  -16.016786861  -10.106307111
   -1.570796327    0.349065850    7.290243986  -12.518084787  -10.373042442
   -1.374446786    0.349065850    5.832116981   -1.098352835   -9.529372796
   -1.178097245    0.349065850    7.203499979   15.508788468   -7.533331153
   -0.981747704    0.349065850   11.896792172   31.696631375   -4.764207742
   -0.785398163    0.349065850   19.249357495   41.746868725   -1.867644267
   -0.589048623    0.349065850   27.670171766   42.214434538    0.575452434
   -0.392699082    0.349065850   35.188480560   32.746615460    2.357825374
   -0.196349541    0.349065850   40.040937601   15.638019030    3.749254598
    0.000000000    0.349065850   41.121378776   -4.813102418    5.381154220
    0.196349541    0.349065850   38.308801185  -22.996028895    7.933285570
    0.392699082    0.349065850   32.637346462  -33.018983355   11.760059824
    0.589048623    0.349065850   26.184405100  -30.464088604   16.594259783
    0.785398163    0.349065850   21.575141497  -14.519955789   21.516317990
    0.981747704    0.349065850   21.129356112   10.901542244   25.264903316
    1.178097245    0.349065850   25.993304592   38.135486740   26.790117824
    1.374446786    0.349065850   35.673130289   58.684000328   25.731233300
    1.570796327    0.349065850   48.210104278   66.601520880   22.545117297
    1.767145868    0.349065850   60.898287564   60.360438125   18.228796083
    1.963495408    0.349065850   71.154527378   42.499578754   13.839972668
    2.159844949    0.349065850   77.143156978   17.782389886   10.115897417
    2.356194490    0.349065850   78.024231321   -8.739338094    7.313376473
    2.552544031    0.349065850   73.889172671  -32.629288846    5.289752592
    2.748893572    0.349065850   65.622714260  -50.294761480    3.694510496
    2.945243113    0.349065850   54.733417532  -59.028316311    2.179558849

   -3.141592654    0.698131701   44.819346826  -58.475255165   -0.004744420
   -2.945243113    0.698131701   34.180288772  -48.794114601   -0.178892143
   -2.748893572    0.698131701   25.989521750  -34.343057424   -0.268860731
   -2.552544031    0.698131701   20.643983286  -20.754612793   -0.426574926
   -2.356194490    0.698131701   17.464282476  -12.844083217   -0.778621809
   -2.159844949    0.698131701   15.126326348  -12.032766862   -1.372324261
   -1.963495408    0.698131701   12.460722388  -15.369657905   -2.119413520
   -1.767145868    0.698131701    9.191648780  -17.164611536   -2.795198640
   -1.570796327    0.698131701    6.158724451  -12.359096077   -3.125760114
   -1.374446786    0.698131701    4.866419733    0.393707415   -2.931184834
   -1.178097245    0.698131701    6.628230296   17.879863298   -2.232070916
   -0.981747704    0.698131701   11.811210712   34.177956428   -1.227609337
   -0.785398163    0.698131701   19.603102117   43.658153600   -0.150114525
   -0.589048623    0.698131701   28.322498264   43.372976672    0.912840389
   -0.392699082    0.698131701   36.028587717   33.632214428    2.125207805
   -0.196349541    0.698131701   41.108175885   17.259440544    3.856838534
    0.000000000    0.698131701   42.672185155   -1.341405060    6.537683653
    0.196349541    0.698131701   40.784665231  -16.995892105   10.420721558
    0.392699082    0.698131701   36.528190732  -24.744802292   15.358911171
    0.589048623    0.698131701   31.819878503  -21.281316568   20.684387497
    0.785398163    0.698131701   28.929990908   -6.578241675   25.315458951
    0.981747704    0.698131701   29.743887664   15.488958980   28.107982290
    1.178097245    0.698131701   35.072703867   38.198803451   28.325881343
    1.374446786    0.698131701   44.330014716   54.479773167   25.960232787
    1.570796327    0.698131701   55.736009627   59.605130649   21.709468060
    1.767145868    0.698131701   66.938021078   52.544948010   16.640486703
    1.963495408    0.698131701   75.724037890   35.571078670   11.745996907
    2.159844949    0.698131701   80.524623898   12.695919389    7.663270626
    2.356194490    0.698131701   80.606107104  -11.830394819    4.610654981
    2.552544031    0.698131701   76.027269065  -34.164361304    2.516771599
    2.748893572    0.698131701   67.555191327  -50.978522366    1.182235789
    2.945243113    0.698131701   56.557549415  -59.546060011    0.399565250

   -3.141592654    1.047197551   43.467532837  -58.621290381   -4.959378877
   -2.945243113    1.047197551   32.879386509  -48.159208210   -4.054508871
   -2.748893572    1.047197551   24.861629697  -33.274944609   -2.802145312
   -2.552544031    1.047197551   19.733615800  -19.672821352   -1.564784675
   -2.356194490    1.047197551   16.736524470  -12.110404378   -0.616746715
   -2.159844949    1.047197551   14.493129174  -11.807934550   -0.069760964
   -1.963495408    1.047197551   11.827064770  -15.566202582    0.121962084
   -1.767145868    1.047197551    8.498491107  -17.527683874    0.083191040
   -1.570796327    1.047197551    5.399305144  -12.641012430   -0.073636578
   -1.374446786    1.047197551    4.069154610    0.285250648   -0.289822357
   -1.178097245    1.047197551    5.822909386   17.883902005   -0.527964983
   -0.981747704    1.047197551   11.012194945   34.235933949   -0.691298059
   -0.785398163    1.047197551   18.830661866   43.917055510   -0.566502170
   -0.589048623    1.047197551   27.656270965   44.298603980    0.155954810
   -0.392699082    1.047197551   35.666024086   35.920551802    1.803287399
   -0.196349541    1.047197551   41.386926887   21.601437595    4.595579641
    0.000000000    1.047197551   44.036620611    5.384706309    8.556568613
    0.196349541    1.047197551   43.682064687   -8.233005216   13.426887878
    0.392699082    1.047197551   41.255698021  -15.133127074   18.625418452
    0.589048623    1.047197551   38.369121862  -12.679689992   23.289569344
    0.785398163    1.047197551   36.903577476   -0.973829187   26.459423598
    0.981747704    1.047197551   38.403808188   16.736391857   27.380806891
    1.178097245    1.047197551   43.525603471   34.923784041   25.807949004
    1.374446786    1.047197551   51.774577956   47.740028522   22.116072156
    1.570796327    1.047197551   61.658926925   51.158249090   17.137930134
    1.767145868    1.047197551   71.177938128   44.089311988   11.818577286
    1.963495408    1.047197551   78.399768074   28.216119189    6.881565732
    2.159844949    1.047197551   81.901603587    6.835774390    2.708880468
    2.356194490    1.047197551   80.975283785  -16.268159633   -0.594067143
    2.552544031    1.047197551   75.647180310  -37.390785509   -3.022309131
    2.748893572    1.047197551   66.648267727  -53.129070774   -4.563152173
    2.945243113    1.047197551   55.329423491  -60.664322165   -5.192785209

   -3.141592654    1.396263402   38.621113805  -57.651462554  -10.711281562
   -2.945243113    1.396263402   28.425727232  -45.226499026   -9.683224343
   -2.748893572    1.396263402   21.108759863  -29.230321444   -8.010804100
   -2.552544031    1.396263402   16.802995314  -15.495805704   -6.073024054
   -2.356194490    1.396263402   14.573152923   -8.571122090   -4.188012106
   -2.159844949    1.396263402   12.927233837   -9.295894538   -2.535053106
   -1.963495408    1.396263402   10.645309997  -14.163096228   -1.173874757
   -1.767145868    1.396263402    7.487638261  -17.180130691   -0.126612089
   -1.570796327    1.396263402    4.360140690  -13.262012981    0.565892600
   -1.374446786    1.396263402    2.827276705   -1.117356544    0.873890233
   -1.178097245    1.396263402    4.263711858   16.147994541    0.870201541
   -0.981747704    1.396263402    9.141800341   32.947463648    0.803413910
   -0.785398163    1.396263402   16.830797212   44.039528248    1.074682029
   -0.589048623    1.396263402   25.891026993   46.677567764    2.107531534
   -0.392699082    1.396263402   34.627526254   40.959505670    4.197279148
   -0.196349541    1.396263402   41.587963597   29.102979382    7.384623736
    0.000000000    1.396263402   45.889214715   14.522392389   11.426047044
    0.196349541    1.396263402   47.382692112    1.195364110   15.802449447
    0.392699082    1.396263402   46.702151185   -7.064247955   19.792266358
    0.589048623    1.396263402   45.133379797   -7.560528975   22.603238287
    0.785398163    1.396263402   44.289470660    0.134007291   23.579125273
    0.981747704    1.396263402   45.593659021   13.699632480   22.423755833
    1.178097245    1.396263402   49.776407726   28.608197997   19.334446458
    1.374446786    1.396263402   56.583502523   39.630151621   14.939627957
    1.570796327    1.396263402   64.823166645   42.723176414   10.043908077
    1.767145868    1.396263402   72.734788555   36.236794458    5.325953443
    1.963495408    1.396263402   78.495728770   21.179849141    1.139889456
    2.159844949    1.396263402   80.683630508    0.452836116   -2.453026515
    2.356194490    1.396263402   78.558225858  -22.083598324   -5.516449796
    2.552544031    1.396263402   72.164018994  -42.348984968   -8.039304237
    2.748893572    1.396263402   62.325111395  -56.603836051   -9.873086215
    2.945243113    1.396263402   50.522114009  -62.029766089  -10.803857988

   -3.141592654    1.745329252   32.448560125  -57.326369104  -16.469482050
   -2.945243113    1.745329252   22.528420749  -42.817101608  -15.632118209
   -2.748893572    1.745329252   15.839871170  -25.372028281  -13.823642200
   -2.552544031    1.745329252   12.365882193  -11.023683370  -11.365908631
   -2.356194490    1.745329252   11.011394881   -4.236771913   -8.570418020
   -2.159844949    1.745329252   10.158722920   -5.618538209   -5.658486135
   -1.963495408    1.745329252    8.507786925  -11.453326365   -2.782992330
   -1.767145868    1.745329252    5.772467029  -15.608746306   -0.107936357
   -1.570796327    1.745329252    2.839397281  -12.839674325    2.158957711
   -1.374446786    1.745329252    1.297025218   -1.563998733    3.837800632
   -1.178097245    1.745329252    2.613150438   15.504828450    4.906684410
   -0.981747704    1.745329252    7.425288669   33.086218720    5.581010770
   -0.785398163    1.745329252   15.299720408   45.918639732    6.258510929
   -0.589048623    1.745329252   24.951554017   50.864124150    7.343957387
   -0.392699082    1.745329252   34.735534285   47.361183946    9.071579222
   -0.196349541    1.745329252   43.112174252   36.948544380   11.385386204
    0.000000000    1.745329252   48.992163998   22.512415791   13.948617189
    0.196349541    1.745329252   51.943934401    7.802960284   16.210217048
    0.392699082    1.745329252   52.308670754   -3.224053403   17.548623675
    0.589048623    1.745329252   51.146642914   -7.331782735   17.455539391
    0.785398163    1.745329252   49.985007206   -3.249915595   15.726466216
    0.981747704    1.745329252   50.335234412    7.575470120   12.567711882
    1.178097245    1.745329252   53.161036811   21.162867480    8.544461196
    1.374446786    1.745329252   58.493905879   32.249835930    4.362823237
    1.570796327    1.745329252   65.365747509   36.244613005    0.582485164
    1.767145868    1.745329252   72.106042472   30.737576993   -2.573442159
    1.963495408    1.745329252   76.848651658   16.210932210   -5.233669943
    2.159844949    1.745329252   78.068445265   -4.503678895   -7.693345821
    2.356194490    1.745329252   74.954401583  -27.169531089  -10.172962664
    2.552544031    1.745329252   67.577138706  -47.163778294  -12.632254488
    2.748893572    1.745329252   56.881473962  -60.363878536  -14.767546953
    2.945243113    1.745329252   44.509180083  -63.949063659  -16.155399281

   -3.141592654    2.094395102   25.786987231  -57.688990382  -18.986964366
   -2.945243113    2.094395102   15.995401051  -41.173173051  -18.490839079
   -2.748893572    2.094395102    9.802404297  -22.054344259  -16.804376300
   -2.552544031    2.094395102    7.101453871   -6.564338593  -14.117639426
   -2.356194490    2.094395102    6.692505426    0.854446201  -10.691294784
   -2.159844949    2.094395102    6.868242393   -0.297968978   -6.780078599
   -1.963495408    2.094395102    6.255103944   -6.267450119   -2.630681756
   -1.767145868    2.094395102    4.493009770  -10.952133563    1.470495910
   -1.570796327    2.094395102    2.391872338   -9.073438870    5.188670580
   -1.374446786    2.094395102    1.488504804    1.183188017    8.218052999
   -1.178097245    2.094395102    3.263197406   17.500703523   10.407000864
   -0.981747704    2.094395102    8.442558582   34.941632927   11.829644668
   -0.785398163    2.094395102   16.723575070   48.289483521   12.735805411
   -0.589048623    2.094395102   26.924865640   54.104206688   13.398244407
   -0.392699082    2.094395102   37.421273141   51.293530070   13.965523818
   -0.196349541    2.094395102   46.585295731   40.885856493   14.370732930
    0.000000000    2.094395102   53.156484467   25.432741975   14.353782670
    0.196349541    2.094395102   56.495261955    8.665478548   13.540936394
    0.392699082    2.094395102   56.765613104   -5.119816062   11.606540097
    0.589048623    2.094395102   54.950289254  -12.029708371    8.459522146
    0.785398163    2.094395102   52.644740810  -10.016862515    4.377683369
    0.981747704    2.094395102   51.567438842    0.050571886   -0.016821296
    1.178097245    2.094395102   52.958405066   14.287102280   -3.969831462
    1.374446786    2.094395102   57.088808280   26.971407800   -6.908310708
    1.570796327    2.094395102   63.101647974   32.732396035   -8.681362920
    1.767145868    2.094395102   69.282406103   28.408465405   -9.589457294
    1.963495408    2.094395102   73.606428424   14.119059348  -10.210182926
    2.159844949    2.094395102   74.368562042   -7.169000296  -11.108832208
    2.356194490    2.094395102   70.646734535  -30.677317350  -12.589423186
    2.552544031    2.094395102   62.524340287  -51.128417882  -14.573099331
    2.748893572    2.094395102   51.072055305  -63.938039926  -16.657260964
    2.945243113    2.094395102   38.112080449  -66.217671542  -18.289579220

   -3.141592654    2.443460953   19.442186196  -58.563502540  -13.029424699
   -2.945243113    2.443460953    9.666259354  -40.129122191  -12.173156869
   -2.748893572    2.443460953    3.866902640  -19.130012143  -10.398428838
   -2.552544031    2.443460953    1.904873179   -2.020446891   -7.797620226
   -2.356194490    2.443460953    2.521192413    6.694598126   -4.499110036
   -2.159844949    2.443460953    3.944546366    6.510049469   -0.623626614
   -1.963495408    2.443460953    4.731945389    1.112412603    3.678492728
   -1.767145868    2.443460953    4.433337634   -3.525450930    8.140743877
   -1.570796327    2.443460953    3.745172272   -2.211351696   12.351503540
   -1.374446786    2.443460953    4.089097473    6.952828045   15.842498803
   -1.178097245    2.443460953    6.865019359   21.906730953   18.258914937
   -0.981747704    2.443460953   12.776456055   38.011761155   19.486042362
   -0.785398163    2.443460953   21.545092789   50.212452354   19.641539199
   -0.589048623    2.443460953   32.024956048   55.022277256   18.942761548
   -0.392699082    2.443460953   42.599893831   51.132924247   17.561412601
   -0.196349541    2.443460953   51.602308948   39.329115943   15.530656066
    0.000000000    2.443460953   57.693130348   22.016868806   12.766210973
    0.196349541    2.443460953   60.147994258    3.043972910    9.151191177
    0.392699082    2.443460953   59.100454645  -12.854867680    4.683579926
    0.589048623    2.443460953   55.615713711  -21.108782508   -0.375181168
    0.785398163    2.443460953   51.505703262  -19.046530089   -5.449066273
    0.981747704    2.443460953   48.791119365   -7.342641323   -9.774719301
    1.178097245    2.443460953   48.991169647    9.680486529  -12.682058550
    1.374446786    2.443460953   52.517511612   25.378468345  -13.890096057
    1.570796327    2.443460953   58.458410082   33.403600796  -13.630909985
    1.767145868    2.443460953   64.883021083   29.978318289  -12.533288558
    1.963495408    2.443460953   69.485835215   15.188657919  -11.347088576
    2.159844949    2.443460953   70.326864750   -7.527435448  -10.658595423
    2.356194490    2.443460953   66.371720743  -32.658327640  -10.715229489
    2.552544031    2.443460953   57.737260461  -54.229106436  -11.397134623
    2.748893572    2.443460953   45.640944415  -67.218535962  -12.320375523
    2.945243113    2.443460953   32.102687702  -68.671786857  -13.001630816

   -3.141592654    2.792526803   16.325991386  -58.252647814    0.230083881
   -2.945243113    2.792526803    6.716232829  -38.724708467    2.018546890
   -2.748893572    2.792526803    1.314434600  -16.480588835    3.905569407
   -2.552544031    2.792526803    0.000000000    1.924623044    5.881734473
   -2.356194490    2.792526803    1.518426422   11.927041212    8.087658953
   -2.159844949    2.792526803    4.088671757   12.927726263   10.760794618
   -1.963495408    2.792526803    6.229858044    8.409152529   14.062555861
   -1.767145868    2.792526803    7.404561373    4.063166309   17.875340817
   -1.570796327    2.792526803    8.169682986    4.859194181   21.730054676
   -1.374446786    2.792526803    9.783377002   12.694962744   24.937944779
   -1.178097245    2.792526803   13.506992157   25.751522441   26.865616984
   -0.981747704    2.792526803   19.966505604   39.737700717   27.172600585
   -0.785398163    2.792526803   28.867467868   49.845811578   25.875764651
   -0.589048623    2.792526803   39.077535822   52.649726088   23.233982716
   -0.392699082    2.792526803   48.991738176   46.764342537   19.569047737
   -0.196349541    2.792526803   56.936876082   32.920977687   15.130416728
    0.000000000    2.792526803   61.570865728   13.612403795   10.071953333
    0.196349541    2.792526803   62.204382558   -7.009803652    4.521289335
    0.392699082    2.792526803   59.084772382  -23.722415900   -1.291453770
    0.589048623    2.792526803   53.491572521  -31.460565802   -6.919201179
    0.785398163    2.792526803   47.526402873  -27.334475395  -11.706627567
    0.981747704    2.792526803   43.494093383  -12.313162038  -14.970713212
    1.178097245    2.792526803   43.087862947    8.474031560  -16.287822468
    1.374446786    2.792526803   46.708197813   27.379519536  -15.715645520
    1.570796327    2.792526803   53.252786345   37.301506964  -13.778128842
    1.767145868    2.792526803   60.502148514   34.246696228  -11.231455928
    1.963495408    2.792526803   65.874908581   18.613689209   -8.747632761
    2.159844949    2.792526803   67.250382579   -5.549709479   -6.707962220
    2.356194490    2.792526803   63.538007390  -32.113203175   -5.161309855
    2.552544031    2.792526803   54.904334451  -54.665792870   -3.922954121
    2.748893572    2.792526803   42.678231359  -67.990974189   -2.728410491
    2.945243113    2.792526803   29.008334761  -69.148090412   -1.369202036
