#! FIELDS phi psi file.free der_phi der_psi
#! SET min_phi -pi
#! SET max_phi pi
#! SET nbins_phi  32
#! SET periodic_phi true
#! SET min_psi -pi
#! SET max_psi pi
#! SET nbins_psi  18
#! SET periodic_psi true
   -3.141592654   -3.141592654   18.685469007  -54.531629609   17.107383196
   -2.945243113   -3.141592654    9.740556295  -35.803143066   19.608233955
   -2.748893572   -3.141592654    4.796621314  -14.789602828   21.154674885
   -2.552544031   -3.141592654    3.704045608    2.574621056   21.933302191
   -2.356194490   -3.141592654    5.317149490   12.421674595   22.449070592
   -2.159844949   -3.141592654    8.069775134   14.476613176   23.343898282
   -1.963495408   -3.141592654   10.698960946   11.909305195   25.098257134
   -1.767145868   -3.141592654   12.767002818    9.587431089   27.748505682
   -1.570796327   -3.141592654   14.752817135   11.557889768   30.795789515
   -1.374446786   -3.141592654   17.686336354   19.193833468   33.378434201
   -1.178097245   -3.141592654   22.554414222   30.709730348   34.618959345
   -0.981747704   -3.141592654   29.759478777   42.261487990   33.947713092
   -0.785398163   -3.141592654   38.880798717   49.520724709   31.240640392
   -0.589048623   -3.141592654   48.734477878   49.323872766   26.754926619
   -0.392699082   -3.141592654   57.692997981   40.338644921   20.956777614
   -0.196349541   -3.141592654   64.067877996   23.357408413   14.364555693
    0.000000000   -3.141592654   66.534419087    1.178691174    7.463896750
    0.196349541   -3.141592654   64.511266724  -21.436650375    0.707691504
    0.392699082   -3.141592654   58.492150686  -38.509345435   -5.442674697
    0.589048623   -3.141592654   50.135109981  -44.453810241  -10.482616883
    0.785398163   -3.141592654   41.970166477  -36.451584195  -13.922390796
    0.981747704   -3.141592654   36.642298301  -16.277802714  -15.437712756
    1.178097245   -3.141592654   35.973010791    9.643660889  -15.040677893
    1.374446786   -3.141592654   40.232928052   32.438349144  -13.126800864
    1.570796327   -3.141592654   47.998649128   44.343294677  -10.312472948
    1.767145868   -3.141592654   56.673121149   41.465083608   -7.167634691
    1.963495408   -3.141592654   63.377959159   24.837936619   -3.993113449
    2.159844949   -3.141592654   65.844197003   -0.656408029   -0.799147238
    2.356194490   -3.141592654   62.984908117  -28.228494269    2.560637659
    2.552544031   -3.141592654   55.066472879  -51.162424134    6.192646400
    2.748893572   -3.141592654   43.537260733  -64.350042604   10.027686644
    2.945243113   -3.141592654   30.609826621  -65.270624773   13.795915894

   -3.141592654   -2.792526803   26.507627459  -49.545285209   25.056958144
   -2.945243113   -2.792526803   18.331762798  -33.003867680   27.500832010
   -2.748893572   -2.792526803   13.727106642  -14.061228321   28.630495377
   -2.552544031   -2.792526803   12.632849501    2.010385267   28.752293815
   -2.356194490   -2.792526803   14.109190615   11.820535584   28.500559421
   -2.159844949   -2.792526803   16.847532370   15.116033980   28.601380526
   -1.963495408   -2.792526803   19.790170617   14.509742617   29.545045659
   -1.767145868   -2.792526803   22.549226290   13.895095643   31.314319872
   -1.570796327   -2.792526803   25.452858131   16.329408915   33.330478847
   -1.374446786   -2.792526803   29.222308752   22.629459076   34.668456438
   -1.178097245   -2.792526803   34.490250960   31.115496134   34.432747300
   -0.981747704   -2.792526803   41.385725113   38.612626925   32.099936632
   -0.785398163   -2.792526803   49.376122481   41.717863237   27.664698670
   -0.589048623   -2.792526803   57.343535479   38.102158679   21.574335677
   -0.392699082   -2.792526803   63.865402597   26.996522011   14.522980808
   -0.196349541   -2.792526803   67.536541894    9.423234382    7.246289546
    0.000000000   -2.792526803   67.330846427  -11.872495627    0.370819984
    0.196349541   -2.792526803   62.933989231  -32.386145065   -5.624586628
    0.392699082   -2.792526803   55.045276824  -46.485409275  -10.384189526
    0.589048623   -2.792526803   45.456783897  -48.971916198  -13.628114857
    0.785398163   -2.792526803   36.751936983  -37.455717856  -15.167659833
    0.981747704   -2.792526803   31.539472340  -14.198388593  -14.980665035
    1.178097245   -2.792526803   31.511182746   13.932193201  -13.296422729
    1.374446786   -2.792526803   36.741625282   37.874961512  -10.574263838
    1.570796327   -2.792526803   45.612649228   50.063170677   -7.329368445
    1.767145868   -2.792526803   55.403917820   47.117290816   -3.919838510
    1.963495408   -2.792526803   63.221666312   30.583671750   -0.414551524
    2.159844949   -2.792526803   66.858142184    5.583796815    3.335396909
    2.356194490   -2.792526803   65.296531059  -21.243537988    7.508610946
    2.552544031   -2.792526803   58.814407626  -43.588864373   12.113135809
    2.748893572   -2.792526803   48.784819309  -56.785183068   16.896061027
    2.945243113   -2.792526803   37.272680599  -58.579365165   21.388563869

   -3.141592654   -2.443460953   34.683433361  -44.751958722   22.047999973
   -2.945243113   -2.443460953   27.253449530  -30.219965452   24.023485969
   -2.748893572   -2.443460953   23.012163458  -13.061630576   24.927859171
   -2.552544031   -2.443460953   21.996363077    1.970367251   25.016422251
   -2.356194490   -2.443460953   23.446014252   11.760900013   24.749210362
   -2.159844949   -2.443460953   26.244657954   15.893596950   24.613515036
   -1.963495408   -2.443460953   29.447927777   16.357457317   24.895433783
   -1.767145868   -2.443460953   32.630868754   16.194922358   25.505547535
   -1.570796327   -2.443460953   35.926822803   17.777328929   25.967752267
   -1.374446786   -2.443460953   39.773557250   21.744387456   25.599955647
   -1.178097245   -2.443460953   44.545154512   26.837948372   23.800646530
   -0.981747704   -2.443460953   50.239949038   30.705463125   20.301829508
   -0.785398163   -2.443460953   56.367730444   30.834658138   15.266047961
   -0.589048623   -2.443460953   62.007472120   25.531423243    9.218883342
   -0.392699082   -2.443460953   66.020256322   14.276788802    2.857131465
   -0.196349541   -2.443460953   67.294622207   -2.063427902   -3.141462159
    0.000000000   -2.443460953   65.037775499  -21.154927734   -8.277858528
    0.196349541   -2.443460953   59.076951091  -38.989739693  -12.272485778
    0.392699082   -2.443460953   50.163209027  -50.325638005  -15.028776487
    0.589048623   -2.443460953   40.081629726  -50.182676922  -16.539403179
    0.785398163   -2.443460953   31.377409757  -36.280530257  -16.824048883
    0.981747704   -2.443460953   26.599164592  -11.017641031  -15.929246985
    1.178097245   -2.443460953   27.346467489   18.552238138  -13.992032579
    1.374446786   -2.443460953   33.570153439   43.273910745  -11.269469648
    1.570796327   -2.443460953   43.531017374   55.700963527   -8.072182351
    1.767145868   -2.443460953   54.434214454   52.811057349   -4.645599461
    1.963495408   -2.443460953   63.387758452   36.507726321   -1.069740317
    2.159844949   -2.443460953   68.237298847   12.059917814    2.705535746
    2.356194490   -2.443460953   68.016834609  -14.070711252    6.745659209
    2.552544031   -2.443460953   62.996049827  -35.959600111   10.992060832
    2.748893572   -2.443460953   54.461179623  -49.324553817   15.208614444
    2.945243113   -2.443460953   44.331702215  -52.100389552   19.022936035

   -3.141592654   -2.094395102   40.783772411  -40.705439869   12.884029499
   -2.945243113   -2.094395102   34.010922453  -27.597389550   14.071445553
   -2.748893572   -2.094395102   30.147158933  -11.804225592   14.741609184
   -2.552544031   -2.094395102   29.270491147    2.208516422   15.024594981
   -2.356194490   -2.094395102   30.708321048   11.487095070   15.069878081
   -2.159844949   -2.094395102   33.438189338   15.508627723   14.976260144
   -1.963495408   -2.094395102   36.559633996   15.867627622   14.718599369
   -1.767145868   -2.094395102   39.597537918   15.083111747   14.118251960
   -1.570796327   -2.094395102   42.543527554   15.170354807   12.892272274
   -1.374446786   -2.094395102   45.662068816   16.833693631   10.775211761
   -1.178097245   -2.094395102   49.213201738   19.337166205    7.652897167
   -0.981747704   -2.094395102   53.212931533   21.089031736    3.644737873
   -0.785398163   -2.094395102   57.333603123   20.241850783   -0.909234426
   -0.589048623   -2.094395102   60.912843585   15.374372502   -5.531226623
   -0.392699082   -2.094395102   63.078069742    5.796802531   -9.737690494
   -0.196349541   -2.094395102   62.915193748   -8.152270033  -13.147057231
    0.000000000   -2.094395102   59.710142558  -24.752179239  -15.583505330
    0.196349541   -2.094395102   53.258040282  -40.484651878  -17.085393777
    0.392699082   -2.094395102   44.209112411  -50.298211355  -17.843033511
    0.589048623   -2.094395102   34.241667619  -49.101517863  -18.056148553
    0.785398163   -2.094395102   25.834361704  -34.342409569  -17.805806724
    0.981747704   -2.094395102   21.519830686   -8.217945258  -17.017110600
    1.178097245   -2.094395102   22.902641410   22.222830798  -15.555116404
    1.374446786   -2.094395102   29.923655291   47.695564856  -13.363414838
    1.570796327   -2.094395102   40.808019442   60.640830099  -10.538298083
    1.767145868   -2.094395102   52.716062419   58.080248315   -7.295875954
    1.963495408   -2.094395102   62.731157223   42.045913215   -3.863768770
    2.159844949   -2.094395102   68.698207978   17.906440556   -0.421797053
    2.356194490   -2.094395102   69.656928405   -7.928687956    2.910370415
    2.552544031   -2.094395102   65.858602556  -29.704680753    6.024540200
    2.748893572   -2.094395102   58.533603671  -43.337790859    8.802602029
    2.945243113   -2.094395102   49.514253473  -46.866126622   11.119681162

   -3.141592654   -1.745329252   43.347276543  -38.246921516    4.676614576
   -2.945243113   -1.745329252   37.002778203  -25.727353517    5.210073670
   -2.748893572   -1.745329252   33.435768633  -10.677761450    5.585539248
   -2.552544031   -1.745329252   32.697246502    2.474089132    5.754239777
   -2.356194490   -1.745329252   34.098259934   10.838678155    5.576713205
   -2.159844949   -1.745329252   36.606860953   13.888501837    4.866803663
   -1.963495408   -1.745329252   39.304431025   13.140513748    3.448831455
   -1.767145868   -1.745329252   41.680966454   11.038253299    1.223160612
   -1.570796327   -1.745329252   43.689320784    9.653792094   -1.777967462
   -1.374446786   -1.745329252   45.584602448    9.935457165   -5.362405204
   -1.178097245   -1.745329252   47.680039742   11.521283473   -9.197488371
   -0.981747704   -1.745329252   50.118974416   13.166164372  -12.874243043
   -0.785398163   -1.745329252   52.753498015   13.195959840  -15.996106894
   -0.589048623   -1.745329252   55.109890839   10.090049288  -18.256049593
   -0.392699082   -1.745329252   56.458552229    2.825185851  -19.500942399
   -0.196349541   -1.745329252   55.945977575   -8.781485344  -19.753728902
    0.000000000   -1.745329252   52.810501799  -23.535865921  -19.239896073
    0.196349541   -1.745329252   46.708370911  -38.295749247  -18.334379894
    0.392699082   -1.745329252   38.107861116  -48.049597767  -17.451029227
    0.589048623   -1.745329252   28.537170447  -47.356150133  -16.865686261
    0.785398163   -1.745329252   20.420324561  -33.073502116  -16.573828264
    0.981747704   -1.745329252   16.348287623   -6.905848287  -16.278523589
    1.178097245   -1.745329252   18.047288960   24.227150483  -15.553476912
    1.374446786   -1.745329252   25.565172476   50.777407568  -14.078442771
    1.570796327   -1.745329252   37.159678212   64.737811004  -11.804814046
    1.767145868   -1.745329252   49.941614712   62.797344443   -8.959937768
    1.963495408   -1.745329252   60.903665874   46.887045652   -5.911599971
    2.159844949   -1.745329252   67.802009998   22.499003324   -3.020656939
    2.356194490   -1.745329252   69.622249321   -3.769670182   -0.531638235
    2.552544031   -1.745329252   66.596076555  -25.998633329    1.441679986
    2.748893572   -1.745329252   59.958177200  -40.040435970    2.905707613
    2.945243113   -1.745329252   51.548503290  -43.956629219    3.943527418

   -3.141592654   -1.396263402   41.820625866  -38.651591249    2.735131532
   -2.945243113   -1.396263402   35.429214732  -25.789179433    2.610896218
   -2.748893572   -1.396263402   31.880908980  -10.472487729    2.389050867
   -2.552544031   -1.396263402   31.176239403    2.512942519    1.963270226
   -2.356194490   -1.396263402   32.516490894   10.059552411    1.091294834
   -2.159844949   -1.396263402   34.736427733   11.627363062   -0.516909144
   -1.963495408   -1.396263402   36.806425985    8.971086131   -3.069131524
   -1.767145868   -1.396263402   38.174344441    4.983277336   -6.557925966
   -1.570796327   -1.396263402   38.851820273    2.294068948  -10.697074399
   -1.374446786   -1.396263402   39.257686999    2.329769479  -14.966990829
   -1.178097245   -1.396263402   39.940312164    4.950353014  -18.755482842
   -0.981747704   -1.396263402   41.287399475    8.778712614  -21.530636165
   -0.785398163   -1.396263402   43.337035645   11.695652414  -22.970632203
   -0.589048623   -1.396263402   45.695094051   11.565704451  -23.004135795
   -0.392699082   -1.396263402   47.588109288    6.766979737  -21.797969785
   -0.196349541   -1.396263402   48.012906653   -3.375100187  -19.697780085
    0.000000000   -1.396263402   45.979771868  -17.937510360  -17.187242286
    0.196349541   -1.396263402   40.889931733  -33.777421858  -14.788903128
    0.392699082   -1.396263402   32.991327123  -45.518815735  -12.935020878
    0.589048623   -1.396263402   23.699234553  -47.012583676  -11.817610225
    0.785398163   -1.396263402   15.482136499  -34.270164331  -11.307890520
    0.981747704   -1.396263402   11.124997835   -8.384879628  -11.009249459
    1.178097245   -1.396263402   12.617387113   23.789545485  -10.451539144
    1.374446786   -1.396263402   20.225373827   52.193566625   -9.308709330
    1.570796327   -1.396263402   32.287627733   68.007200856   -7.530620403
    1.767145868   -1.396263402   45.840246569   67.210702869   -5.324956985
    1.963495408   -1.396263402   57.697200512   51.403895241   -3.023233397
    2.159844949   -1.396263402   65.414717117   26.196100384   -0.944180405
    2.356194490   -1.396263402   67.834264253   -1.414622294    0.704412776
    2.552544031   -1.396263402   65.132994578  -25.012187174    1.836458388
    2.748893572   -1.396263402   58.581680754  -40.060166450    2.478083064
    2.945243113   -1.396263402   50.114318100  -44.425515768    2.730574733

   -3.141592654   -1.047197551   39.130674725  -41.411403409    4.585148093
   -2.945243113   -1.047197551   32.250309931  -27.954278963    3.510800140
   -2.748893572   -1.047197551   28.350856233  -11.904114231    2.184130143
   -2.552544031   -1.047197551   27.410954372    1.441109112    0.598410797
   -2.356194490   -1.047197551   28.514603272    8.570313128   -1.396531777
   -2.159844949   -1.047197551   30.329583932    8.866847113   -4.035703384
   -1.963495408   -1.047197551   31.688857738    4.467476143   -7.488513698
   -1.767145868   -1.047197551   32.015178371   -1.012559987  -11.674572256
   -1.570796327   -1.047197551   31.446557407   -4.184390676  -16.168937666
   -1.374446786   -1.047197551   30.649886024   -3.191570711  -20.275420483
   -1.178097245   -1.047197551   30.455826138    1.731437245  -23.249960099
   -0.981747704   -1.047197551   31.467399355    8.649850905  -24.559776821
   -0.785398163   -1.047197551   33.803906465   14.690010025  -24.048350410
   -0.589048623   -1.047197551   37.008615314   17.034907077  -21.942777114
   -0.392699082   -1.047197551   40.131414400   13.615997046  -18.755952857
   -0.196349541   -1.047197551   41.930461475    3.547832588  -15.121274698
    0.000000000   -1.047197551   41.160247220  -12.189889048  -11.646367083
    0.196349541   -1.047197551   37.004105128  -30.126334922   -8.763795429
    0.392699082   -1.047197551   29.584481583  -44.284168969   -6.643768201
    0.589048623   -1.047197551   20.326879532  -47.767866202   -5.192069498
    0.785398163   -1.047197551   11.849651701  -35.959696963   -4.146024287
    0.981747704   -1.047197551    7.176315248   -9.718940348   -3.217327571
    1.178097245   -1.047197551    8.530410453   23.829724566   -2.212718791
    1.374446786   -1.047197551   16.318346519   53.976497962   -1.065581309
    1.570796327   -1.047197551   28.878547298   71.177104882    0.193939141
    1.767145868   -1.047197551   43.122976237   70.918324835    1.494725350
    1.963495408   -1.047197551   55.680732111   54.674252115    2.758745400
    2.159844949   -1.047197551   63.932459876   28.267374981    3.901836542
    2.356194490   -1.047197551   66.606532992   -0.923704078    4.829735308
    2.552544031   -1.047197551   63.845601512  -26.072879562    5.431688856
    2.748893572   -1.047197551   56.961082562  -42.306527753    5.609880405
    2.945243113   -1.047197551   47.983741431  -47.260359919    5.316645244

   -3.141592654   -0.698131701   39.261499732  -44.680401818    4.194201967
   -2.945243113   -0.698131701   31.705313162  -31.512165163    1.812408213
   -2.748893572   -0.698131701   27.098722445  -15.532062692   -0.816937073
   -2.552544031   -0.698131701   25.435099186   -2.347190644   -3.532989246
   -2.356194490   -0.698131701   25.748828773    4.233371988   -6.360169307
   -2.159844949   -0.698131701   26.621101712    3.547783041   -9.475760959
   -1.963495408   -0.698131701   26.829352948   -1.896131347  -13.020168653
   -1.767145868   -0.698131701   25.847561282   -7.809410941  -16.852530972
   -1.570796327   -0.698131701   24.000078176  -10.171049999  -20.442779132
   -1.374446786   -0.698131701   22.226326566   -6.930751247  -23.010913464
   -1.178097245   -0.698131701   21.608865329    1.271247374  -23.861312303
   -0.981747704   -0.698131701   22.875448544   11.662598971  -22.707085723
   -0.785398163   -0.698131701   26.093904111   20.485068705  -19.799077902
   -0.589048623   -0.698131701   30.606285477   24.312079193  -15.800257369
   -0.392699082   -0.698131701   35.181850196   20.896700905  -11.524481859
   -0.196349541   -0.698131701   38.304354927    9.570352377   -7.653516615
    0.000000000   -0.698131701   38.528902744   -8.147601460   -4.554770218
    0.196349541   -0.698131701   34.964814450  -28.082171191   -2.214318389
    0.392699082   -0.698131701   27.797837386  -43.610748839   -0.326637762
    0.589048623   -0.698131701   18.617010675  -47.498675373    1.485962432
    0.785398163   -0.698131701   10.227501368  -35.229842049    3.427810133
    0.981747704   -0.698131701    5.782880155   -8.106452357    5.408306187
    1.178097245   -0.698131701    7.537762450   26.241573988    7.123370056
    1.374446786   -0.698131701   15.846694377   56.785788582    8.286420840
    1.570796327   -0.698131701   28.960164871   73.930778875    8.816294905
    1.767145868   -0.698131701   43.711696835   73.284197906    8.869764847
    1.963495408   -0.698131701   56.679786584   56.460617218    8.711323224
    2.159844949   -0.698131701   65.215383547   29.354614172    8.539828087
    2.356194490   -0.698131701   68.024214107   -0.659433836    8.379000978
    2.552544031   -0.698131701   65.223299913  -26.760145140    8.072100701
    2.748893572   -0.698131701   58.103921125  -44.010024899    7.376392546
    2.945243113   -0.698131701   48.698635014  -49.884799544    6.096295502

   -3.141592654   -0.349065850   40.366328241  -49.673982094    3.107060376
   -2.945243113   -0.349065850   31.753436534  -37.167432709   -0.167035708
   -2.748893572   -0.349065850   26.021547175  -21.244624744   -3.561809868
   -2.552544031   -0.349065850   23.260635872   -7.790199007   -6.806415352
   -2.356194490   -0.349065850   22.526818226   -1.036954623   -9.842992268
   -2.159844949   -0.349065850   22.355586407   -1.852726592  -12.805422481
   -1.963495408   -0.349065850   21.483911505   -7.449026923  -15.804354273
   -1.767145868   -0.349065850   19.443177102  -12.872913237  -18.658645295
   -1.570796327   -0.349065850   16.748585994  -13.498754240  -20.803218692
   -1.374446786   -0.349065850   14.600363816   -7.236585103  -21.492568267
   -1.178097245   -0.349065850   14.277258001    4.592699829  -20.208969297
   -0.981747704   -0.349065850   16.520383474   18.114295345  -16.999026883
   -0.785398163   -0.349065850   21.199126840   28.615817511  -12.520096192
   -0.589048623   -0.349065850   27.322691101   32.292827470   -7.763528332
   -0.392699082   -0.349065850   33.320968975   27.208002716   -3.641426614
   -0.196349541   -0.349065850   37.452577207   13.494288664   -0.637246999
    0.000000000   -0.349065850   38.227383430   -6.350764591    1.336283958
    0.196349541   -0.349065850   34.889225693  -27.360566316    2.839676245
    0.392699082   -0.349065850   27.868780435  -42.630918718    4.597723068
    0.589048623   -0.349065850   18.991338694  -45.295053964    7.088830029
    0.785398163   -0.349065850   11.173061200  -31.684369332   10.243209349
    0.981747704   -0.349065850    7.503077110   -3.947331098   13.444246148
    1.178097245   -0.349065850   10.046031842   29.924719534   15.864843666
    1.374446786   -0.349065850   18.959990503   59.174433650   16.932530137
    1.570796327   -0.349065850   32.396012030   74.857780267   16.607217712
    1.767145868   -0.349065850   47.216289878   73.156093325   15.329104537
    1.963495408   -0.349065850   60.105217438   55.874454788   13.707266455
    2.159844949   -0.349065850   68.514501653   28.685148770   12.194396831
    2.356194490   -0.349065850   71.182490728   -1.467824908   10.907835943
    2.552544031   -0.349065850   68.176124454  -28.129686298    9.652367238
    2.748893572   -0.349065850   60.689689937  -46.455419131    8.084727312
    2.945243113   -0.349065850   50.672975140  -53.682850294    5.923183012

   -3.141592654    0.000000000   41.124312296  -55.657966383    1.139559526
   -2.945243113    0.000000000   31.279535485  -43.590314606   -2.163148369
   -2.748893572    0.000000000   24.301766181  -27.399416054   -5.364275839
   -2.552544031    0.000000000   20.396146729  -13.258717692   -8.206956290
   -2.356194490    0.000000000   18.656463705   -5.843807492  -10.653593862
   -2.159844949    0.000000000   17.587200316   -6.219796636  -12.844710761
   -1.963495408    0.000000000   15.901486506  -11.314408585  -14.874987203
   -1.767145868    0.000000000   13.200595231  -15.566427887  -16.548161137
   -1.570796327    0.000000000   10.182291906  -13.903897797  -17.335831728
   -1.374446786    0.000000000    8.260125144   -4.429289602  -16.628641391
   -1.178097245    0.000000000    8.816322147   10.652533059  -14.142976851
   -0.981747704    0.000000000   12.486113062   26.318215615  -10.189798020
   -0.785398163    0.000000000   18.835079667   37.087678251   -5.612167445
   -0.589048623    0.000000000   26.491885254   39.173426329   -1.414173565
   -0.392699082    0.000000000   33.587972502   31.419404938    1.691305985
   -0.196349541    0.000000000   38.284532276   15.154489492    3.578161867
    0.000000000    0.000000000   39.229127410   -6.010228054    4.736560027
    0.196349541    0.000000000   35.975165512  -26.541220944    6.021908363
    0.392699082    0.000000000   29.293380255  -39.823440564    8.228432286
    0.589048623    0.000000000   21.208849236  -40.079922948   11.646077361
    0.785398163    0.000000000   14.582539592  -25.032993066   15.838825884
    0.981747704    0.000000000   12.209093639    2.254477801   19.795380629
    1.178097245    0.000000000   15.773000464   33.877510646   22.420273182
    1.374446786    0.000000000   25.165114458   60.064038624   23.070303593
    1.570796327    0.000000000   38.501013156   73.113980752   21.814504033
    1.767145868    0.000000000   52.816625189   69.989395161   19.299407558
    1.963495408    0.000000000   65.048014590   52.517289597   16.347599549
    2.159844949    0.000000000   72.838864077   25.790592015   13.578345270
    2.356194490    0.000000000   74.982050655   -3.985629650   11.204463575
    2.552544031    0.000000000   71.470800738  -30.874675270    9.068302031
    2.748893572    0.000000000   63.365704382  -50.111625744    6.830616209
    2.945243113    0.000000000   52.509251814  -58.599639734    4.206223564

   -3.141592654    0.349065850   42.681008713  -60.022215266    0.659671238
   -2.945243113    0.349065850   31.941349265  -48.254447222   -1.518258562
   -2.748893572    0.349065850   24.052471236  -31.936422609   -3.489326788
   -2.552544031    0.349065850   19.294345435  -17.369814410   -5.166302699
   -2.356194490    0.349065850   16.794039532   -9.480406151   -6.595022543
   -2.159844949    0.349065850   15.053946315   -9.404267941   -7.891478885
   -1.963495408    0.349065850   12.802843508  -13.812450463   -9.073359139
   -1.767145868    0.349065850    9.728789742  -16.730388396   -9.920358923
   -1.570796327    0.349065850    6.680691604  -12.918253054  -10.012635007
   -1.374446786    0.349065850    5.203770888   -0.872658633   -8.970886128
   -1.178097245    0.349065850    6.682000131   16.331492999   -6.748078873
   -0.981747704    0.349065850   11.571665394   32.793162303   -3.750554921
   -0.785398163    0.349065850   19.133107715   42.699617675   -0.682540199
   -0.589048623    0.349065850   27.700479635   42.708095013    1.804737841
   -0.392699082    0.349065850   35.261210060   32.679423930    3.451585186
   -0.196349541    0.349065850   40.051628090   15.087137947    4.522251998
    0.000000000    0.349065850   40.989940692   -5.693996307    5.700810304
    0.196349541    0.349065850   37.983041246  -24.090994409    7.768453588
    0.392699082    0.349065850   32.079993069  -34.291657714   11.204222688
    0.589048623    0.349065850   25.361051553  -31.905780929   15.858232176
    0.785398163    0.349065850   20.459955238  -16.028147561   20.892455981
    0.981747704    0.349065850   19.736922985    9.651472253   25.065547983
    1.178097245    0.349065850   24.425937081   37.700440039   27.270702090
    1.374446786    0.349065850   34.150802709   59.651221245   27.018400648
    1.570796327    0.349065850   47.041658961   69.225040886   24.598757737
    1.767145868    0.349065850   60.381463049   64.238416111   20.856309118
    1.963495408    0.349065850   71.439482919   46.560266534   16.753068956
    2.159844949    0.349065850   78.133276076   20.681519379   13.001755132
    2.356194490    0.349065850   79.382822360   -8.001518945    9.889911432
    2.552544031    0.349065850   75.160539278  -34.203640305    7.339123498
    2.748893572    0.349065850   66.415366161  -53.414637190    5.086676502
    2.945243113    0.349065850   54.868727632  -62.382454566    2.889205815

   -3.141592654    0.698131701   44.493088989  -61.795694151    0.518584687
   -2.945243113    0.698131701   33.379996220  -50.271388879    0.156130554
   -2.748893572    0.698131701   25.071171333  -34.175068907   -0.005909217
   -2.552544031    0.698131701   19.858101399  -19.741026562   -0.143742386
   -2.356194490    0.698131701   16.887068282  -11.874157024   -0.417527511
   -2.159844949    0.698131701   14.688880714  -11.629963535   -0.906169155
   -1.963495408    0.698131701   12.043657290  -15.530057990   -1.546145025
   -1.767145868    0.698131701    8.718822910  -17.490436839   -2.129771958
   -1.570796327    0.698131701    5.646359819  -12.370811961   -2.396201960
   -1.374446786    0.698131701    4.407400445    0.956493086   -2.178882153
   -1.178097245    0.698131701    6.331249686   18.914983299   -1.508568765
   -0.981747704    0.698131701   11.733296822   35.279804049   -0.588678870
   -0.785398163    0.698131701   19.709234928   44.344159064    0.353671656
   -0.589048623    0.698131701   28.494536372   43.314591977    1.245032867
   -0.392699082    0.698131701   36.111461353   32.795300046    2.269791083
   -0.196349541    0.698131701   40.968404628   15.873632956    3.822746917
    0.000000000    0.698131701   42.236746305   -2.915230534    6.362796608
    0.196349541    0.698131701   40.049810666  -18.438412339   10.176818440
    0.392699082    0.698131701   35.539905694  -25.876040103   15.157239421
    0.589048623    0.698131701   30.646191737  -22.043834923   20.676670946
    0.785398163    0.698131701   27.647037312   -6.923706505   25.682766631
    0.981747704    0.698131701   28.447806587   15.734462428   29.026356221
    1.178097245    0.698131701   33.909702152   39.363464037   29.911410693
    1.374446786    0.698131701   43.514747616   56.887399872   28.212718031
    1.570796327    0.698131701   55.522141911   63.277717816   24.487102347
    1.767145868    0.698131701   67.531135623   56.943866198   19.687336769
    1.963495408    0.698131701   77.166926888   39.606535176   14.763762957
    2.159844949    0.698131701   82.619603733   15.096585375   10.392760915
    2.356194490    0.698131701   82.934688854  -11.948684119    6.884789574
    2.552544031    0.698131701   78.075720120  -36.825828718    4.271486519
    2.748893572    0.698131701   68.899694081  -55.282891041    2.438423497
    2.945243113    0.698131701   57.014651062  -64.034169279    1.234220627

   -3.141592654    1.047197551   43.266439661  -62.136406517   -4.455007276
   -2.945243113    1.047197551   32.172826867  -49.766233768   -3.400285048
   -2.748893572    1.047197551   24.016550573  -33.185682333   -2.031617148
   -2.552544031    1.047197551   19.010976773  -18.679682316   -0.735336248
   -2.356194490    1.047197551   16.224980673  -11.092328146    0.229677929
   -2.159844949    1.047197551   14.136739896  -11.300212894    0.784865379
   -1.963495408    1.047197551   11.513771343  -15.610749136    0.995787059
   -1.767145868    1.047197551    8.146802110  -17.806843710    0.976052866
   -1.570796327    1.047197551    5.002812138  -12.767669696    0.799686974
   -1.374446786    1.047197551    3.681624545    0.504556938    0.482852319
   -1.178097245    1.047197551    5.506249398   18.339066797    0.050898462
   -0.981747704    1.047197551   10.782702105   34.592627206   -0.365712165
   -0.785398163    1.047197551   18.633632064   43.830847823   -0.481426730
   -0.589048623    1.047197551   27.384606220   43.608176932    0.090773796
   -0.392699082    1.047197551   35.207066065   34.735683654    1.726513653
   -0.196349541    1.047197551   40.671984338   20.230132667    4.647484940
    0.000000000    1.047197551   43.064734677    4.183544683    8.839925011
    0.196349541    1.047197551   42.513576708   -9.016079706   13.992210019
    0.392699082    1.047197551   39.983411473  -15.416028000   19.483355459
    0.589048623    1.047197551   37.089319737  -12.490223186   24.437201639
    0.785398163    1.047197551   35.706634153   -0.322547167   27.903289933
    0.981747704    1.047197551   37.389465850   17.968600771   29.136125242
    1.178097245    1.047197551   42.830490915   36.980545046   27.869708816
    1.374446786    1.047197551   51.583281471   50.823051580   24.416508375
    1.570796327    1.047197551   62.170093822   55.167417918   19.522703628
    1.767145868    1.047197551   72.523335065   48.427256539   14.068791772
    1.963495408    1.047197551   80.546872377   31.838924457    8.781071507
    2.159844949    1.047197551   84.596132775    8.609786667    4.124008707
    2.356194490    1.047197551   83.773417468  -17.057980944    0.334012627
    2.552544031    1.047197551   78.040288625  -40.635987667   -2.460441715
    2.748893572    1.047197551   68.236912457  -57.870295909   -4.179343532
    2.945243113    1.047197551   55.959181267  -65.448499034   -4.806622348

   -3.141592654    1.396263402   38.231258158  -60.419968457  -10.097342289
   -2.945243113    1.396263402   27.670410515  -46.186231807   -8.711854030
   -2.748893572    1.396263402   20.320216303  -28.727290565   -6.850383577
   -2.552544031    1.396263402   16.193712383  -14.328862296   -4.900319554
   -2.356194490    1.396263402   14.191850492   -7.535833897   -3.114405271
   -2.159844949    1.396263402   12.696780660   -8.837417489   -1.583217956
   -1.963495408    1.396263402   10.444793192  -14.295722724   -0.312125177
   -1.767145868    1.396263402    7.223552421  -17.642607907    0.670651998
   -1.570796327    1.396263402    3.998037452  -13.764180504    1.273445838
   -1.374446786    1.396263402    2.376653868   -1.515658194    1.416483518
   -1.178097245    1.396263402    3.743208401   15.808289503    1.173609265
   -0.981747704    1.396263402    8.550162802   32.527102814    0.859598245
   -0.785398163    1.396263402   16.141902804   43.451830793    0.983616650
   -0.589048623    1.396263402   25.074452612   45.974823628    2.062947298
   -0.392699082    1.396263402   33.676598448   40.324292157    4.423910325
   -0.196349541    1.396263402   40.537267892   28.743583243    8.057789170
    0.000000000    1.396263402   44.807380816   14.564191354   12.613351874
    0.196349541    1.396263402   46.348420246    1.613477539   17.449625058
    0.392699082    1.396263402   45.777253099   -6.404743368   21.755184294
    0.589048623    1.396263402   44.351201143   -6.788555462   24.706384947
    0.785398163    1.396263402   43.669795254    1.024798860   25.674350252
    0.981747704    1.396263402   45.176254559   14.907368116   24.420214583
    1.178097245    1.396263402   49.653229035   30.440757404   21.187695097
    1.374446786    1.396263402   56.901380723   42.292711177   16.610496279
    1.570796327    1.396263402   65.738638605   46.076781848   11.460732422
    1.767145868    1.396263402   74.331444621   39.675879403    6.384051649
    1.963495408    1.396263402   80.700252028   23.751447579    1.748255446
    2.159844949    1.396263402   83.229996609    1.223534389   -2.304723488
    2.356194490    1.396263402   81.035889743  -23.586536453   -5.713932418
    2.552544031    1.396263402   74.140634510  -45.839589349   -8.356459664
    2.748893572    1.396263402   63.498775307  -61.093191494  -10.043802901
    2.945243113    1.396263402   50.825285190  -66.197807096  -10.619831950

   -3.141592654    1.745329252   31.936630079  -58.950836873  -16.072427199
   -2.945243113    1.745329252   21.850693169  -42.926206466  -14.770229183
   -2.748893572    1.745329252   15.253968150  -24.454086932  -12.762226970
   -2.552544031    1.745329252   12.000106374   -9.835609735  -10.362000550
   -2.356194490    1.745329252   10.851765679   -3.413707254   -7.778866417
   -2.159844949    1.745329252   10.099066156   -5.445096275   -5.103329138
   -1.963495408    1.745329252    8.421681156  -11.874311720   -2.400277448
   -1.767145868    1.745329252    5.563663651  -16.397945605    0.178544885
   -1.570796327    1.745329252    2.458600277  -13.780269265    2.379896496
   -1.374446786    1.745329252    0.729089711   -2.520507657    3.973387869
   -1.178097245    1.745329252    1.862619435   14.604012327    4.937252898
   -0.981747704    1.745329252    6.511032217   32.325215043    5.551439879
   -0.785398163    1.745329252   14.261988806   45.436353585    6.314339267
   -0.589048623    1.745329252   23.860950900   50.822522458    7.703599894
   -0.392699082    1.745329252   33.690061790   47.864436613    9.946236658
   -0.196349541    1.745329252   42.217960223   37.956507959   12.885696032
    0.000000000    1.745329252   48.330831151   23.820741022   16.026767436
    0.196349541    1.745329252   51.543974389    9.092096992   18.663559204
    0.392699082    1.745329252   52.135512872   -2.253058308   20.083001945
    0.589048623    1.745329252   51.121352129   -6.803746560   19.777363521
    0.785398163    1.745329252   50.030824455   -3.013758870   17.624717657
    0.981747704    1.745329252   50.430936116    7.918495775   13.950108719
    1.178097245    1.745329252   53.374295203   22.078776673    9.417499038
    1.374446786    1.745329252   58.968910440   34.002849263    4.773314988
    1.570796327    1.745329252   66.259189169   38.674983219    0.561868120
    1.767145868    1.745329252   73.496139118   33.222001504   -3.023711580
    1.963495408    1.745329252   78.660600718   17.863152768   -6.104381056
    2.159844949    1.745329252   80.058661812   -4.443914003   -8.906184435
    2.356194490    1.745329252   76.774549576  -28.959328828  -11.540543120
    2.552544031    1.745329252   68.894323978  -50.374729695  -13.876419219
    2.748893572    1.745329252   57.505599300  -64.033544843  -15.599878972
    2.945243113    1.745329252   44.460249712  -66.973263081  -16.382737883

   -3.141592654    2.094395102   25.313591854  -58.207433435  -18.856529604
   -2.945243113    2.094395102   15.528499834  -40.665569293  -17.894231117
   -2.748893572    2.094395102    9.491903522  -21.092008604  -16.041385804
   -2.552544031    2.094395102    6.972328479   -5.781411526  -13.470389486
   -2.356194490    2.094395102    6.665690971    1.069476746  -10.332844785
   -2.159844949    2.094395102    6.822488707   -0.695441851   -6.743309781
   -1.963495408    2.094395102    6.086448956   -7.090864877   -2.841952078
   -1.767145868    2.094395102    4.140360156  -11.972243702    1.126446371
   -1.570796327    2.094395102    1.833565608  -10.138673322    4.814717574
   -1.374446786    2.094395102    0.725505310    0.173246051    7.889643133
   -1.178097245    2.094395102    2.317957168   16.673006752   10.197246298
   -0.981747704    2.094395102    7.371051754   34.514313017   11.842720814
   -0.785398163    2.094395102   15.630150136   48.522384635   13.118548846
   -0.589048623    2.094395102   25.958075934   55.164040258   14.304627701
   -0.392699082    2.094395102   36.741379022   53.116822160   15.487217629
   -0.196349541    2.094395102   46.312973195   43.128050917   16.468563258
    0.000000000    2.094395102   53.323238545   27.556087160   16.831591732
    0.196349541    2.094395102   57.021798893   10.116899661   16.080435106
    0.392699082    2.094395102   57.481252148   -4.685972095   13.853685572
    0.589048623    2.094395102   55.650164793  -12.593350260   10.124182611
    0.785398163    2.094395102   53.168199720  -11.162033298    5.304379109
    0.981747704    2.094395102   51.863809217   -1.006659798    0.163329295
    1.178097245    2.094395102   53.111274311   13.962841596   -4.441712701
    1.374446786    2.094395102   57.281102384   27.699203606   -7.905451037
    1.570796327    2.094395102   63.530325298   34.325370425  -10.100161614
    1.767145868    2.094395102   70.059309369   30.218796062  -11.359849288
    1.963495408    2.094395102   74.691679723   15.304201949  -12.259299386
    2.159844949    2.094395102   75.569952945   -7.250293444  -13.309774066
    2.356194490    2.094395102   71.693277626  -32.151328789  -14.733566203
    2.552544031    2.094395102   63.179556414  -53.521433030  -16.394317047
    2.748893572    2.094395102   51.236281720  -66.399544954  -17.907622080
    2.945243113    2.094395102   37.857442618  -67.914949986  -18.831300547

   -3.141592654    2.443460953   18.985065377  -58.085711289  -12.771484565
   -2.945243113    2.443460953    9.365555762  -39.114599620  -11.552222804
   -2.748893572    2.443460953    3.768855584  -18.197302116   -9.690979351
   -2.552544031    2.443460953    1.938739764   -1.680685770   -7.261305554
   -2.356194490    2.443460953    2.547926745    6.278281185   -4.295119327
   -2.159844949    2.443460953    3.829020407    5.519750994   -0.782653471
   -1.963495408    2.443460953    4.394230584   -0.113835065    3.242020317
   -1.767145868    2.443460953    3.856667987   -4.701278979    7.585211902
   -1.570796327    2.443460953    2.956436907   -3.190086546   11.859982478
   -1.374446786    2.443460953    3.135275637    6.259569692   15.587752481
   -1.178097245    2.443460953    5.814610182   21.637847041   18.386772314
   -0.981747704    2.443460953   11.735469125   38.410904599   20.107329279
   -0.785398163    2.443460953   20.669798223   51.521164893   20.823142059
   -0.589048623    2.443460953   31.503275889   57.289935112   20.686055326
   -0.392699082    2.443460953   42.596975692   54.064342926   19.774524756
   -0.196349541    2.443460953   52.190884150   42.288719194   18.012280887
    0.000000000    2.443460953   58.802180440   24.220953880   15.223999056
    0.196349541    2.443460953   61.560915273    3.845877857   11.261584697
    0.392699082    2.443460953   60.510444922  -13.694252642    6.177300169
    0.589048623    2.443460953   56.719614253  -23.303752343    0.359934400
    0.785398163    2.443460953   52.103953996  -21.863584068   -5.462422243
    0.981747704    2.443460953   48.851628484   -9.861005514  -10.410406843
    1.178097245    2.443460953   48.652779443    8.223211083  -13.772050477
    1.374446786    2.443460953   52.028437293   25.293772496  -15.295083811
    1.570796327    2.443460953   58.072465254   34.440173115  -15.270707191
    1.767145868    2.443460953   64.757274604   31.447307481  -14.367316899
    1.963495408    2.443460953   69.624001659   16.273516202  -13.323041412
    2.159844949    2.443460953   70.591525816   -7.385986895  -12.666320140
    2.356194490    2.443460953   66.563401438  -33.510998841  -12.574390294
    2.552544031    2.443460953   57.699111226  -55.609042115  -12.890489496
    2.748893572    2.443460953   45.339200409  -68.409747390  -13.262389101
    2.945243113    2.443460953   31.636816693  -69.092922625  -13.310435545

   -3.141592654    2.792526803   15.824509271  -57.270190761    1.281027275
   -2.945243113    2.792526803    6.439892479  -37.528842681    3.297906184
   -2.748893572    2.792526803    1.242034582  -15.711379838    5.156606633
   -2.552544031    2.792526803    0.000000000    1.843383313    6.878283200
   -2.356194490    2.792526803    1.416354817   10.994944649    8.695565108
   -2.159844949    2.792526803    3.748998751   11.511229078   10.969108202
   -1.963495408    2.792526803    5.606413503    7.002703459   13.981046024
   -1.767145868    2.792526803    6.539867540    3.054617726   17.705208690
   -1.570796327    2.792526803    7.163309128    4.430403007   21.716808976
   -1.374446786    2.792526803    8.755662572   12.906351871   25.316353588
   -1.178097245    2.792526803   12.588559296   26.655293932   27.805982584
   -0.981747704    2.792526803   19.302973528   41.437048512   28.739925506
   -0.785398163    2.792526803   28.622166260   52.392195710   28.011213480
   -0.589048623    2.792526803   39.404499696   55.868794214   25.759969380
   -0.392699082    2.792526803   49.977789228   50.140380007   22.218074153
   -0.196349541    2.792526803   58.538235152   35.661721239   17.593528747
    0.000000000    2.792526803   63.581248396   14.909896132   12.063444914
    0.196349541    2.792526803   64.283791708   -7.655300681    5.846199788
    0.392699082    2.792526803   60.847112560  -26.258027801   -0.688606511
    0.589048623    2.792526803   54.618499700  -35.259652159   -6.949096919
    0.785398163    2.792526803   47.864792423  -31.396807032  -12.183109347
    0.981747704    2.792526803   43.095650989  -15.612127783  -15.693508227
    1.178097245    2.792526803   42.178996393    6.640291760  -17.118809156
    1.374446786    2.792526803   45.601894395   27.167054797  -16.609603561
    1.570796327    2.792526803   52.236177715   38.309888481  -14.755679654
    1.767145868    2.792526803   59.743469469   35.718829576  -12.315948910
    1.963495408    2.792526803   65.385216967   19.759068305   -9.904356822
    2.159844949    2.792526803   66.910998130   -5.210059996   -7.819612417
    2.356194490    2.792526803   63.183914301  -32.561365503   -6.049152621
    2.552544031    2.792526803   54.420970282  -55.432709280   -4.401594016
    2.748893572    2.792526803   42.065891930  -68.445026519   -2.671673726
    2.945243113    2.792526803   28.376557200  -68.862998032   -0.760048535
